Tamanho    Peso
115  4439
117  4731
117  4307
107  4137
106  4244
114  4534
107  4037
108  4146
108  4027
117  4630
109  4101
124  4356
120  4870
117  4513
121  4899
118  4775
99  4134
112  4359
96  3782
118  4891
119  4730
99  4050
102  4202
119  4756
95  4057
117  4636
101  4031
104  4059
115  4639
112  4560
97  3703
99  3651
111  4368
98  3617
103  4133
117  4748
106  4285
102  4043
97  3930
107  4331
106  4343
103  4095
113  4464
108  4171
99  4115
105  3842
119  4642
105  4393
117  4649
116  4608

Time taken: 186
