44;8;1300 1518 2032 2506 2650 2795 3197 3420 3900 3907 4220 4479 4530 4804 5339 5419 5592 6008 6028 6104 6140 6153 6164 6826 7545 7581 7612 7657 8113 8180 8244 8337 8456 8558 8761 8858 8910 8968 9404 9546 9698 9969 10239 10264
45;8;1300 1518 2032 2506 2650 2795 3197 3420 3900 3907 4220 4479 4530 4804 4927 5339 5419 5592 6008 6028 6104 6140 6153 6164 6826 7545 7581 7612 7657 8113 8244 8337 8344 8456 8558 8761 8858 8910 8968 9404 9464 9546 9698 9969 10239
45;8;1300 1518 2032 2506 2650 2795 3197 3420 3900 3907 4220 4479 4530 4804 4927 5203 5339 5419 5592 6008 6028 6104 6140 6153 6164 6826 7545 7581 7612 7657 8113 8244 8337 8456 8558 8761 8858 8910 8968 9404 9464 9546 9698 9969 10239
45;8;1300 1518 2032 2506 2650 2795 3197 3420 3900 3907 4220 4479 4530 4804 4927 5339 5419 5592 6008 6028 6104 6140 6153 6164 6752 6826 7545 7581 7612 7657 8113 8244 8337 8456 8558 8761 8858 8910 8968 9404 9464 9546 9698 9969 10239
45;8;1300 1518 2032 2506 2650 2795 3197 3420 3900 3907 4220 4479 4530 4804 4927 5339 5419 5592 6008 6028 6104 6140 6153 6164 6826 7545 7581 7612 7657 8113 8244 8337 8456 8558 8761 8858 8910 8968 9404 9464 9546 9698 9969 10239 10264
45;8;1300 1518 2032 2506 2650 2795 3197 3420 3900 3907 4220 4479 4530 4804 4927 5339 5419 5592 6008 6028 6104 6140 6153 6164 6826 7545 7581 7612 7657 8113 8180 8244 8337 8456 8558 8761 8858 8910 8968 9404 9464 9546 9698 9969 10239
46;8;1300 1407 1518 2032 2506 2650 2795 3197 3420 3900 3907 3939 4220 4479 4530 4804 5339 5419 5592 6008 6028 6104 6140 6153 6164 6826 7545 7581 7612 7657 8113 8244 8337 8456 8558 8761 8858 8910 8968 9404 9412 9546 9698 9894 9969 10239
47;8;1300 1518 2032 2506 2650 2795 3197 3420 3900 3907 3939 4220 4479 4530 4804 5339 5419 5592 6008 6028 6104 6121 6140 6153 6164 6826 7545 7581 7612 7657 8113 8244 8337 8456 8558 8761 8858 8910 8968 9404 9412 9546 9698 9894 9969 10239 10264
47;8;1300 1518 2032 2506 2650 2795 3197 3420 3900 3907 3939 4220 4479 4530 4803 4804 5339 5419 5592 6008 6028 6104 6140 6153 6164 6826 7545 7581 7612 7657 8113 8180 8244 8337 8456 8558 8761 8858 8910 8968 9404 9412 9546 9698 9894 9969 10239
48;8;1134 1300 1518 2032 2506 2650 2795 3197 3420 3900 3907 3939 4220 4479 4530 4804 4927 5339 5419 5592 6008 6028 6104 6140 6153 6164 6826 7545 7581 7612 7657 8113 8244 8337 8456 8558 8761 8858 8910 8968 9404 9412 9464 9546 9698 9894 9969 10239
