***********CONSTRUÇÃO**************
ANTES | DEPOIS
1.77565   1.70915
1.77729   1.66308
1.78253   1.6596
1.7824   1.65571
1.77059   1.66355
1.77959   1.65667
1.78021   1.69249
1.78584   1.68979
1.78228   1.70601
1.78127   1.66139
1.78447   1.7017
1.77844   1.65246
1.78088   1.6622
1.77868   1.65672
1.78361   1.65841
1.77406   1.66776
1.77914   1.69436
1.78093   1.70246
1.78149   1.7025
1.77879   1.66279
1.78916   1.7016
1.77846   1.66658
1.77668   1.65421
1.78022   1.65769
1.77964   1.66147
1.77734   1.65653
1.78021   1.69939
1.77947   1.69669
1.77704   1.71209
1.77971   1.66377
1.77667   1.7084
1.78031   1.66239
1.77731   1.65627
1.78342   1.66152
1.77935   1.65535
1.78163   1.6588
1.78753   1.69287
1.78411   1.69346
1.78571   1.69712
1.77761   1.65926
1.77914   1.70563
1.77916   1.66924
1.78033   1.64832
1.78087   1.65832
1.77851   1.65818
1.77699   1.66722
1.78123   1.69463
1.78197   1.69384
1.78297   1.69843
1.77547   1.66321
***********BUSCA LOCAL**************
ANTES | DEPOIS
1.74508   2.37569
2.39543   1.77522
3.00817   4.79126
1.77448   3.00794
1.81187   2.38745
1.76965   1.75572
1.77048   4.15059
1.77045   1.76535
1.74924   1.69414
1.81728   1.76505
2.36305   1.79458
3.02096   1.79969
2.3536   1.81116
1.82293   2.34251
1.7791   1.8158
1.79032   2.34951
1.70341   1.82008
1.77483   3.03125
1.78064   1.79062
1.7821   1.83627
1.82712   2.95477
2.9745   1.76428
1.79188   1.82823
1.77089   1.75755
1.74396   3.01286
1.81296   3.64567
1.71343   1.78634
1.70614   3.04061
1.82299   1.70493
1.81181   1.78743
1.7145   1.79169
2.37374   1.76112
1.78923   1.81544
1.7333   3.03791
1.77454   2.36325
1.7849   1.78182
2.40366   1.7515
1.71499   1.71995
1.68127   1.79822
1.77626   1.79606
1.74517   1.76452
1.7585   2.38064
1.8323   1.78431
1.77515   1.78688
1.76819   1.71496
1.74174   1.82011
1.76922   2.9726
3.02894   1.79132
1.76819   1.75338
1.79192   1.78594
