***********CONSTRUÇÃO**************
ANTES | DEPOIS
0.408117   0.242131
0.406646   0.24024
0.407487   0.238055
0.408489   0.237209
0.407978   0.23898
0.408137   0.237501
0.406909   0.236407
0.407328   0.239146
0.409863   0.234275
0.40708   0.235834
0.406722   0.241967
0.407698   0.24044
0.408843   0.238253
0.408338   0.236106
0.407657   0.238834
0.406602   0.236613
0.408522   0.237139
0.405944   0.238404
0.409069   0.235567
0.407848   0.235056
0.409306   0.240527
0.409498   0.240166
0.40917   0.23788
0.409823   0.235577
0.409196   0.238966
0.406955   0.23671
0.406573   0.236145
0.40865   0.23908
0.406959   0.235916
0.407963   0.235814
0.408261   0.240891
0.407149   0.240696
0.407753   0.23765
0.407779   0.235711
0.407455   0.239607
0.407192   0.237264
0.40958   0.236627
0.406098   0.238252
0.4076   0.234989
0.40874   0.23614
0.409947   0.24075
0.40955   0.240913
0.407751   0.237898
0.407881   0.236682
0.407906   0.239116
0.407818   0.237493
0.409833   0.237272
0.409178   0.238868
0.406335   0.234829
0.408558   0.235689
***********BUSCA LOCAL**************
ANTES | DEPOIS
0.398863   0.304028
0.796223   0.610313
0.9947   0.200761
0.703585   0.204157
0.600462   0.492353
0.995921   0.402832
0.79818   0.39316
0.495076   0.400703
0.999048   0.204055
0.704474   0.300102
0.499434   0.300836
0.69268   0.401504
1.20112   0.200979
1.21032   0.302693
0.905623   0.20249
0.699688   0.407233
0.301253   0.29865
0.299086   0.301683
1.00386   0.398433
0.402989   0.202997
0.703738   0.494526
0.591679   0.303523
0.898883   0.203121
0.499795   0.205826
0.497839   0.503602
0.698237   0.300693
0.597788   0.30483
1.20032   0.298003
0.796443   0.401025
0.502425   0.20483
0.40328   0.198366
0.807275   0.40123
0.604074   0.298225
0.899843   0.1946
0.302323   0.503277
0.907762   0.40164
0.806706   0.302482
0.904713   0.304839
0.597109   0.401996
0.296337   0.398838
0.398005   0.204845
0.60371   0.199964
0.805427   0.905534
0.788252   0.191867
1.09608   0.3039
0.608758   0.301035
0.900564   0.194318
0.800272   0.401667
0.604843   0.510087
0.895585   0.308965
