Tamanho    Peso
1098  35405
1107  34911
1095  34767
1112  34900
1095  35042
1099  34791
1099  34855
1094  34938
1091  34970
1106  35017
1111  34868
1095  34706
1097  34681
1103  34718
1097  34707
1103  34830
1093  35218
1090  35502
1096  34737
1095  35235
1091  35013
1094  35177
1099  34882
1100  34931
1107  35160
1110  34862
1099  34941
1092  34644
1108  34854
1111  35396
1080  35352
1105  34924
1091  34937
1090  34702
1072  35490
1100  34926
1121  34871
1108  35026
1104  35010
1080  35399
1081  35392
1095  35179
1108  34959
1106  35142
1115  34749
1104  35006
1099  34820
1102  34836
1097  35051
1104  34848

Time taken: 57
