Tamanho    Peso
1080  34735
1096  34562
1096  34664
1107  34678
1095  34431
1102  34653
1106  34508
1098  34478
1101  34726
1088  34629
1089  34531
1095  34645
1099  34725
1104  34601
1102  34675
1089  34519
1099  34738
1102  34754
1099  34582
1095  34691
1104  34720
1093  34790
1100  34771
1102  34727
1106  34553
1085  34714
1092  34406
1097  34741
1102  34663
1102  34782
1104  34675
1098  34645
1091  34561
1110  34844
1096  34518
1090  34656
1101  34736
1097  34689
1091  34664
1093  34628
1109  34760
1103  34740
1101  34742
1110  34744
1090  34714
1103  34548
1105  34712
1098  34619
1102  34754
1086  34669

Time taken: 28
