***********CONSTRUÇÃO**************
ANTES | DEPOIS
1.65052   1.05438
1.65299   1.0608
1.65441   1.05014
1.64986   1.0621
1.65734   1.0546
1.65566   1.05254
1.64997   1.06148
1.65349   1.0625
1.64823   1.06269
1.65847   1.05253
1.65196   1.04676
1.6605   1.06254
1.65589   1.05181
1.65434   1.05712
1.65305   1.05744
1.65526   1.05076
1.64964   1.06551
1.65077   1.06302
1.6527   1.05925
1.65183   1.05183
1.65132   1.0488
1.65029   1.06571
1.65662   1.05079
1.65671   1.05988
1.65193   1.05733
1.65171   1.04883
1.65039   1.06181
1.65054   1.05768
1.65865   1.06092
1.65131   1.05391
1.65352   1.05116
1.65808   1.05952
1.65446   1.05192
1.65466   1.06136
1.65133   1.05445
1.65604   1.04882
1.65068   1.06072
1.65321   1.05837
1.64962   1.06052
1.66101   1.05006
1.65505   1.05219
1.65303   1.06125
1.65067   1.05351
1.6547   1.06293
1.65119   1.05466
1.6517   1.05099
1.65013   1.066
1.65689   1.05674
1.65376   1.05934
1.65264   1.04944
***********BUSCA LOCAL**************
ANTES | DEPOIS
3.06659   0.90566
2.17609   0.884179
3.03802   0.88631
3.06191   0.888135
2.1995   0.871389
2.60488   0.884734
3.0963   0.89022
2.60421   0.876477
3.07796   0.878065
3.47004   0.896803
2.60688   0.890457
3.07983   0.890328
2.59562   0.899049
3.50299   0.879264
2.6168   0.885055
2.60656   0.906156
1.28292   0.891186
2.19313   0.905025
2.60271   0.877984
3.51354   0.907796
5.28887   0.890858
1.75597   0.883365
2.18942   0.892001
3.07887   0.87965
3.9188   0.883556
3.49089   0.894711
3.95642   0.874416
4.8057   0.898651
3.06777   0.897214
2.63719   0.89942
3.05488   0.890433
1.71683   0.877366
3.95112   0.888702
2.60532   0.899267
3.93175   0.882363
2.59728   0.897632
2.60233   0.899447
4.82934   0.89474
2.60585   0.879133
1.31303   0.899238
3.06333   0.888822
3.08162   0.875431
2.6229   0.887649
1.7387   0.882954
2.19784   0.886487
1.74883   0.881124
2.63067   0.88039
1.30737   0.881258
2.64059   0.889819
1.74658   0.899775
