Tamanho    Peso
1689  56018
1709  56270
1703  55951
1707  56409
1710  56256
1698  56006
1714  56214
1705  56158
1716  56359
1706  56116
1682  55898
1710  56450
1713  56409
1708  56208
1714  56339
1691  55848
1715  56394
1708  56036
1703  56003
1702  56095
1687  56120
1723  56525
1705  56275
1712  56269
1702  55962
1695  55859
1715  56321
1699  56105
1715  56375
1702  56262
1692  55905
1709  56333
1708  56167
1714  56082
1708  56320
1693  55990
1698  56211
1700  56189
1721  56384
1696  56056
1696  56008
1713  56451
1711  56126
1709  56364
1695  56068
1699  55977
1719  56318
1702  56176
1707  56322
1700  56146

Time taken: 97
