101;8;8 68 81 86 107 175 192 214 249 259 260 270 273 275 278 282 364 378 383 384 397 418 423 428 434 465 483 501 509 532 556 575 594 615 686 729 749 822 848 852 920 963 1046 1194 1218 1261 1264 1306 1435 1442 1450 1565 1640 1711 1731 1761 1858 1971 2049 2066 2085 2301 2316 2361 2421 2426 2429 2455 2474 2503 2558 2626 2663 2881 3037 3216 3233 3246 3253 3271 3300 3322 3338 3388 3407 3439 3495 3505 3553 3592 3623 3638 3641 3685 3695 3769 3801 3867 3887 3980 3997
101;8;8 68 81 86 107 175 192 214 249 259 270 273 275 278 282 364 378 383 384 397 418 423 428 434 465 483 501 509 532 556 575 594 615 686 729 749 822 825 848 852 920 963 1046 1194 1218 1261 1264 1306 1435 1442 1450 1565 1640 1711 1731 1761 1858 1971 2049 2066 2085 2301 2316 2361 2421 2426 2429 2455 2474 2503 2558 2626 2663 2881 3037 3216 3233 3246 3253 3271 3300 3322 3338 3388 3407 3439 3495 3505 3553 3592 3638 3641 3652 3685 3695 3769 3801 3867 3887 3980 3997
101;8;8 68 81 86 107 175 179 192 214 249 259 270 273 275 278 282 364 378 383 384 397 418 423 428 434 465 483 501 509 532 556 575 594 615 628 686 729 749 822 825 848 852 920 963 1046 1099 1194 1218 1261 1264 1306 1435 1442 1450 1565 1640 1711 1731 1761 1858 1971 2049 2066 2085 2301 2316 2361 2421 2429 2455 2474 2558 2626 2663 2881 3037 3216 3233 3246 3253 3271 3300 3322 3338 3388 3407 3439 3495 3505 3553 3592 3638 3641 3652 3685 3695 3801 3867 3887 3980 3997
101;8;8 68 81 86 107 175 192 214 249 259 270 273 275 278 282 364 378 383 384 397 418 423 428 434 465 483 501 509 532 556 575 594 615 680 686 729 749 822 833 848 852 920 963 1046 1194 1218 1261 1264 1306 1435 1442 1450 1456 1565 1640 1711 1731 1761 1858 1971 2049 2066 2085 2230 2301 2316 2361 2421 2429 2455 2474 2558 2626 2663 2778 2881 3037 3216 3233 3246 3253 3271 3300 3322 3338 3388 3407 3439 3495 3505 3553 3592 3638 3641 3685 3695 3801 3867 3887 3980 3997
101;8;8 68 81 86 107 175 179 192 214 249 259 270 273 275 278 282 364 378 383 384 397 418 423 428 434 465 483 501 509 532 556 575 594 615 628 686 729 749 822 833 848 852 920 963 1046 1099 1194 1218 1261 1264 1306 1435 1442 1450 1565 1640 1711 1731 1761 1858 1971 2049 2066 2085 2230 2301 2316 2361 2421 2429 2455 2474 2558 2626 2663 2881 3037 3216 3233 3246 3253 3271 3300 3322 3338 3388 3407 3439 3495 3505 3553 3592 3638 3641 3685 3695 3801 3867 3887 3980 3997
102;8;8 68 81 86 107 175 192 214 249 259 270 273 275 278 282 364 378 383 384 397 418 423 428 434 465 483 501 509 532 556 575 594 615 686 729 749 822 833 848 852 856 920 963 1046 1194 1218 1261 1264 1306 1435 1442 1450 1565 1640 1711 1731 1761 1858 1971 2049 2066 2085 2230 2301 2316 2361 2421 2426 2429 2455 2474 2503 2558 2626 2663 2881 3037 3216 3233 3246 3253 3271 3300 3322 3338 3388 3407 3439 3495 3505 3553 3592 3638 3641 3685 3695 3769 3801 3867 3887 3980 3997
102;8;8 68 81 86 107 175 192 214 249 259 270 273 275 278 282 364 378 383 384 397 418 423 428 434 465 483 501 509 532 556 575 594 615 680 686 729 749 822 848 852 920 963 1046 1194 1218 1261 1264 1306 1435 1442 1450 1456 1565 1640 1711 1731 1761 1858 1971 2049 2066 2085 2301 2316 2361 2421 2426 2429 2455 2474 2503 2558 2626 2663 2778 2881 3037 3216 3233 3246 3253 3271 3300 3322 3338 3388 3407 3439 3495 3505 3553 3592 3638 3641 3685 3695 3769 3801 3867 3887 3980 3997
102;8;8 68 81 86 107 175 179 192 214 249 259 270 273 275 278 282 364 378 383 384 397 418 423 428 434 465 483 501 509 532 556 575 594 615 628 686 729 749 822 848 852 920 963 1046 1099 1194 1218 1261 1264 1306 1435 1442 1450 1565 1640 1711 1731 1761 1858 1971 2049 2066 2085 2301 2316 2361 2421 2426 2429 2455 2474 2503 2558 2626 2663 2881 3037 3216 3233 3246 3253 3271 3300 3322 3338 3388 3407 3439 3495 3505 3553 3592 3638 3641 3685 3695 3769 3801 3867 3887 3980 3997
103;8;8 68 81 86 107 175 192 214 236 249 259 270 273 275 278 282 364 378 383 384 397 418 423 428 434 465 483 501 509 532 556 575 594 615 680 686 729 749 822 825 848 852 920 963 1046 1194 1218 1261 1264 1306 1435 1442 1450 1456 1565 1640 1709 1711 1731 1761 1858 1971 2049 2066 2085 2301 2316 2361 2421 2429 2455 2474 2558 2626 2663 2778 2881 3037 3216 3233 3246 3253 3271 3300 3322 3338 3388 3407 3439 3495 3505 3553 3592 3638 3641 3652 3685 3695 3801 3867 3887 3980 3997
104;8;8 68 81 86 107 175 179 192 214 239 249 259 270 273 275 278 282 364 378 383 384 397 418 423 428 434 465 483 501 509 532 556 575 594 615 628 680 686 729 749 822 848 852 920 963 1046 1099 1194 1218 1261 1264 1306 1435 1442 1450 1456 1565 1640 1711 1731 1761 1858 1971 2049 2066 2085 2301 2316 2361 2421 2429 2455 2474 2558 2626 2663 2778 2881 3037 3216 3233 3246 3253 3271 3300 3322 3338 3388 3407 3439 3470 3495 3505 3553 3592 3638 3641 3685 3695 3801 3867 3887 3980 3997
