Tamanho    Peso
228  8116
228  7900
221  7807
228  8069
226  8033
225  7745
228  7993
230  8130
221  7806
222  7791
228  8110
227  7994
229  8165
229  7957
213  7561
219  7695
215  7554
229  8085
226  7909
220  7717
225  7963
212  7583
223  7458
210  7601
211  7695
216  7696
214  7348
232  8044
223  7927
225  7912
230  8015
230  7967
231  8081
213  7413
225  7995
233  8168
224  7967
227  7885
228  7926
217  7711
229  8045
232  8091
218  7581
224  7973
220  7783
212  7485
230  8188
217  7515
226  7983
225  8041

Time taken: 17
