Tamanho    Peso
1032  33528
1035  33356
1022  33002
1029  33090
1030  33424
1037  33613
1031  33471
1035  33579
1028  33236
1038  33436
1035  33213
1028  33262
1047  33412
1033  33204
1023  33579
1031  33585
1042  33350
1035  33327
1047  33522
1041  33670
1030  33207
1033  33246
1032  33537
1040  33578
1037  33303
1031  33346
1036  33302
1044  33276
1031  33067
1034  32958
1024  33009
1019  33263
1027  33216
1036  33558
1025  33114
1030  33093
1036  33260
1044  33449
1035  33249
1038  33355
1028  33400
1030  33237
1033  33671
1026  33294
1033  33331
1038  33191
1041  33271
1039  33603
1028  33198
1033  33421

Time taken: 58
