Tamanho    Peso
1730  56348
1707  56214
1714  56335
1707  56220
1730  56330
1733  56417
1707  56126
1714  56177
1732  56148
1709  55919
1720  56228
1714  56118
1712  55931
1730  56293
1711  56011
1715  56133
1732  56129
1722  56247
1717  56007
1712  55970
1721  56189
1718  56141
1730  56106
1723  56381
1728  56137
1723  56195
1711  55957
1732  56079
1734  56301
1714  55750
1721  56128
1720  56105
1709  56076
1717  56076
1734  56399
1726  56265
1712  56247
1701  56012
1720  56307
1718  56165
1725  56189
1730  56236
1695  55946
1696  55961
1706  56113
1730  56100
1721  56121
1713  56108
1735  56304
1713  55934

Time taken: 113
