Tamanho    Peso
1094  35912
1101  35922
1095  35772
1102  35970
1101  35882
1097  35737
1098  35753
1093  35691
1102  35863
1112  35901
1094  35859
1103  35843
1092  35815
1097  35913
1109  35866
1094  35694
1101  35754
1119  35789
1099  35810
1101  35861
1101  35877
1109  35868
1102  35778
1093  35909
1090  35703
1106  36024
1098  35777
1109  35974
1104  35951
1091  35598
1102  35747
1094  35783
1096  35685
1104  36063
1095  35801
1098  35982
1105  35769
1098  35841
1106  36059
1105  35867
1103  35871
1101  35742
1112  36021
1097  35788
1108  35952
1106  35839
1109  36033
1100  35919
1112  35845
1093  36008

Time taken: 38
