Tamanho    Peso
1100  35955
1103  35919
1104  36041
1092  35908
1090  35664
1109  36018
1111  35822
1097  36034
1091  36211
1106  35970
1103  36023
1079  36007
1090  35647
1098  36022
1107  36196
1097  35927
1108  36281
1101  35695
1097  35946
1099  35951
1104  36051
1112  36105
1087  35613
1107  35901
1094  35927
1108  36491
1099  36062
1097  35649
1090  35864
1104  36068
1096  35929
1100  35865
1108  35904
1108  35997
1090  35714
1097  36007
1093  35797
1106  35962
1106  35956
1102  35997
1099  35883
1110  35871
1104  35874
1104  35913
1102  36013
1103  35897
1102  35955
1109  35952
1106  35972
1100  35836

Time taken: 67
