Tamanho    Peso
263  9142
259  9185
250  8774
255  8684
260  9042
255  8873
253  8875
253  9192
262  9127
268  8952
260  9236
258  9068
260  9178
252  8952
244  8455
256  8890
263  9125
263  9166
244  8565
263  9021
256  8808
264  9096
251  8975
260  9153
266  9532
262  9070
264  9303
252  8785
253  8914
252  9075
263  9170
252  8811
252  8840
256  8842
258  9087
258  9217
258  9125
258  9067
246  8956
257  9113
248  8601
245  8735
250  8750
249  8950
243  8699
258  8992
264  9113
239  8378
252  8733
261  9081

Time taken: 20
