Tamanho    Peso
275  8527
259  8579
283  8882
282  8706
251  8816
251  8358
283  8662
252  8416
253  8828
251  8759
282  8672
261  8610
282  8841
260  8649
279  8766
279  8848
283  8716
256  8542
282  8749
259  8634
251  8588
258  8727
278  8789
251  8445
278  8745
260  8538
281  8582
281  8692
260  8662
283  8632
258  8631
244  8425
285  8728
253  8711
275  8633
257  8700
243  8505
276  8642
250  8247
280  8720
276  8767
282  8683
282  8753
252  8460
281  8821
282  8791
278  8721
251  8506
259  8988
261  8520

Time taken: 18
