Tamanho    Peso
1071  35083
1070  34921
1072  35036
1068  34902
1066  34926
1060  34821
1066  34916
1058  34714
1065  34944
1057  34958
1060  34949
1064  34964
1070  34919
1065  34956
1073  34941
1065  34846
1071  34906
1052  34756
1073  35057
1078  35067
1068  34861
1071  34916
1076  35021
1070  34915
1082  34983
1067  34923
1067  34971
1070  34987
1079  34893
1064  34907
1072  34942
1069  35076
1070  34846
1060  34816
1070  34937
1075  35066
1064  34787
1066  35048
1068  34917
1055  34760
1063  34807
1072  34991
1069  34914
1071  35041
1077  35062
1072  35035
1059  34747
1065  35015
1071  34933
1076  35037

Time taken: 26
