Tamanho    Peso
309  7587
312  7566
262  7462
267  7684
243  6846
249  7144
318  7555
259  7150
275  7826
262  7508
316  7847
314  7743
252  6948
319  7645
319  7559
255  7178
261  7754
316  7553
263  7571
323  7719
263  7653
251  7582
252  7122
243  7254
252  7376
320  7577
315  7800
322  7861
316  7757
235  6932
319  7493
323  7925
323  7676
317  7696
270  7577
281  7755
261  7513
314  7813
315  7765
249  7245
252  7294
255  7195
314  7853
258  7311
316  7549
329  7860
319  7777
264  7559
314  7540
320  7703

Time taken: 21
