Tamanho    Peso
1070  35904
1062  35732
1062  36018
1077  35962
1072  35987
1062  35980
1057  35502
1064  35887
1066  35909
1064  35702
1062  35899
1077  35882
1065  35902
1072  36246
1063  35810
1067  35644
1071  36416
1058  36012
1071  36178
1065  36033
1062  36117
1083  36172
1067  36053
1066  35930
1060  35756
1069  35901
1074  35988
1063  35671
1064  36809
1072  35694
1074  35783
1071  35983
1056  35705
1078  35961
1054  35461
1062  35804
1061  35692
1071  35930
1064  35875
1069  35989
1072  35876
1061  35933
1060  36030
1062  35798
1063  35713
1063  35705
1063  35553
1072  35676
1081  36240
1068  35663

Time taken: 62
