***********CONSTRUÇÃO**************
ANTES | DEPOIS
0.404653   0.241767
0.404155   0.233088
0.404822   0.235384
0.403557   0.233171
0.403514   0.235477
0.406145   0.236437
0.404098   0.234285
0.406299   0.235456
0.403905   0.236179
0.405624   0.231447
0.405724   0.238874
0.405766   0.231914
0.407079   0.235014
0.401368   0.234348
0.404059   0.236083
0.403538   0.237296
0.405806   0.234782
0.405253   0.237073
0.40611   0.234998
0.40433   0.231402
0.406411   0.237789
0.405148   0.233002
0.403442   0.235397
0.405273   0.234925
0.404466   0.236832
0.402552   0.236848
0.404573   0.234354
0.402196   0.237172
0.406835   0.234693
0.404297   0.230642
0.405896   0.238386
0.404799   0.232383
0.40514   0.235752
0.405907   0.2339
0.403823   0.236514
0.403535   0.236752
0.403965   0.234073
0.404789   0.238272
0.404318   0.235529
0.403137   0.232114
0.405714   0.237574
0.404588   0.232967
0.40401   0.235796
0.404944   0.233565
0.40491   0.235356
0.403657   0.236328
0.404688   0.233672
0.406088   0.23775
0.402406   0.234533
0.404042   0.231669
***********BUSCA LOCAL**************
ANTES | DEPOIS
0.589449   0.392689
0.479854   0.693881
0.787926   0.297148
0.395342   0.301187
0.594522   0.299223
0.603212   0.300032
1.09594   0.398798
0.886249   0.299969
0.394059   0.498497
0.586801   0.401124
0.894139   0.49369
0.701397   0.200667
0.896518   0.296196
0.597104   0.393112
0.789228   0.799478
0.8013   0.390933
1.09075   0.29899
0.998654   0.300622
0.792998   0.790353
0.497957   0.499856
1.00233   0.302745
1.28259   0.200043
0.595722   0.395623
0.994125   0.401048
0.695439   0.294194
0.996913   0.591756
0.881777   0.201397
0.392858   0.299534
0.594635   0.194627
0.402893   0.399253
0.701085   0.28838
0.896773   0.494835
0.899381   0.302511
0.789279   0.197654
0.691891   0.397555
0.79006   0.699217
0.99139   0.495319
0.494846   0.296283
0.694043   0.597016
0.894644   0.402254
0.491202   0.299898
0.59569   0.593714
0.600226   0.298957
1.09541   0.197341
0.999941   0.600417
0.793323   0.491045
0.593856   0.30005
0.89717   0.497883
0.888903   0.301774
0.700706   0.398607
