Tamanho    Peso
1739  56919
1730  56670
1749  56347
1738  56820
1714  56908
1714  56450
1728  56570
1754  56758
1745  56750
1743  56882
1742  56909
1741  56897
1724  57135
1741  56585
1738  56760
1742  56826
1754  56961
1743  56955
1709  56238
1739  56582
1753  56454
1740  56539
1750  56933
1748  57049
1723  57203
1723  56528
1736  56700
1739  56688
1736  56513
1722  57337
1758  56450
1764  56780
1758  56824
1728  56358
1744  56701
1752  56571
1750  56636
1739  56659
1738  56667
1770  57076
1742  56828
1749  57070
1757  56756
1727  56669
1731  57265
1741  56685
1746  56726
1735  56634
1731  56753
1742  57003

Time taken: 220
