Tamanho    Peso
259  9500
274  10251
260  9949
264  9906
265  9611
273  10224
246  9329
266  9787
280  10359
271  10125
276  9979
276  10050
255  10101
273  10325
276  10271
275  10296
276  10136
275  10271
270  9827
260  9877
274  10324
266  9946
247  9391
266  10077
256  9537
260  9922
259  9636
259  9817
265  9861
266  9827
275  10409
261  9994
260  9934
266  10036
278  10337
260  9799
274  10392
264  9962
267  9807
275  10102
264  9395
276  10319
266  9887
263  9910
269  10138
261  9452
268  9920
265  10071
258  9436
264  10395

Time taken: 20
