Tamanho    Peso
279  8910
252  9095
281  9028
253  8719
288  9295
284  9278
284  9176
282  9082
242  8762
273  9022
274  9036
252  8760
272  8873
280  8993
260  9059
258  9026
286  9255
257  8968
251  9040
276  9228
279  9227
277  9006
263  9150
249  8898
241  8525
252  8676
248  8853
256  9041
279  8925
282  9032
247  8940
247  8682
274  8874
242  8884
281  9092
243  8749
246  8886
240  8650
281  8981
237  8583
274  8899
282  8967
236  8542
252  8676
273  8731
261  9123
261  9165
286  9184
279  9007
259  9337

Time taken: 19
