***********CONSTRUÇÃO**************
ANTES | DEPOIS
0.471286   0.309189
0.470074   0.307465
0.473624   0.299769
0.472313   0.307095
0.471792   0.305663
0.472896   0.304264
0.47255   0.30415
0.472964   0.307905
0.472629   0.304426
0.472968   0.305268
0.472057   0.307376
0.473538   0.306886
0.471744   0.300187
0.472506   0.306351
0.47124   0.305116
0.471945   0.30481
0.472509   0.303315
0.472466   0.306515
0.471466   0.304173
0.471197   0.304928
0.472724   0.307347
0.472103   0.307351
0.471444   0.299789
0.473746   0.306609
0.472571   0.305235
0.470038   0.305579
0.471987   0.303864
0.4717   0.307868
0.471915   0.305171
0.472493   0.306576
0.473311   0.307187
0.471575   0.308126
0.472666   0.299779
0.474106   0.306961
0.472222   0.305266
0.472028   0.304963
0.471911   0.304864
0.471612   0.306372
0.472964   0.304518
0.471064   0.30566
0.471353   0.30675
0.471257   0.307114
0.472414   0.29958
0.47237   0.306715
0.470738   0.305893
0.471889   0.304824
0.472455   0.304521
0.470848   0.306408
0.471866   0.30329
0.471481   0.305472
***********BUSCA LOCAL**************
ANTES | DEPOIS
0.482237   0.360154
0.474443   0.238576
0.475147   0.252392
0.72617   0.245358
0.720667   0.245698
0.478521   0.245293
0.473964   0.240146
0.360336   0.365229
0.724765   0.24383
0.594946   0.486966
0.847271   0.237296
0.596909   0.363878
0.963543   0.246619
1.07477   0.4852
0.597352   0.363814
0.606415   0.355697
0.359189   0.248977
1.5665   0.359971
0.952606   0.361151
0.362178   0.725686
0.720483   0.242838
0.479044   0.360617
0.966416   0.238149
0.605369   0.597192
0.600022   0.241013
0.71914   0.490395
0.842623   0.597928
0.71429   0.363836
0.9651   0.480758
0.362067   0.245832
0.612532   0.84044
0.603573   0.240684
0.356533   0.246527
0.598626   0.239632
0.361363   0.367394
0.479746   0.239136
0.853897   0.59996
1.08597   0.486792
0.480857   0.23903
0.723746   0.243921
0.96945   0.242896
0.476163   0.243939
0.358501   0.24756
0.482507   0.479464
0.604578   0.242697
0.600613   0.363459
0.606191   0.243923
0.358034   0.367214
0.363598   0.245342
0.720366   0.47685
