***********CONSTRUÇÃO**************
ANTES | DEPOIS
0.403391   0.221139
0.40379   0.219099
0.405736   0.217692
0.40521   0.217471
0.403297   0.217767
0.40668   0.218547
0.403369   0.219592
0.402983   0.216802
0.405273   0.220592
0.405731   0.215668
0.404998   0.218304
0.403807   0.219119
0.404418   0.220265
0.40405   0.217118
0.404977   0.217333
0.403767   0.219314
0.405037   0.21879
0.404291   0.217097
0.404483   0.220815
0.403849   0.21576
0.405096   0.218124
0.404294   0.218432
0.406202   0.22049
0.404934   0.218752
0.404271   0.218254
0.402787   0.220181
0.404453   0.21981
0.404945   0.217537
0.404291   0.22072
0.40268   0.215426
0.404122   0.218095
0.404417   0.218391
0.40586   0.220066
0.404597   0.217036
0.401676   0.219136
0.403314   0.218955
0.405858   0.21946
0.40413   0.219156
0.406066   0.220241
0.402998   0.215537
0.40682   0.218478
0.404487   0.218184
0.403484   0.218919
0.405356   0.216202
0.404107   0.218089
0.404752   0.218687
0.403083   0.21964
0.405128   0.217473
0.403763   0.219689
0.404602   0.215254
***********BUSCA LOCAL**************
ANTES | DEPOIS
0.983529   0.196455
0.493191   0.197647
0.881767   0.19501
0.392917   0.198131
0.783158   0.199117
0.776612   0.197282
0.386532   0.19752
1.17877   0.202776
0.687236   0.19942
0.68914   0.201786
0.591745   0.203579
0.579198   0.194092
0.687745   0.197926
0.493722   0.201449
0.688391   0.197349
0.788554   0.198442
0.690787   0.200249
0.29237   0.199046
0.681195   0.199478
0.393   0.200696
0.970863   0.197352
0.589622   0.195754
0.490119   0.197393
1.27023   0.195586
0.4873   0.199031
0.689743   0.193825
0.295454   0.195364
0.393951   0.195583
0.293564   0.196696
0.880104   0.192348
0.679791   0.194907
0.580326   0.198466
0.789759   0.198094
0.590034   0.198038
0.877758   0.193792
0.787116   0.199994
0.399603   0.196905
0.586329   0.201858
0.595011   0.200481
0.78201   0.197566
0.985884   0.203385
0.691396   0.195363
1.06581   0.198063
1.281   0.199157
0.782322   0.196838
0.692416   0.198424
0.585474   0.196263
0.588201   0.19663
0.890836   0.195648
0.787722   0.199484
