Tamanho    Peso
1094  36444
1101  36553
1091  36519
1090  36414
1094  36468
1093  36457
1098  36621
1091  36564
1101  36627
1091  36538
1096  36480
1104  36580
1095  36609
1091  36486
1094  36427
1101  36580
1099  36593
1093  36600
1100  36611
1094  36649
1096  36441
1099  36544
1095  36528
1096  36526
1088  36440
1099  36572
1100  36564
1096  36644
1101  36681
1093  36562
1087  36416
1098  36493
1097  36500
1089  36486
1093  36361
1099  36613
1101  36631
1098  36559
1098  36552
1092  36606
1094  36550
1101  36652
1098  36578
1088  36462
1094  36529
1098  36628
1096  36671
1094  36529
1097  36622
1092  36680

Time taken: 21
