Tamanho    Peso
1707  58144
1675  57562
1708  57484
1700  58097
1711  57647
1706  58324
1725  58017
1720  57709
1714  58355
1694  57923
1724  58023
1713  57944
1714  58198
1703  58128
1710  57509
1726  57772
1702  57722
1716  58004
1712  57451
1728  57812
1725  57874
1720  58203
1718  57734
1713  57589
1725  57873
1723  57593
1722  57842
1706  57883
1707  57737
1709  58136
1699  57467
1716  58327
1724  57880
1710  57473
1732  57946
1704  57646
1733  58004
1724  58116
1707  57508
1721  57822
1724  58504
1723  57529
1726  57564
1695  57443
1723  57512
1725  57606
1693  57877
1713  57490
1721  58086
1710  58249

Time taken: 207
