***********CONSTRUÇÃO**************
ANTES | DEPOIS
1.66381   1.08928
1.65889   1.08268
1.66014   1.10012
1.66078   1.10661
1.65468   1.10702
1.65848   1.0905
1.66081   1.09869
1.65918   1.10455
1.65591   1.0983
1.65698   1.08835
1.66117   1.09182
1.66051   1.08224
1.65966   1.09747
1.65939   1.10929
1.65318   1.10892
1.65804   1.09609
1.65946   1.09601
1.66091   1.10688
1.65827   1.09504
1.65698   1.08396
1.65965   1.08817
1.65976   1.08247
1.65789   1.1014
1.6566   1.10668
1.66175   1.11091
1.65842   1.08932
1.65814   1.10239
1.65713   1.10595
1.66223   1.09814
1.65874   1.08416
1.658   1.08977
1.65925   1.08129
1.66113   1.09581
1.6605   1.10859
1.66242   1.10688
1.66495   1.09224
1.65854   1.10069
1.65905   1.10637
1.66372   1.09932
1.65815   1.08496
1.65664   1.08552
1.66118   1.08255
1.65739   1.09922
1.66201   1.10998
1.65878   1.11023
1.66007   1.0922
1.65632   1.09919
1.65587   1.10623
1.65943   1.09636
1.6568   1.08708
***********BUSCA LOCAL**************
ANTES | DEPOIS
1.30788   1.31536
1.30793   2.61247
2.61537   0.881861
1.28389   1.32455
1.7314   1.3083
1.30939   1.75843
2.18   2.62044
4.85986   1.76003
1.29828   1.73361
1.29721   0.880513
2.61819   0.88184
1.7424   0.881904
2.18927   2.62306
2.17723   2.21036
2.17133   1.31887
3.10451   1.3242
3.4934   2.60837
1.77813   1.75468
3.04528   0.892573
2.59844   1.74607
2.16469   1.30339
1.3089   1.3164
2.18344   3.94344
3.06534   1.76585
3.04056   1.30364
3.04386   1.75349
3.54315   1.31725
2.65532   1.74623
3.07706   1.32954
1.74561   0.884141
2.59847   1.30304
1.32014   1.76065
4.37408   0.88246
2.59217   1.31118
3.51068   1.75797
2.20072   0.883356
2.62792   2.21633
1.75782   1.32528
3.05031   1.32321
3.93033   1.75039
1.31055   1.30277
2.62935   1.32523
4.38447   1.30869
3.47171   1.31304
4.39612   2.1956
3.03519   0.880035
1.2897   1.7425
2.1833   1.3079
1.74354   0.881329
1.29264   0.87308
