Tamanho    Peso
1081  36087
1091  36137
1077  35891
1083  35811
1081  36038
1081  35763
1091  36030
1079  36193
1088  36036
1088  36265
1086  35615
1090  35991
1102  36112
1074  35702
1077  35852
1081  36078
1077  35658
1091  35978
1077  36498
1077  36375
1106  36000
1087  35885
1102  36198
1077  35896
1090  35983
1088  36105
1105  36411
1086  36084
1090  36053
1072  35741
1085  35488
1089  35894
1094  35794
1087  36165
1082  35734
1081  35462
1087  35829
1080  35702
1089  35820
1088  36015
1078  35854
1089  36078
1096  36172
1094  35919
1095  36045
1081  36065
1082  35621
1089  35924
1089  36266
1088  35839

Time taken: 57
