***********CONSTRUÇÃO**************
ANTES | DEPOIS
1.70433   1.64079
1.71179   1.59738
1.70002   1.61168
1.70892   1.6296
1.70256   1.60772
1.70317   1.62689
1.7003   1.60841
1.70967   1.56536
1.70236   1.60273
1.70297   1.6149
1.70452   1.63743
1.69992   1.60119
1.69995   1.61535
1.70681   1.63659
1.70426   1.60529
1.70291   1.63009
1.70037   1.60668
1.70819   1.56969
1.69439   1.60143
1.70458   1.61161
1.70678   1.63594
1.70271   1.60646
1.70712   1.61612
1.70124   1.63435
1.70432   1.61102
1.70479   1.62816
1.70145   1.61784
1.70551   1.5725
1.70062   1.61067
1.70563   1.61774
1.70057   1.63894
1.70043   1.60455
1.70159   1.61911
1.70706   1.63301
1.70198   1.60952
1.70163   1.62928
1.70771   1.615
1.70231   1.56697
1.7101   1.60643
1.70829   1.61342
1.70332   1.63834
1.70398   1.59523
1.70288   1.61655
1.70194   1.63491
1.70035   1.60912
1.70547   1.63198
1.70228   1.61272
1.70159   1.56878
1.70267   1.60222
1.70994   1.618
***********BUSCA LOCAL**************
ANTES | DEPOIS
1.55039   1.50735
1.53945   1.58483
2.59305   2.08406
2.03274   2.97539
2.07214   3.15758
1.98928   1.54852
1.47456   4.70353
1.60997   1.54801
2.56924   1.55645
3.09293   1.52684
2.55654   3.99236
1.49347   2.03091
3.16308   3.19796
1.50801   1.56755
1.60911   1.50334
1.57239   1.5762
1.97639   1.54498
1.55298   2.01283
1.50607   1.56621
1.49217   4.27268
1.54651   3.59887
2.49321   3.55341
1.49518   3.61791
1.61178   1.50503
4.24939   1.48877
1.47339   3.13278
2.47837   1.5331
1.56849   2.18255
1.60203   1.5515
1.46764   1.50866
1.53619   1.42869
3.06971   2.08646
2.65292   1.52743
1.52246   2.05932
2.56333   1.53332
2.11823   1.59324
2.02536   2.55545
2.01586   4.15537
2.1426   1.53746
1.4837   1.4521
1.56792   2.1515
2.57642   2.71514
1.53269   1.55738
2.06651   1.50999
1.99238   2.49802
1.5213   1.46218
1.61071   2.09996
1.47164   3.52938
1.5495   1.48783
1.57222   1.55168
