Tamanho    Peso
1092  35404
1088  35089
1082  35127
1090  35316
1097  35319
1089  35134
1080  35352
1097  35316
1086  35242
1096  35363
1083  35148
1083  35117
1090  35184
1069  35103
1098  35281
1086  35221
1086  35153
1098  35143
1095  35190
1100  35207
1084  35156
1085  35232
1088  35161
1090  35198
1103  35241
1097  35365
1088  35230
1087  35216
1097  35306
1083  35083
1099  35282
1092  35178
1083  35091
1095  35227
1106  35360
1088  35292
1086  35284
1081  35232
1095  35259
1079  35208
1076  35338
1093  35285
1076  35237
1082  35247
1085  35300
1086  35206
1088  35290
1081  35144
1093  35268
1087  35266

Time taken: 28
