***********CONSTRUÇÃO**************
ANTES | DEPOIS
0.403565   0.230157
0.402942   0.225493
0.407345   0.229978
0.402596   0.229127
0.404063   0.230482
0.406284   0.22501
0.404753   0.229331
0.405038   0.22309
0.404282   0.227595
0.406408   0.225475
0.406491   0.227539
0.40402   0.224515
0.405162   0.228814
0.40258   0.228433
0.404241   0.229506
0.407041   0.22446
0.404047   0.228077
0.404649   0.22386
0.406129   0.228451
0.404241   0.225203
0.40609   0.226762
0.402735   0.224997
0.405761   0.23024
0.403477   0.231958
0.403787   0.231023
0.402677   0.226997
0.405899   0.229193
0.405077   0.223901
0.405937   0.229177
0.404858   0.225735
0.403482   0.227396
0.403509   0.226141
0.406087   0.230816
0.40455   0.229901
0.40483   0.231468
0.404041   0.225111
0.402092   0.228619
0.404574   0.223124
0.40531   0.227386
0.405862   0.225936
0.404534   0.227145
0.405355   0.225277
0.403105   0.229529
0.404434   0.230773
0.404157   0.230573
0.402615   0.22492
0.405891   0.226728
0.405507   0.224432
0.404992   0.227781
0.402892   0.225687
***********BUSCA LOCAL**************
ANTES | DEPOIS
0.891986   0.291613
0.588639   0.300793
0.898901   0.294338
0.699829   0.292715
1.09418   0.296438
0.792819   0.397429
1.10122   0.591116
0.793088   0.198698
1.09501   0.299854
0.492374   0.19539
0.598361   0.29981
0.60128   0.396107
0.392819   0.297492
0.68422   0.394103
0.497085   0.393092
0.979449   0.297738
1.2884   0.298906
0.495119   0.301164
1.00455   0.492204
0.6918   0.195582
1.09645   0.296954
0.59743   0.390416
0.78578   0.293949
0.496451   0.494604
1.19283   0.199721
0.694319   0.196255
0.492525   0.397375
0.500098   0.389781
0.991068   0.199061
0.595385   0.291526
0.393332   0.196819
0.893372   0.389763
0.881702   0.297156
0.397495   0.199392
0.596879   0.196456
0.691401   0.304813
0.591904   0.29757
0.69203   0.492212
0.392027   0.196577
0.887755   0.488775
0.980536   0.301047
0.600772   0.401774
0.693675   0.589555
0.698717   0.297888
0.689958   0.295349
0.591191   0.394257
0.987399   0.392666
0.796148   0.49661
0.493178   0.299691
1.19163   0.492215
