Tamanho    Peso
1090  35280
1087  35491
1087  35500
1089  35426
1085  35190
1088  35424
1086  35149
1091  35437
1077  35291
1086  35546
1089  35351
1069  35576
1063  35701
1066  35523
1090  35433
1079  35377
1079  35298
1088  35521
1091  35374
1090  35384
1093  35441
1075  35466
1085  35358
1076  35516
1098  35305
1089  35448
1088  35499
1077  35614
1083  35376
1081  35525
1060  35673
1085  35394
1092  35317
1074  35520
1087  35493
1089  35608
1085  35406
1091  35600
1077  35623
1094  35369
1086  35356
1083  35521
1088  35537
1084  35312
1086  35447
1073  35339
1078  35140
1087  35286
1082  35709
1085  35509

Time taken: 58
