114;7;0 19 23 42 47 107 115 116 167 179 227 304 310 320 324 401 404 414 509 531 538 556 577 594 600 615 616 794 858 871 877 904 912 955 1115 1170 1238 1253 1266 1360 1387 1453 1684 1761 1781 1831 1912 1919 1920 1985 2122 2138 2171 2174 2208 2210 2223 2255 2260 2322 2347 2353 2437 2642 2656 2660 2743 2844 2914 2951 2960 2988 3010 3054 3079 3145 3158 3159 3180 3254 3256 3301 3345 3377 3439 3531 3551 3571 3579 3602 3662 3669 3695 3705 3743 3758 3770 3870 3883 3897 3898 3908 3917 3954 3966 3980 3986 3987 3991 4007 4018 4020 4021 4038
115;7;0 19 23 42 47 107 115 116 139 167 179 227 304 310 320 324 401 404 414 531 538 556 577 594 595 600 615 616 794 858 871 877 904 912 955 1115 1170 1238 1253 1266 1360 1387 1453 1684 1761 1831 1912 1919 1920 1985 1986 2122 2138 2171 2208 2210 2223 2255 2260 2322 2353 2437 2642 2656 2683 2743 2750 2844 2914 2951 2960 2988 3010 3054 3068 3079 3145 3158 3159 3180 3254 3256 3301 3345 3377 3404 3439 3531 3551 3571 3579 3602 3662 3669 3705 3743 3751 3758 3785 3870 3883 3897 3898 3908 3917 3954 3966 3980 3987 3991 4007 4018 4020 4021 4038
115;7;0 19 23 42 47 107 115 116 167 179 227 304 310 320 324 401 404 414 531 538 577 594 595 615 616 753 775 858 871 877 904 912 955 1115 1170 1238 1253 1266 1360 1387 1453 1684 1761 1831 1912 1919 1920 1985 2122 2138 2171 2208 2210 2223 2255 2260 2322 2353 2437 2568 2642 2656 2683 2743 2750 2844 2901 2914 2951 2988 3010 3020 3054 3068 3079 3145 3158 3159 3180 3254 3256 3301 3338 3345 3377 3404 3439 3531 3551 3571 3579 3602 3662 3669 3705 3743 3751 3785 3837 3870 3883 3897 3898 3908 3917 3954 3966 3980 3987 3991 4007 4018 4020 4021 4038
115;7;0 19 23 42 47 107 115 116 167 179 227 304 310 320 324 401 404 414 509 531 538 577 594 615 616 775 858 871 877 904 912 955 1115 1170 1238 1253 1266 1360 1387 1453 1684 1761 1781 1831 1912 1919 1920 1985 2122 2138 2171 2208 2210 2223 2255 2260 2322 2353 2437 2642 2656 2683 2743 2844 2901 2914 2951 2988 3010 3020 3054 3068 3079 3145 3158 3159 3178 3180 3254 3256 3301 3338 3345 3377 3404 3439 3531 3551 3571 3579 3602 3662 3669 3705 3743 3751 3770 3785 3837 3870 3883 3897 3898 3908 3917 3954 3966 3980 3987 3991 4007 4018 4020 4021 4038
115;7;0 19 23 42 47 107 115 116 167 179 227 304 310 320 324 401 404 414 531 538 577 594 615 616 775 858 871 877 904 912 955 1115 1170 1238 1253 1266 1360 1387 1453 1684 1722 1761 1831 1912 1919 1920 1985 2122 2138 2171 2174 2208 2210 2223 2255 2260 2322 2353 2437 2642 2656 2683 2743 2844 2901 2914 2951 2988 3010 3020 3054 3068 3079 3145 3158 3159 3180 3254 3256 3301 3338 3345 3377 3404 3439 3531 3551 3571 3579 3602 3662 3669 3695 3705 3743 3751 3785 3837 3870 3883 3894 3897 3898 3908 3917 3954 3966 3980 3987 3991 4007 4018 4020 4021 4038
115;7;0 19 23 42 47 107 115 116 139 167 179 227 304 307 310 320 324 401 404 414 531 538 556 577 594 600 615 616 794 858 871 877 904 912 955 1115 1170 1238 1253 1266 1360 1387 1453 1684 1761 1831 1912 1919 1920 1985 2122 2138 2171 2208 2210 2223 2255 2260 2322 2353 2437 2642 2656 2683 2743 2844 2914 2951 2960 2988 3010 3054 3068 3079 3145 3158 3159 3162 3180 3254 3256 3301 3345 3377 3404 3439 3511 3531 3551 3571 3579 3602 3662 3669 3705 3743 3751 3758 3785 3870 3883 3897 3898 3908 3917 3954 3966 3980 3987 3991 4007 4018 4020 4021 4038
115;7;0 19 23 42 47 107 115 116 139 167 179 227 304 310 320 324 401 404 414 531 534 538 556 577 594 600 615 616 794 858 871 877 904 912 955 1115 1170 1238 1253 1266 1360 1387 1453 1684 1761 1831 1912 1919 1920 1985 2122 2138 2171 2208 2210 2223 2255 2260 2322 2353 2437 2642 2656 2683 2743 2844 2914 2951 2960 2988 3010 3054 3068 3079 3145 3158 3159 3180 3254 3256 3301 3345 3377 3404 3439 3531 3551 3571 3579 3581 3602 3639 3662 3669 3705 3743 3751 3758 3785 3870 3883 3897 3898 3908 3917 3954 3966 3980 3987 3991 4007 4018 4020 4021 4038
115;7;0 19 23 42 47 107 115 116 139 167 179 227 304 310 320 324 401 404 414 509 531 538 556 577 594 600 615 616 794 858 871 877 904 912 955 1115 1170 1238 1253 1266 1360 1387 1453 1684 1761 1781 1831 1912 1919 1920 1985 2122 2138 2171 2208 2210 2223 2255 2260 2322 2353 2437 2642 2656 2683 2743 2844 2914 2951 2960 2988 3010 3054 3068 3079 3145 3158 3159 3180 3254 3256 3301 3345 3377 3404 3439 3531 3551 3571 3579 3602 3662 3669 3705 3743 3751 3758 3770 3785 3870 3883 3897 3898 3908 3917 3954 3966 3980 3987 3991 4007 4018 4020 4021 4038
116;7;0 19 23 42 47 107 115 116 139 167 179 227 304 310 320 324 401 404 414 531 538 556 577 594 600 615 616 794 858 871 877 904 912 955 1115 1170 1238 1253 1266 1360 1387 1453 1684 1761 1831 1912 1919 1920 1985 2122 2138 2171 2174 2208 2210 2223 2255 2260 2322 2353 2437 2642 2656 2660 2683 2743 2844 2914 2951 2960 2988 3010 3054 3068 3079 3145 3158 3159 3180 3254 3256 3301 3345 3377 3404 3439 3531 3551 3571 3579 3602 3662 3669 3695 3705 3743 3751 3758 3785 3870 3883 3894 3897 3898 3908 3917 3954 3966 3980 3987 3991 4007 4018 4020 4021 4038
117;7;0 19 23 42 47 107 115 116 139 167 179 227 304 310 320 324 401 404 414 531 538 556 577 594 600 615 616 775 794 858 871 877 904 912 955 1115 1170 1238 1253 1266 1360 1387 1453 1684 1761 1831 1912 1919 1920 1985 2122 2138 2171 2208 2210 2223 2255 2260 2322 2353 2437 2642 2656 2683 2743 2844 2901 2914 2951 2960 2988 3010 3020 3054 3068 3079 3145 3158 3159 3180 3254 3256 3301 3338 3345 3377 3404 3439 3531 3551 3571 3579 3602 3662 3669 3705 3743 3751 3758 3785 3837 3870 3883 3897 3898 3908 3917 3954 3966 3980 3987 3991 4007 4018 4020 4021 4038
