Tamanho    Peso
1058  35808
1045  35775
1059  35924
1055  35927
1054  35887
1057  35983
1062  36060
1058  35939
1057  35886
1062  35949
1056  35902
1062  35854
1056  35931
1054  35818
1051  35787
1059  35929
1055  36017
1060  35882
1050  35769
1056  35885
1057  35979
1051  35827
1056  35896
1055  35912
1051  35781
1057  35950
1054  35986
1053  35860
1059  35894
1058  35873
1048  35701
1058  35860
1059  36038
1057  35798
1053  35839
1061  35985
1059  35976
1061  35863
1042  35806
1058  35869
1055  35903
1062  35970
1060  35916
1052  35798
1056  35845
1054  35963
1054  35805
1059  35890
1053  35929
1061  35921

Time taken: 23
