Tamanho    Peso
292  8227
298  8306
289  8342
288  8441
293  8531
298  8222
290  8254
265  8546
294  8195
304  8407
293  8234
293  8435
297  8257
293  8375
292  8186
293  8190
242  7732
295  8276
304  8470
262  8319
298  8479
295  8107
291  8165
257  8090
296  8271
290  8348
289  8376
295  8287
295  8391
265  8277
295  8508
298  8330
295  8405
291  8365
295  8220
297  8323
297  8190
296  8357
296  8261
296  8283
294  8351
293  8251
294  8357
301  8516
291  8353
295  8517
296  8569
296  8510
294  8254
293  8482

Time taken: 17
