***********CONSTRUÇÃO**************
ANTES | DEPOIS
0.215055   0.141144
0.218157   0.147268
0.214291   0.146564
0.215489   0.138935
0.215352   0.144189
0.219488   0.139063
0.21634   0.144513
0.219178   0.137434
0.216167   0.14456
0.218459   0.116718
0.216472   0.137057
0.219265   0.147198
0.217086   0.145318
0.217831   0.139278
0.216342   0.144056
0.218152   0.139428
0.218321   0.144231
0.218253   0.136532
0.221164   0.146072
0.215912   0.117027
0.216679   0.137262
0.218099   0.147154
0.21687   0.146633
0.213538   0.138473
0.218914   0.143217
0.213149   0.139589
0.215318   0.144918
0.218591   0.136386
0.214267   0.146222
0.217354   0.116795
0.214702   0.137907
0.217373   0.145931
0.217407   0.147123
0.215926   0.139303
0.215751   0.14392
0.218301   0.138902
0.21936   0.143467
0.216831   0.136425
0.218419   0.145711
0.220827   0.116793
0.217078   0.137378
0.219735   0.147442
0.217419   0.145711
0.220287   0.139441
0.213997   0.143653
0.21711   0.13956
0.221009   0.145228
0.217449   0.136054
0.217587   0.145549
0.213605   0.116832
***********BUSCA LOCAL**************
ANTES | DEPOIS
0.128594   0.138157
0.124734   0.135617
0.120467   0.133334
0.127892   0.133431
0.113388   0.127674
0.130647   0.138964
0.122335   0.14042
0.185606   0.13091
0.12751   0.143612
0.127819   0.126827
0.138155   0.139593
0.119702   0.132138
0.113819   0.133234
0.121884   0.13107
0.12857   0.120285
0.129438   0.131046
0.197407   0.132072
0.119703   0.128913
0.124792   0.129375
0.180846   0.131578
0.119618   0.131586
0.133186   0.123057
0.135546   0.137219
0.244846   0.124463
0.139636   0.145214
0.121009   0.124377
0.125351   0.130653
0.128488   0.131073
0.125717   0.13362
0.251977   0.124589
0.122855   0.145409
0.129996   0.12884
0.132941   0.137898
0.120595   0.138777
0.126221   0.136602
0.126081   0.12286
0.116273   0.13105
0.115179   0.139645
0.117012   0.131171
0.118621   0.126051
0.127789   0.138476
0.115476   0.12767
0.126577   0.1341
0.138884   0.12473
0.11807   0.136834
0.12539   0.128509
0.133727   0.129808
0.122655   0.126159
0.115835   0.133443
0.124417   0.11879
