Tamanho    Peso
102  4245
108  4698
114  4492
89  3308
94  3593
91  3632
120  4616
92  3602
95  3916
88  3646
109  4586
96  3764
91  3561
106  4432
97  3556
92  3817
100  3908
99  4027
89  3259
102  3963
93  3862
91  3586
91  3503
127  4911
94  3673
94  3787
96  3923
94  3711
89  3595
102  4081
101  4315
106  4313
117  4355
99  3655
93  3886
113  4555
113  4413
119  4410
88  3313
96  3644
101  4245
124  4639
101  3914
120  4601
95  3849
105  4307
92  3766
96  3888
101  4183
93  3569

Time taken: 182
