Tamanho    Peso
1062  35529
1062  35221
1071  35065
1057  35227
1070  35118
1074  35041
1068  35064
1071  34916
1073  34894
1082  35345
1075  35166
1083  35054
1063  35209
1075  34972
1075  35272
1069  35080
1070  35083
1066  35316
1073  35002
1070  34976
1066  35344
1063  35323
1072  35131
1049  35399
1071  34991
1069  34927
1074  35146
1079  34920
1080  35184
1077  35340
1054  35516
1072  34932
1070  35145
1058  35353
1082  34852
1059  35194
1072  35210
1075  35032
1067  34852
1065  35136
1064  35010
1070  34882
1076  35109
1083  34932
1069  34854
1074  35039
1071  34979
1068  35318
1076  34910
1066  34961

Time taken: 51
