***********CONSTRUÇÃO**************
ANTES | DEPOIS
0.400712   0.216253
0.398095   0.216548
0.400646   0.214174
0.399456   0.21199
0.399164   0.212664
0.399137   0.21215
0.401877   0.212097
0.400676   0.210041
0.400048   0.212686
0.400987   0.211242
0.399143   0.212559
0.401229   0.215411
0.400155   0.213944
0.398543   0.212533
0.399856   0.213052
0.401483   0.212523
0.400228   0.212107
0.401657   0.209608
0.399525   0.212226
0.400033   0.210896
0.400303   0.213895
0.402818   0.216549
0.401729   0.214689
0.401023   0.211114
0.400603   0.212236
0.400078   0.213479
0.399673   0.212393
0.401171   0.209752
0.399905   0.211454
0.399186   0.212692
0.400806   0.21364
0.401777   0.215753
0.400518   0.21419
0.400687   0.212453
0.399465   0.213412
0.399615   0.212426
0.401055   0.212142
0.401452   0.209391
0.401913   0.211536
0.400964   0.211635
0.400608   0.213613
0.400692   0.215917
0.4012   0.214916
0.399761   0.212581
0.400029   0.213196
0.401122   0.212273
0.402923   0.211589
0.401518   0.209953
0.398667   0.21144
0.400855   0.212376
***********BUSCA LOCAL**************
ANTES | DEPOIS
0.286702   0.19414
0.383546   0.299313
0.582741   0.293749
0.389659   0.195511
0.384102   0.194203
0.578428   0.195743
1.15262   0.194894
0.965017   0.195067
0.960328   0.198608
0.776414   0.191941
0.582536   0.194919
0.67297   0.190879
0.382593   0.383134
0.770814   0.190457
0.574303   0.195153
0.389174   0.19169
0.678169   0.196244
0.38754   0.194478
0.573857   0.196951
0.584627   0.193473
0.379848   0.19258
0.391328   0.18915
0.478816   0.18906
0.288179   0.195684
0.668266   0.196515
1.05255   0.200867
0.576427   0.19493
0.671154   0.289492
0.963081   0.191239
0.378742   0.199205
0.283855   0.193405
0.777637   0.393377
0.482535   0.291203
0.377501   0.192003
0.86221   0.194459
0.485373   0.197563
0.486457   0.193155
0.486088   0.195242
0.575785   0.194966
0.476737   0.192133
0.478791   0.188823
0.862881   0.192048
1.1548   0.197446
0.769122   0.196092
0.68022   0.19
0.772621   0.191491
0.869425   0.190538
0.381155   0.192445
1.06358   0.201939
0.678348   0.193064
