Tamanho    Peso
1713  56168
1710  56311
1722  56148
1720  56066
1707  56214
1723  56238
1711  56198
1712  56275
1727  56116
1717  56134
1720  56372
1709  56223
1735  56375
1716  55881
1711  56306
1732  56276
1717  56136
1711  56292
1732  56157
1719  56172
1723  56458
1710  56179
1728  56141
1728  55990
1718  56467
1736  56272
1718  55993
1725  56329
1722  56195
1714  56190
1715  56210
1715  56349
1724  56209
1718  55973
1713  56250
1736  56303
1719  56481
1721  56317
1720  56188
1721  56272
1713  56092
1716  56275
1733  56256
1725  55941
1724  56204
1714  56170
1723  56347
1717  56292
1723  56122
1721  56428

Time taken: 103
