Tamanho    Peso
265  7421
315  7468
243  6960
260  7340
247  7222
310  7767
251  7559
253  7158
270  7590
273  7611
254  7041
324  7738
272  7448
274  7694
269  7662
261  7562
264  7463
253  7397
259  7390
323  7788
267  7558
325  7750
317  7720
275  7804
264  7478
273  7577
259  7682
255  7487
253  7178
306  7649
323  7670
271  7684
319  7523
276  7670
311  7669
317  7789
260  7038
319  7562
317  7692
319  7660
276  7651
263  7576
266  7289
319  7669
246  6446
276  7500
319  7828
317  7738
310  7614
311  7668

Time taken: 21
