***********CONSTRUÇÃO**************
ANTES | DEPOIS
0.469433   0.275037
0.472258   0.271072
0.47217   0.273678
0.469771   0.271373
0.472489   0.27072
0.471137   0.269027
0.472061   0.269036
0.471001   0.269208
0.470825   0.269252
0.471212   0.268885
0.472045   0.273609
0.469445   0.271387
0.473086   0.27471
0.472122   0.272141
0.472223   0.269998
0.47235   0.269576
0.471698   0.269101
0.471446   0.26742
0.471749   0.269805
0.4719   0.269352
0.472361   0.274399
0.471153   0.271561
0.472717   0.272865
0.469721   0.271637
0.472656   0.270615
0.471846   0.269313
0.472028   0.268996
0.470927   0.267228
0.470922   0.269619
0.470866   0.268623
0.471318   0.274551
0.47065   0.272047
0.47308   0.273423
0.470562   0.271689
0.470677   0.27017
0.471677   0.269724
0.471559   0.269542
0.471928   0.267514
0.469728   0.270399
0.470929   0.268129
0.47032   0.274794
0.47238   0.272412
0.472774   0.272978
0.471385   0.271562
0.472523   0.270546
0.471735   0.268897
0.47153   0.269841
0.470011   0.268062
0.472828   0.269793
0.470494   0.269542
***********BUSCA LOCAL**************
ANTES | DEPOIS
0.977451   0.249251
0.485331   0.239968
0.852359   0.245053
0.484771   0.235763
0.365356   0.249854
0.601118   0.242414
0.846975   0.243257
0.716953   0.245001
0.608942   0.242522
0.849347   0.249631
0.97636   0.240325
0.96513   0.24899
0.723958   0.245444
1.09213   0.237667
0.966774   0.247228
0.610752   0.24179
0.614853   0.24071
1.20591   0.250231
0.480628   0.251707
0.486285   0.244401
0.615129   0.243768
0.97468   0.244531
0.59927   0.241097
0.848888   0.245571
0.719423   0.240732
1.33553   0.241918
0.977479   0.240105
0.863782   0.243519
0.721197   0.245998
0.721766   0.244498
0.852477   0.245577
0.607333   0.247393
1.09048   0.244586
0.967954   0.482045
0.720607   0.2419
0.727424   0.245658
0.486018   0.243083
0.478898   0.243477
1.09057   0.238217
0.724943   0.245312
0.73138   0.240033
0.607173   0.242621
0.601803   0.239916
0.480877   0.360671
0.852166   0.244603
1.32814   0.243549
0.480544   0.238432
0.959959   0.243853
0.840346   0.246936
0.608054   0.247587
