***********CONSTRUÇÃO**************
ANTES | DEPOIS
1.76116   1.70748
1.76048   1.69356
1.76166   1.70934
1.75795   1.70825
1.76827   1.68493
1.76305   1.69241
1.76458   1.56877
1.76295   1.56324
1.75741   1.56331
1.76441   1.71054
1.76299   1.70641
1.76056   1.69283
1.76469   1.70849
1.76503   1.71611
1.75854   1.67321
1.76223   1.69299
1.76073   1.56651
1.75565   1.56302
1.76678   1.56341
1.76225   1.71548
1.75945   1.70627
1.76098   1.69187
1.76449   1.7108
1.75822   1.7115
1.76044   1.67908
1.76552   1.6993
1.76037   1.56795
1.75965   1.56162
1.76142   1.56495
1.76459   1.71192
1.75921   1.70764
1.76156   1.69494
1.76064   1.71952
1.76304   1.70609
1.76047   1.67969
1.76047   1.69989
1.76252   1.56791
1.76374   1.56537
1.76018   1.56396
1.75767   1.70802
1.76033   1.71481
1.76149   1.69705
1.76248   1.71874
1.75664   1.717
1.75875   1.68379
1.76401   1.69621
1.75778   1.56236
1.75992   1.56397
1.7683   1.56234
1.76434   1.70703
***********BUSCA LOCAL**************
ANTES | DEPOIS
1.60231   1.66879
1.61551   1.70964
1.57364   3.34462
1.69188   2.76215
1.71077   1.61263
1.67784   1.68069
2.67682   2.68128
1.5818   1.5694
1.63618   2.70023
1.61723   1.61292
2.22307   1.64953
4.5005   1.65479
1.62923   2.80311
1.62424   2.24626
1.58872   1.6813
1.63654   1.6677
1.63849   1.60166
3.67474   1.63649
3.17445   1.12994
1.58385   2.0638
1.64384   2.20763
1.69732   1.64217
1.52152   2.79477
1.65166   2.23177
1.59157   2.77526
1.62258   1.72863
1.64946   2.18472
1.58563   3.19326
1.6217   1.12789
1.57302   4.49444
2.17253   1.65893
1.54209   2.2326
1.58439   1.63685
1.66183   1.68454
1.60035   3.3175
1.58927   3.30935
2.76417   1.58173
2.65808   1.59647
2.77944   2.21333
1.63682   1.66716
2.67801   1.66843
1.56649   2.22226
1.66424   2.75801
1.66294   1.68603
2.66724   1.65409
1.6158   1.68413
2.55632   2.75505
1.5863   1.14456
1.67034   2.30118
1.63819   1.59021
