***********CONSTRUÇÃO**************
ANTES | DEPOIS
0.405377   0.233971
0.405365   0.225985
0.404441   0.227027
0.40548   0.227594
0.40357   0.230572
0.403682   0.229303
0.405585   0.227815
0.406758   0.228863
0.404626   0.230094
0.404626   0.221
0.404317   0.228361
0.405785   0.226099
0.406921   0.228917
0.404821   0.228062
0.40491   0.229968
0.404537   0.22873
0.403869   0.22682
0.404126   0.229241
0.40509   0.23055
0.40561   0.220577
0.406623   0.229273
0.40464   0.225809
0.404086   0.228125
0.404677   0.227768
0.404635   0.230063
0.404321   0.230132
0.40365   0.228354
0.406224   0.229239
0.405265   0.228775
0.404355   0.220878
0.404173   0.230082
0.404949   0.225178
0.404855   0.22922
0.407056   0.227135
0.404861   0.230453
0.405381   0.229218
0.404001   0.226823
0.405455   0.229326
0.405019   0.230097
0.403119   0.221154
0.405326   0.229961
0.406031   0.227161
0.405304   0.227456
0.405423   0.227932
0.403904   0.231794
0.404031   0.229302
0.404695   0.22714
0.403586   0.229714
0.405048   0.229382
0.404244   0.220423
***********BUSCA LOCAL**************
ANTES | DEPOIS
0.795012   0.400587
0.5757   0.203134
0.393513   0.299282
0.407029   0.298743
0.596139   0.195186
0.697005   0.197654
0.391295   0.198825
0.592217   0.492796
0.993272   0.396399
0.597258   0.399625
0.496409   0.503698
0.796875   0.194716
1.09516   0.301626
0.793002   0.300203
0.690035   0.197806
0.697574   0.606695
0.608997   0.394519
0.698253   0.600339
0.596303   0.394939
0.695657   0.398549
0.69382   0.198113
0.492622   0.198566
0.592405   0.301098
0.48898   0.198796
0.3931   0.20038
0.502336   0.402413
0.695115   0.290258
1.09755   0.502391
0.498713   0.597835
0.885687   0.202694
0.595662   0.198674
0.780702   0.20169
0.693488   1.10145
0.487416   0.501303
0.601366   0.204279
0.499633   0.200055
0.992972   0.297759
0.796215   0.203687
0.49728   0.303114
0.490916   0.195445
0.593864   0.307024
0.791099   0.40175
0.497097   0.201879
0.790754   0.198461
1.09521   0.302162
0.686304   0.198868
0.594602   0.195479
0.883617   0.307218
0.890119   0.200257
0.685934   0.19414
