Tamanho    Peso
1093  36175
1086  36253
1079  36239
1089  36334
1090  36481
1098  36249
1087  36169
1096  36205
1085  36036
1096  36159
1091  36368
1090  36003
1101  36241
1096  36024
1090  36210
1092  36285
1085  36191
1093  36127
1086  36227
1090  36273
1094  36243
1089  36312
1093  36165
1081  36017
1070  36440
1084  36222
1097  36162
1092  36234
1098  36263
1094  36220
1097  36278
1100  36236
1098  36217
1083  36214
1090  36227
1084  36438
1095  36372
1095  36082
1080  36459
1103  36136
1073  36370
1097  36156
1081  36040
1103  36210
1094  35993
1106  36105
1081  36202
1095  36204
1080  36073
1088  36235

Time taken: 54
