Tamanho    Peso
250  8818
255  9091
265  8992
246  8627
248  8903
253  8973
260  8967
254  8979
251  8996
258  9171
253  8905
250  8760
252  9002
258  9281
246  8515
254  8940
250  8894
254  8915
249  8952
250  8914
253  8867
262  9052
257  9082
256  9022
262  9244
249  8872
262  9079
260  9099
253  9143
258  8696
245  8655
256  9017
256  8823
245  8859
234  8704
257  9147
256  9267
263  9410
254  8912
243  8663
253  8924
252  9162
259  9235
251  9128
253  8954
250  8777
259  9144
255  9093
261  9021
265  9048

Time taken: 19
