Tamanho    Peso
258  8580
252  8640
255  8546
276  8770
271  8729
253  8449
259  8675
245  8402
286  8774
249  8537
278  8713
283  8753
282  8661
281  8511
284  8625
254  8522
280  8737
246  8651
282  8759
285  8880
275  8655
281  8763
282  8732
255  8604
267  8677
276  8619
286  8691
280  8662
280  8755
285  8887
256  8680
255  8614
284  8580
253  8498
252  8477
285  8739
279  8622
254  8636
278  8609
256  8652
280  8732
282  8663
253  8528
252  8476
280  8769
243  8493
279  8688
282  8576
281  8701
281  8765

Time taken: 18
