***********CONSTRUÇÃO**************
ANTES | DEPOIS
0.213011   0.162164
0.215133   0.15931
0.210868   0.157924
0.211655   0.157058
0.213941   0.158948
0.213569   0.154036
0.21394   0.159772
0.213073   0.157326
0.213583   0.155716
0.214392   0.158117
0.213605   0.158707
0.21452   0.159375
0.214047   0.157017
0.21237   0.156268
0.215156   0.159295
0.214036   0.15565
0.214147   0.159016
0.215317   0.157041
0.209414   0.154258
0.212995   0.15805
0.214029   0.157514
0.212316   0.160028
0.213117   0.155482
0.213324   0.156593
0.21431   0.158464
0.212597   0.153583
0.214433   0.16031
0.212244   0.157078
0.214998   0.15547
0.213751   0.158597
0.21272   0.157344
0.213288   0.159819
0.213292   0.155876
0.216775   0.156067
0.213825   0.158386
0.214746   0.15414
0.209878   0.16003
0.214814   0.157019
0.216202   0.155651
0.213974   0.157977
0.211778   0.158272
0.212591   0.160193
0.215275   0.156638
0.211485   0.156619
0.215695   0.158357
0.21239   0.154732
0.212867   0.159947
0.211893   0.15457
0.211145   0.157403
0.211159   0.159135
***********BUSCA LOCAL**************
ANTES | DEPOIS
0.231261   0.238233
0.230322   0.176941
0.169353   0.175858
0.107718   0.172578
0.166908   0.180411
0.226982   0.177177
0.219982   0.229524
0.21883   0.176789
0.118496   0.179053
0.170473   0.1757
0.109189   0.175796
0.109295   0.351017
0.113609   0.181506
0.116688   0.179974
0.116308   0.171246
0.160874   0.171789
0.111755   0.350712
0.170413   0.176696
0.111852   0.290018
0.111062   0.292227
0.107659   0.240934
0.112627   0.239392
0.112203   0.178503
0.174247   0.592994
0.177678   0.174756
0.11788   0.22766
0.116616   0.409268
0.117841   0.183118
0.114858   0.299247
0.112328   0.175767
0.17459   0.174031
0.236211   0.232186
0.116962   0.176714
0.163566   0.177242
0.168651   0.171928
0.106613   0.17544
0.109295   0.180562
0.166522   0.185253
0.114168   0.173336
0.165624   0.233378
0.10958   0.172174
0.11216   0.176198
0.234773   0.177187
0.223179   0.17991
0.112857   0.179177
0.167792   0.236741
0.110709   0.183412
0.114638   0.173091
0.110157   0.232639
0.109634   0.228743
