Tamanho    Peso
101  3978
97  3978
107  4026
106  4117
109  4146
115  4121
112  4557
130  4089
103  3646
116  4283
105  3985
125  4550
127  4702
100  3955
103  4156
96  3773
80  2973
127  4608
104  3978
118  4131
121  4327
126  4677
111  4092
83  2946
106  4238
110  4148
111  4197
129  4334
102  3991
101  3922
119  4188
88  3474
110  4067
98  3684
91  3692
105  4262
109  4509
126  4386
103  3910
96  3418
99  3812
104  3893
95  3652
106  4185
106  3978
125  4309
106  4351
103  4106
103  4055
106  4022

Time taken: 197
