Tamanho    Peso
1708  56260
1706  56347
1705  56207
1685  56141
1685  56153
1702  56315
1708  56338
1696  56334
1682  56029
1693  56232
1688  56290
1704  56222
1707  56279
1698  56140
1695  56290
1694  56292
1697  56399
1693  56296
1704  56276
1686  56134
1679  55960
1684  55971
1706  56235
1684  56033
1698  56131
1701  56244
1698  56267
1707  56206
1706  56251
1706  56165
1702  56115
1706  56180
1702  56227
1695  56127
1680  55784
1697  56255
1697  56272
1692  56104
1689  56125
1694  55902
1692  56040
1700  56274
1682  56034
1689  55842
1681  55896
1698  56208
1700  56294
1710  56336
1707  56431
1707  56240

Time taken: 120
