Tamanho    Peso
243  8625
247  8648
263  8974
256  8885
243  8533
253  9055
257  9047
252  8864
261  9002
272  9337
259  9279
257  9164
249  8997
246  8659
262  9010
257  8830
263  9221
254  9034
247  9090
256  8967
255  8980
258  8852
248  8870
263  9024
253  8836
258  8850
254  8855
249  8645
248  8807
261  8925
263  9359
255  9185
263  9186
263  8944
272  9207
248  8788
251  9027
258  9195
260  8977
262  9086
259  8841
258  9070
273  9345
242  8482
256  8849
263  9320
261  9026
253  9239
254  8938
261  9092

Time taken: 19
