Tamanho    Peso
1049  35129
1036  35016
1045  35292
1027  34775
1044  34885
1039  34956
1033  34689
1043  34839
1037  34825
1029  35211
1031  34553
1053  35062
1046  34959
1043  35096
1035  35021
1046  35151
1046  35268
1041  35120
1046  35096
1041  34824
1033  35468
1039  34746
1052  35218
1037  35005
1043  35086
1042  34986
1044  35080
1041  35188
1031  35092
1052  35448
1043  35048
1037  34893
1037  35064
1032  34869
1046  35206
1030  34686
1044  34916
1044  35392
1041  35033
1035  34750
1041  35013
1042  34955
1041  34913
1039  34930
1037  35084
1041  34951
1040  34834
1038  34923
1042  35347
1042  34825

Time taken: 61
