Tamanho    Peso
1025  34429
1035  34649
1029  34667
1039  34784
1032  34557
1036  34659
1033  34614
1035  34693
1039  34603
1026  34400
1019  34387
1037  34561
1030  34682
1033  34475
1036  34551
1035  34808
1035  34590
1036  34661
1038  34665
1028  34300
1026  34400
1036  34709
1036  34558
1034  34715
1031  34607
1033  34703
1031  34649
1035  34566
1036  34690
1028  34436
1028  34461
1031  34700
1028  34479
1038  34655
1035  34638
1037  34642
1031  34692
1034  34617
1039  34740
1032  34574
1023  34412
1033  34481
1030  34581
1034  34600
1030  34542
1035  34607
1036  34629
1030  34494
1037  34635
1030  34513

Time taken: 27
