37;7;621 866 967 1059 1453 1463 1831 2168 2282 2452 3162 3177 3249 3504 3647 3825 3992 4671 5082 5109 5162 5624 5633 5951 6211 6583 7058 7323 7458 7908 8558 8749 8957 9639 9719 9857 10191
37;7;621 866 967 1008 1059 1453 1463 1831 2168 2282 2452 3177 3249 3647 3825 3992 4671 5082 5109 5162 5624 5633 5951 6211 6583 7058 7323 7458 7908 7926 8558 8749 8957 9639 9719 9857 10191
37;7;621 866 967 1059 1453 1463 1831 2168 2282 2452 2774 3177 3249 3647 3825 3992 4023 4671 5082 5109 5162 5624 5633 5951 6211 6583 7058 7323 7458 7908 8558 8749 8957 9639 9719 9857 10191
37;7;621 866 967 1008 1059 1453 1463 1831 2168 2282 2452 3177 3249 3647 3825 3992 4671 5082 5109 5162 5624 5633 5951 6211 6583 6638 7058 7323 7458 7908 8558 8749 8957 9639 9719 9857 10191
37;7;621 866 967 1059 1453 1463 1831 2168 2282 2452 3177 3249 3647 3825 3992 4023 4671 5082 5109 5162 5624 5633 5951 6211 6583 6638 7058 7323 7458 7908 8558 8749 8957 9639 9719 9857 10191
37;7;621 866 967 1008 1059 1453 1463 1831 2168 2282 2452 3177 3249 3647 3825 3992 4023 4671 5082 5109 5162 5624 5633 5951 6211 6583 7058 7323 7458 7908 8558 8749 8957 9639 9719 9857 10191
38;7;621 866 967 1059 1453 1463 1831 2168 2282 2452 3177 3249 3647 3825 3992 4671 4977 5082 5109 5162 5624 5633 5951 6211 6583 6985 7058 7323 7458 7908 8558 8695 8749 8957 9639 9719 9857 10191
38;7;621 866 967 1059 1453 1463 1831 2168 2282 2452 3177 3249 3647 3825 3992 4023 4671 4977 5082 5109 5162 5624 5633 5951 6211 6583 7058 7323 7458 7908 8558 8695 8749 8957 9639 9719 9857 10191
38;7;621 866 967 1059 1453 1463 1831 2168 2282 2452 3177 3249 3647 3825 3992 4671 4977 5082 5109 5162 5624 5633 5951 6211 6583 6638 7058 7323 7458 7908 8558 8695 8749 8957 9639 9719 9857 10191
40;7;123 621 866 967 1008 1059 1453 1463 1831 2168 2282 2452 3177 3249 3647 3825 3992 4671 4732 4977 5082 5109 5162 5624 5633 5951 6211 6583 7058 7323 7458 7908 8558 8695 8749 8957 9639 9719 9857 10191
