***********CONSTRUÇÃO**************
ANTES | DEPOIS
1.71886   1.6769
1.73488   1.67649
1.72541   1.66218
1.72115   1.67466
1.71653   1.66292
1.71656   1.66313
1.71576   1.64297
1.71473   1.66178
1.71464   1.67619
1.72017   1.66965
1.725   1.68204
1.721   1.66119
1.71988   1.66699
1.7146   1.67426
1.72167   1.667
1.72541   1.67052
1.72353   1.63567
1.71112   1.67713
1.72322   1.66518
1.72132   1.67693
1.72873   1.67426
1.72042   1.66515
1.71243   1.6717
1.72333   1.67307
1.7235   1.67308
1.72066   1.66636
1.71571   1.63432
1.72505   1.65718
1.71304   1.67349
1.72706   1.66784
1.72476   1.6666
1.72027   1.6724
1.72159   1.67479
1.72405   1.65989
1.71161   1.67181
1.71648   1.66869
1.71665   1.6369
1.71973   1.67138
1.72219   1.66586
1.71711   1.66844
1.71803   1.67042
1.72618   1.66282
1.72452   1.67527
1.7146   1.67515
1.72289   1.66894
1.71799   1.67505
1.72956   1.64104
1.7266   1.66346
1.71518   1.6616
1.71639   1.66554
***********BUSCA LOCAL**************
ANTES | DEPOIS
1.63815   2.70449
1.56823   1.5655
2.22017   1.59918
2.21361   1.70708
1.55248   1.55268
1.63668   1.64589
3.43254   1.55437
2.75425   1.58769
2.18624   1.52171
1.64953   1.58703
2.26496   1.52953
1.57343   1.71338
1.56037   1.66325
1.6053   1.54939
2.52188   2.76291
2.27174   2.76125
2.18157   1.66326
2.10456   2.2082
2.22766   1.65172
1.57988   1.57916
2.22051   1.99843
1.67002   1.67061
2.12823   1.59416
3.33641   1.62923
1.57038   1.98218
2.2431   1.70883
2.19626   2.80585
1.65076   1.56466
1.59886   1.53987
2.7093   1.69139
1.54239   1.63546
1.60014   1.67011
2.69946   3.35279
2.69334   1.69523
2.69327   1.5514
1.65312   2.65534
1.56622   1.76063
1.62931   1.59705
2.12702   2.04842
1.63543   1.5895
1.6439   1.59128
1.59471   1.53059
1.71734   2.80437
1.56716   1.55447
2.06975   1.60132
1.60502   1.62429
1.58751   2.84619
1.6988   1.55877
1.65995   3.19148
2.73914   1.63367
