Tamanho    Peso
1067  34992
1078  34948
1067  35010
1072  34912
1078  34970
1073  34975
1080  34874
1065  34857
1065  34861
1074  35007
1075  34916
1071  34912
1066  35082
1078  35065
1063  34660
1078  34912
1076  34855
1071  34919
1075  34860
1075  34943
1076  34905
1065  34998
1079  35041
1065  34800
1073  34845
1074  34983
1070  34878
1077  34908
1072  34980
1068  34938
1064  34976
1065  34841
1073  34980
1069  34999
1064  34775
1063  34758
1071  34818
1073  34941
1072  34816
1074  34948
1062  34936
1073  34897
1068  34977
1075  34905
1079  34928
1069  34824
1066  34845
1087  35006
1070  34801
1072  34950

Time taken: 25
