Tamanho    Peso
1729  56261
1730  56232
1717  56218
1713  55997
1735  56340
1726  56416
1721  56055
1718  56299
1724  55916
1726  56310
1726  56102
1716  56241
1711  56224
1709  55915
1726  56133
1727  56538
1708  55875
1718  56235
1722  56071
1716  55915
1729  56080
1706  56075
1711  56046
1715  56001
1726  56197
1714  56160
1724  55940
1721  56159
1720  56023
1716  56156
1722  56164
1710  56070
1705  56087
1720  56080
1728  56309
1728  56339
1707  56115
1725  56279
1722  56176
1720  56089
1723  56054
1718  56267
1719  56316
1713  55998
1736  56278
1723  56302
1717  55893
1721  56271
1719  56204
1711  56072

Time taken: 97
