***********CONSTRUÇÃO**************
ANTES | DEPOIS
1.65879   1.07398
1.657   1.0713
1.66037   1.06829
1.66287   1.06612
1.66153   1.08132
1.65378   1.08313
1.65959   1.07023
1.65717   1.06243
1.65218   1.06017
1.66328   1.07201
1.65419   1.07274
1.66343   1.06664
1.66152   1.06455
1.65797   1.06543
1.65405   1.07921
1.65883   1.07949
1.65653   1.06617
1.66534   1.06586
1.66058   1.06257
1.65953   1.06877
1.6622   1.07194
1.66138   1.06512
1.65552   1.06355
1.65762   1.06445
1.65767   1.08086
1.66151   1.07833
1.65653   1.0695
1.65942   1.06788
1.65576   1.06234
1.66002   1.06923
1.66271   1.06811
1.65536   1.06577
1.6565   1.06245
1.6529   1.06709
1.66282   1.0814
1.66055   1.08023
1.65901   1.06405
1.66506   1.06938
1.65829   1.06301
1.66376   1.06842
1.66001   1.07045
1.65674   1.0688
1.65396   1.06541
1.6613   1.06273
1.6589   1.08154
1.65637   1.07972
1.6551   1.06752
1.65776   1.06745
1.65685   1.06271
1.6604   1.06572
***********BUSCA LOCAL**************
ANTES | DEPOIS
2.58972   0.857752
1.27892   0.863004
1.3121   0.865116
3.06041   0.883183
2.14162   0.850884
3.90191   0.865702
2.59359   0.871319
3.86464   0.863506
1.2875   0.878068
5.17541   0.885405
2.16085   0.864152
2.55977   0.873569
3.43358   0.865193
1.29078   0.862152
2.15563   0.854523
3.88013   0.86922
1.71313   0.874875
2.13452   0.871344
2.98707   0.864983
2.13807   0.870664
1.26087   0.864261
1.69976   0.876676
2.98177   0.890473
2.14203   0.869741
2.57573   0.860994
3.84582   0.859857
3.90202   0.855525
2.55878   0.868295
2.10791   0.876053
1.71835   0.866102
1.72248   0.87326
4.31319   0.856537
4.31512   0.871958
2.1631   0.874094
1.72914   0.853951
3.01554   0.863062
2.59051   0.884023
1.68134   0.877716
3.44815   0.865221
5.569   0.844587
1.70326   0.866595
1.29078   0.868157
1.28463   0.874173
3.47481   0.877685
2.57559   0.866753
1.72027   0.858046
2.57689   0.864259
1.70392   0.870552
2.58537   0.873662
1.72398   0.858562
