Tamanho    Peso
261  8655
276  9165
276  8848
263  8907
283  9061
266  8567
267  8448
265  8417
266  8601
279  9045
282  9088
276  8972
266  8577
279  8868
259  8545
298  9329
278  8892
281  8952
264  8504
282  9066
276  8802
268  8864
262  8623
259  8477
259  8322
272  8839
280  8964
287  8877
277  8737
261  8375
276  8861
277  8919
251  8322
261  8338
264  8677
289  9295
276  8876
261  8341
260  8645
284  9011
265  8702
267  8568
248  8049
282  8972
270  8585
265  8454
266  8920
274  8838
264  8479
273  8798

Time taken: 21
