Tamanho    Peso
1072  35728
1058  35967
1071  35850
1072  35942
1070  35890
1073  36069
1073  36058
1077  36250
1070  35813
1075  35768
1067  35987
1062  35952
1065  35802
1065  36054
1066  35823
1070  36034
1064  36045
1072  36033
1061  35927
1068  35836
1062  35814
1060  35892
1065  36367
1061  36030
1075  35954
1064  35860
1059  35888
1076  36227
1065  35783
1054  35655
1071  35881
1066  35742
1053  35866
1072  35984
1077  36139
1067  35847
1069  35985
1072  35885
1065  35808
1066  36130
1068  35775
1069  35659
1071  36001
1073  35572
1068  36072
1061  35985
1081  36095
1074  36007
1063  35563
1068  35811

Time taken: 63
