***********CONSTRUÇÃO**************
ANTES | DEPOIS
0.470483   0.2744
0.471076   0.27041
0.470324   0.272501
0.469679   0.273813
0.470598   0.273105
0.471425   0.27138
0.468621   0.272104
0.468925   0.272343
0.47247   0.268834
0.472078   0.266617
0.471655   0.271679
0.470823   0.270529
0.470144   0.272748
0.472012   0.274622
0.470954   0.2732
0.470261   0.270929
0.471643   0.271086
0.470264   0.272943
0.469855   0.269122
0.471704   0.266421
0.471967   0.271917
0.472134   0.270268
0.471133   0.272151
0.470479   0.274693
0.470182   0.272657
0.471408   0.270842
0.471388   0.27132
0.471454   0.272843
0.47145   0.269043
0.47172   0.266601
0.469933   0.271828
0.471946   0.270438
0.471121   0.272611
0.471028   0.274184
0.47203   0.27284
0.470737   0.27076
0.471964   0.27098
0.470673   0.272498
0.470001   0.268594
0.471422   0.266602
0.470355   0.271906
0.470367   0.270675
0.469781   0.272657
0.471691   0.274766
0.470547   0.272354
0.4698   0.27128
0.47043   0.272161
0.469702   0.272027
0.469525   0.268911
0.470491   0.266579
***********BUSCA LOCAL**************
ANTES | DEPOIS
0.852431   0.244293
0.842233   0.248855
0.962291   0.241791
0.966227   0.248189
0.709948   0.246886
0.741755   0.243112
0.728769   0.247216
0.603816   0.241874
0.716544   0.248294
0.607236   0.253799
0.85766   0.249606
0.738683   0.370011
1.20503   0.241076
0.487519   0.246287
1.21094   0.247153
0.713471   0.242682
0.609823   0.250115
0.728959   0.244544
0.604558   0.245998
0.593964   0.248033
0.846326   0.250872
0.483719   0.253002
0.488397   0.247713
0.606263   0.245298
0.482336   0.24495
0.727685   0.240527
0.850563   0.245167
0.361548   0.25016
1.2274   0.246701
1.08599   0.243044
1.0918   0.245908
0.479532   0.245171
0.605055   0.251139
0.726934   0.244387
0.607016   0.24325
0.966747   0.245142
0.73544   0.24115
0.732306   0.241138
0.725768   0.245543
0.486952   0.239465
0.729945   0.241816
1.09199   0.24256
0.980743   0.244548
0.967715   0.246227
0.725635   0.243822
0.59843   0.249803
0.484729   0.247492
0.726127   0.246564
1.32568   0.244999
1.69761   0.246053
