Tamanho    Peso
115  4569
116  4548
126  4882
118  4912
144  5792
112  4501
111  4477
113  4457
135  5055
117  4384
125  4915
122  4599
121  4714
127  4902
118  4887
107  4350
100  3885
111  4307
127  4765
113  4503
111  4658
128  4927
127  5076
127  4771
123  4827
126  4983
113  4578
104  4684
127  4924
108  4461
141  5554
110  4399
127  4651
122  4775
93  3879
125  4759
108  4226
111  4677
126  4638
129  4999
128  4970
109  4195
119  4685
116  4374
114  4596
112  4619
109  4100
126  4725
120  4403
119  4590

Time taken: 195
