Tamanho    Peso
1094  34900
1103  34847
1087  34684
1094  35147
1106  34837
1104  34838
1098  34867
1101  35103
1084  35278
1097  34740
1104  34694
1106  35028
1110  34880
1107  35068
1094  34827
1097  35467
1101  35010
1097  35175
1110  34973
1103  34897
1099  35151
1101  34663
1105  35189
1105  35167
1092  35011
1089  35039
1085  34998
1113  34782
1094  34558
1085  35127
1100  34913
1099  35518
1091  34810
1105  34700
1109  35159
1107  35145
1102  34730
1106  34822
1107  34778
1095  34890
1106  34777
1092  35087
1095  35090
1105  34822
1102  34793
1096  34786
1090  34876
1099  34837
1107  34823
1104  34927

Time taken: 59
