Tamanho    Peso
221  7723
215  7602
201  7248
228  8055
222  7984
214  7507
201  7239
219  7637
233  8085
223  7803
220  7671
223  7950
221  7624
216  7717
217  7742
221  7786
215  7707
219  7808
216  7430
221  7948
214  7617
228  7914
222  7853
219  7683
213  7553
223  7846
216  7864
225  7877
221  7855
224  7672
214  7638
228  7966
221  7753
214  7605
219  7815
214  7663
220  7816
210  7247
225  7870
217  7496
209  7633
224  8003
219  7699
226  7976
215  7830
226  7832
223  7923
222  7759
221  7875
223  7600

Time taken: 16
