***********CONSTRUÇÃO**************
ANTES | DEPOIS
0.212279   0.15683
0.210202   0.155947
0.209662   0.154451
0.210103   0.154453
0.208057   0.156527
0.207751   0.156087
0.208874   0.152316
0.209722   0.156744
0.208937   0.15559
0.209973   0.154399
0.21148   0.154727
0.209202   0.155289
0.210626   0.154452
0.211667   0.155377
0.209141   0.156408
0.211435   0.154828
0.208244   0.152374
0.212472   0.154323
0.208639   0.155879
0.209235   0.155233
0.208599   0.153559
0.210009   0.156285
0.208356   0.153926
0.211394   0.154796
0.210779   0.156617
0.208316   0.154507
0.210464   0.152199
0.210835   0.155269
0.211432   0.155331
0.20964   0.154722
0.208863   0.153598
0.211426   0.155603
0.210965   0.154266
0.211458   0.155495
0.2097   0.155192
0.210381   0.155005
0.208924   0.153084
0.207284   0.155568
0.207587   0.155775
0.207263   0.15459
0.207049   0.153716
0.209822   0.155671
0.208136   0.153902
0.207517   0.154465
0.209724   0.155697
0.209276   0.156457
0.210856   0.153913
0.209448   0.155057
0.210798   0.156488
0.209502   0.153599
***********BUSCA LOCAL**************
ANTES | DEPOIS
0.167718   0.187518
0.112766   0.246431
0.173352   0.247246
0.123748   0.117797
0.11437   0.124624
0.22113   0.17864
0.113055   0.176376
0.112139   0.184093
0.120271   0.123453
0.170277   0.241499
0.10924   0.120265
0.112874   0.127125
0.109588   0.126484
0.11353   0.252899
0.241048   0.123242
0.113932   0.122618
0.113288   0.118059
0.11285   0.123092
0.117667   0.240237
0.115567   0.181931
0.117399   0.241577
0.114292   0.120975
0.176785   0.132997
0.161926   0.178581
0.109843   0.234817
0.118426   0.122231
0.115205   0.124975
0.120859   0.124991
0.112002   0.308181
0.111968   0.179106
0.112502   0.11697
0.112988   0.246842
0.180127   0.119345
0.236908   0.171509
0.220563   0.116221
0.107353   0.244613
0.10294   0.125295
0.111675   0.173082
0.172406   0.121557
0.10771   0.174127
0.117061   0.176695
0.230089   0.124928
0.118934   0.119665
0.119581   0.124474
0.109733   0.180836
0.110266   0.23833
0.11572   0.127654
0.112468   0.118844
0.110638   0.239592
0.235306   0.240174
