Tamanho    Peso
1074  35112
1064  34991
1069  34943
1076  35142
1070  35003
1061  35039
1067  35049
1066  34844
1087  35083
1071  35267
1081  35303
1076  35304
1077  35017
1074  35366
1069  35126
1077  35009
1076  35075
1089  35037
1056  35341
1076  35227
1062  35012
1074  35154
1082  35012
1072  34995
1066  34823
1073  34986
1072  35026
1075  35000
1075  35106
1082  35153
1073  35084
1075  35020
1081  35055
1073  35126
1077  34903
1076  35118
1070  34669
1080  35005
1091  35264
1070  35374
1069  35072
1070  34845
1070  34971
1062  35092
1067  34791
1075  34928
1073  34989
1075  34932
1067  35094
1071  35087

Time taken: 54
