***********CONSTRUÇÃO**************
ANTES | DEPOIS
1.67406   1.08356
1.68166   1.09478
1.68522   1.10445
1.6771   1.09818
1.68077   1.06638
1.67717   1.10472
1.68165   1.10597
1.68173   1.0771
1.68271   1.09444
1.67769   1.10458
1.68054   1.07905
1.67506   1.09346
1.6765   1.10483
1.67416   1.09847
1.67526   1.06719
1.67431   1.10908
1.676   1.10796
1.67501   1.07634
1.67692   1.09419
1.6784   1.1057
1.67882   1.07985
1.67358   1.09166
1.67908   1.10733
1.68381   1.10073
1.67962   1.06463
1.6809   1.11
1.68355   1.10999
1.68357   1.0763
1.68239   1.09303
1.67895   1.10558
1.68158   1.08128
1.67867   1.09515
1.67949   1.10348
1.68192   1.10022
1.68248   1.0678
1.6794   1.10739
1.68397   1.10817
1.68416   1.07713
1.67472   1.09129
1.68086   1.10359
1.67956   1.08008
1.67718   1.09279
1.68142   1.10723
1.67945   1.09992
1.67813   1.06473
1.67883   1.1087
1.68133   1.10886
1.68104   1.07652
1.67956   1.09374
1.68233   1.10367
***********BUSCA LOCAL**************
ANTES | DEPOIS
2.1843   0.868287
1.25961   1.27838
2.57444   2.17288
4.33865   0.85133
4.35671   0.878975
2.597   1.29675
3.01519   0.876029
3.03438   0.870696
2.16635   1.741
2.59429   1.30561
1.7121   0.86633
1.70945   1.74768
3.01816   0.887393
1.26096   0.865155
1.28457   0.883553
1.71626   0.875476
1.70065   1.30483
1.29106   1.72145
2.57331   0.875796
3.45417   1.75052
3.45618   1.30082
2.58267   0.866426
2.55867   2.17886
1.71846   0.86563
1.70655   0.87272
2.14209   0.877571
3.91096   0.853253
1.7094   0.871264
2.59813   0.863526
3.02433   1.74071
2.57211   0.858651
3.88258   0.869866
1.28227   1.76794
2.12257   0.858934
3.01771   0.878632
2.17019   1.3146
3.48482   1.71917
1.28253   1.75871
3.00799   0.871397
3.87887   0.863971
1.2996   0.872784
3.90621   0.875363
2.56755   1.31264
1.7211   0.869659
1.28773   0.873234
1.27287   1.29978
1.72071   1.31317
2.14193   0.877052
3.02478   0.876841
2.62306   1.31203
