Tamanho    Peso
1726  57023
1685  57149
1710  56466
1713  56605
1727  56525
1717  57030
1727  56689
1721  56772
1720  57141
1719  56666
1700  56849
1694  56676
1718  56308
1689  57059
1688  57195
1731  57111
1708  57187
1713  56959
1713  56706
1733  56618
1710  56413
1727  56658
1739  56726
1718  57203
1709  56987
1708  57300
1705  56357
1721  57204
1728  56972
1716  56749
1725  56666
1716  56477
1690  56818
1729  57195
1729  56869
1700  57118
1726  56793
1704  57344
1705  56524
1715  56944
1691  57197
1741  56707
1723  56708
1731  57492
1708  57081
1696  57311
1704  56875
1740  56831
1732  56778
1715  57002

Time taken: 206
