Tamanho    Peso
264  7702
324  7693
329  7692
310  7547
317  7904
324  7706
275  7709
320  7597
318  7723
249  6874
269  7458
323  7705
267  7400
316  7618
276  7806
260  7533
320  7716
260  7687
313  7651
267  7835
321  7607
313  7570
319  7591
320  7609
320  7672
317  7743
262  7241
266  7493
255  7431
248  6949
325  7882
259  7448
276  7693
243  6847
308  7575
270  7684
323  7733
261  7485
318  7758
319  7601
267  7560
261  7197
309  7624
255  6741
320  7705
322  7758
319  7806
316  7831
312  7600
264  7653

Time taken: 21
