91;8;68 177 192 211 310 324 458 532 578 630 650 737 746 754 767 788 803 825 852 857 872 873 877 887 889 1025 1041 1062 1117 1172 1197 1224 1228 1230 1261 1290 1336 1378 1758 1762 1788 1792 1793 1827 1831 2071 2076 2110 2221 2313 2426 2507 2543 2551 2552 2650 2699 2719 2721 2728 2730 2734 2930 2947 2956 2964 2995 3000 3141 3296 3385 3395 3446 3493 3529 3549 3590 3628 3643 3679 3692 3722 3823 3838 3894 3921 3933 3964 3980 3993 4029
91;8;0 68 177 192 211 310 324 458 506 532 630 650 737 746 754 767 788 803 825 852 857 872 873 877 887 889 929 948 1025 1041 1062 1117 1197 1224 1228 1230 1758 1762 1778 1788 1792 1793 1827 1831 2010 2076 2110 2221 2313 2426 2543 2551 2650 2699 2719 2721 2728 2730 2734 2902 2930 2947 2956 2964 2995 3029 3033 3060 3141 3296 3385 3446 3493 3542 3549 3590 3628 3643 3679 3692 3722 3823 3838 3894 3921 3933 3964 3980 3982 3993 4029
91;8;0 68 177 192 211 310 324 458 506 532 630 650 737 746 754 767 788 803 825 852 857 872 873 877 887 889 948 1025 1041 1062 1117 1197 1224 1228 1230 1577 1758 1762 1788 1792 1793 1827 1831 1957 2010 2076 2110 2221 2313 2343 2426 2543 2551 2650 2699 2719 2721 2728 2730 2734 2902 2930 2947 2956 2964 2995 3029 3033 3060 3141 3296 3385 3446 3493 3549 3590 3628 3643 3679 3692 3722 3823 3838 3894 3921 3933 3964 3980 3982 3993 4029
91;8;68 177 192 211 310 324 458 532 578 630 650 737 746 754 767 788 803 825 852 857 872 873 877 887 889 1025 1041 1062 1117 1197 1224 1228 1230 1261 1378 1758 1762 1788 1792 1793 1827 1831 2071 2076 2110 2221 2313 2426 2507 2543 2551 2552 2650 2699 2719 2721 2728 2730 2734 2930 2947 2956 2964 2995 3000 3034 3050 3141 3173 3296 3385 3446 3466 3493 3549 3590 3628 3643 3679 3692 3722 3823 3838 3894 3921 3933 3964 3980 3986 3993 4029
92;8;68 177 192 211 310 324 458 532 578 630 650 695 737 746 754 767 788 803 825 852 857 872 873 877 887 889 1025 1041 1062 1117 1197 1224 1228 1230 1261 1328 1378 1758 1762 1788 1792 1793 1827 1831 2071 2076 2110 2221 2313 2426 2466 2507 2543 2551 2552 2650 2699 2719 2721 2728 2730 2734 2930 2947 2956 2964 2995 3000 3141 3296 3385 3446 3493 3549 3590 3628 3643 3679 3692 3718 3722 3819 3823 3838 3894 3921 3933 3936 3964 3980 3993 4029
92;8;0 68 177 192 211 310 324 458 506 532 630 650 737 746 754 767 788 803 825 852 857 872 873 877 887 889 948 1025 1041 1062 1117 1172 1197 1224 1228 1230 1290 1336 1758 1762 1788 1792 1793 1827 1831 2010 2076 2110 2221 2313 2426 2543 2551 2650 2699 2719 2721 2728 2730 2734 2902 2930 2947 2956 2964 2995 3029 3033 3060 3141 3296 3385 3446 3493 3529 3549 3590 3628 3643 3679 3692 3722 3823 3838 3894 3921 3933 3964 3980 3982 3993 4029
93;8;0 68 177 192 211 310 324 458 506 532 630 650 737 746 754 767 788 803 825 852 857 872 873 877 887 889 948 1025 1041 1062 1117 1197 1224 1228 1230 1758 1762 1788 1792 1793 1827 1831 2010 2076 2110 2221 2313 2426 2543 2551 2650 2699 2719 2721 2728 2730 2734 2902 2930 2947 2956 2964 2995 3029 3033 3034 3050 3060 3141 3173 3296 3385 3446 3466 3493 3549 3590 3628 3643 3679 3692 3722 3823 3838 3894 3921 3933 3964 3980 3982 3986 3993 4029
94;8;0 68 177 192 211 310 324 458 506 532 630 650 695 737 746 754 767 788 803 825 852 857 872 873 877 887 889 948 1025 1041 1062 1117 1197 1224 1228 1230 1328 1758 1762 1788 1792 1793 1827 1831 2010 2076 2110 2221 2289 2313 2426 2543 2551 2650 2699 2719 2721 2728 2730 2734 2902 2930 2947 2956 2964 2995 3029 3033 3060 3141 3296 3385 3446 3493 3549 3590 3628 3643 3679 3692 3718 3722 3819 3823 3838 3894 3921 3933 3936 3964 3980 3982 3993 4029
94;8;0 68 177 192 211 310 324 458 506 532 630 639 650 714 737 746 754 767 788 803 825 852 857 872 873 877 887 889 948 1025 1041 1062 1117 1197 1224 1228 1230 1332 1758 1762 1788 1792 1793 1827 1831 2010 2076 2110 2221 2313 2426 2543 2551 2650 2699 2719 2721 2728 2730 2734 2759 2902 2930 2947 2956 2964 2995 3029 3033 3060 3141 3296 3385 3437 3446 3485 3493 3549 3590 3628 3643 3679 3692 3722 3823 3838 3894 3921 3933 3964 3980 3982 3993 4029
95;8;0 68 177 192 211 310 324 458 506 532 578 630 650 737 746 754 767 788 803 825 852 857 872 873 877 887 889 948 1025 1041 1062 1117 1197 1224 1228 1230 1261 1378 1758 1762 1788 1792 1793 1827 1831 2010 2071 2076 2110 2221 2313 2426 2507 2543 2551 2552 2650 2699 2719 2721 2728 2730 2734 2902 2930 2947 2956 2964 2995 3000 3029 3033 3060 3141 3296 3385 3446 3493 3549 3590 3628 3643 3679 3692 3722 3823 3838 3894 3921 3933 3964 3980 3982 3993 4029
