Tamanho    Peso
1069  36028
1067  35725
1061  35859
1071  35845
1067  35764
1080  36064
1068  35850
1057  35798
1070  35819
1064  36305
1054  35670
1057  35724
1060  35679
1072  35636
1062  35946
1062  35773
1056  35712
1065  35798
1079  36030
1066  35616
1068  35943
1065  35800
1065  35951
1063  35646
1062  35744
1065  36037
1061  35977
1060  35638
1069  35716
1071  36041
1059  35677
1057  35666
1073  36151
1069  35930
1061  35792
1055  35639
1067  36182
1056  36159
1051  35410
1069  35741
1064  35891
1063  35550
1073  35893
1070  36167
1071  36006
1071  36004
1068  35844
1055  35901
1069  35924
1058  36124

Time taken: 65
