***********CONSTRUÇÃO**************
ANTES | DEPOIS
1.72263   1.65736
1.72024   1.65654
1.71934   1.65705
1.73092   1.66082
1.72595   1.63782
1.72474   1.65665
1.72664   1.64053
1.72263   1.65421
1.72741   1.65821
1.72978   1.65631
1.72269   1.65395
1.73313   1.65651
1.7303   1.65945
1.72111   1.65909
1.72875   1.64079
1.73106   1.65841
1.72495   1.63737
1.73125   1.65191
1.72812   1.65986
1.72466   1.65765
1.72151   1.65305
1.72061   1.6556
1.7229   1.65514
1.72297   1.66
1.72764   1.6418
1.72774   1.65457
1.72331   1.63807
1.72119   1.65619
1.72516   1.65287
1.72434   1.65514
1.72255   1.6492
1.72921   1.65639
1.72766   1.65799
1.72756   1.65915
1.72272   1.64416
1.72253   1.66115
1.72328   1.63738
1.72017   1.66082
1.72575   1.65564
1.73029   1.65406
1.72971   1.64868
1.72533   1.65563
1.72309   1.65842
1.72596   1.65986
1.72516   1.64616
1.73118   1.65593
1.72745   1.64453
1.72859   1.6603
1.72704   1.66234
1.72103   1.65932
***********BUSCA LOCAL**************
ANTES | DEPOIS
1.53807   2.14468
1.48706   1.57755
1.57068   1.59568
1.47412   1.51939
1.61897   1.55117
1.58781   3.19008
1.48836   4.57804
1.50559   4.11085
1.9679   2.02849
2.6027   1.49168
2.09135   3.54926
1.49756   1.56098
1.5442   2.57434
3.18327   3.19174
2.67091   2.11643
2.14554   1.53125
2.56868   1.45391
1.62469   3.5316
3.60488   2.63775
2.00148   4.60566
1.49284   2.09409
1.60989   1.5561
1.51292   3.7082
1.50401   1.47736
1.54618   2.628
1.53543   1.54633
2.53652   3.26341
3.06673   1.53442
3.60409   4.2489
3.62208   1.55986
2.03841   4.03161
1.53347   1.54718
2.99201   2.61346
2.13719   1.46222
3.67101   4.25725
2.53877   1.48186
2.04821   2.0287
2.06302   1.54554
1.54685   2.14262
1.49484   2.98213
3.10586   1.54739
2.11706   2.10037
1.53649   2.59438
1.91028   3.61493
1.52693   3.63639
1.52764   1.94948
4.1338   1.41102
1.56868   1.49747
1.4868   1.60462
1.61617   5.0792
