Tamanho    Peso
1030  33126
1031  33016
1032  33095
1036  33466
1059  33161
1037  33145
1037  33109
1042  33189
1037  33250
1021  33072
1050  33592
1046  33355
1036  33231
1049  33314
1037  33303
1044  33552
1038  32996
1047  33206
1041  33442
1044  33050
1043  33151
1030  33225
1045  33521
1038  33035
1044  33279
1046  33553
1025  33319
1048  33416
1050  33213
1033  33349
1039  33416
1046  33173
1026  33365
1056  33435
1032  33490
1030  33464
1042  32850
1039  33352
1040  33087
1042  33555
1039  33238
1044  33287
1040  33133
1026  33194
1022  33465
1038  33253
1046  33206
1044  33115
1035  33005
1037  32779

Time taken: 58
