Tamanho    Peso
92  3720
119  4583
96  3255
99  3873
106  4153
102  4126
107  4568
100  4186
105  4077
107  3702
103  4011
105  4047
117  4697
92  4090
113  4617
131  4800
101  4349
108  4359
90  3476
95  3956
115  4221
100  4083
110  4113
99  3715
91  3904
104  3599
87  3541
83  3000
99  3834
107  4505
98  3975
92  3681
118  4532
116  4716
88  3392
102  4132
101  3815
92  3404
86  3405
115  4620
99  3842
111  4270
91  3488
97  4112
98  4016
101  4141
104  4167
112  4307
102  4173
90  3689

Time taken: 181
