Tamanho    Peso
1071  35114
1064  34837
1070  35039
1076  35109
1072  35152
1072  35007
1074  35022
1077  35008
1081  34952
1062  35267
1067  35099
1059  35153
1072  35087
1067  35303
1069  35088
1070  35238
1083  35147
1075  35150
1063  35298
1075  34984
1070  34864
1078  35356
1073  35012
1069  34777
1063  34971
1067  35080
1068  35360
1075  35104
1066  35051
1069  35234
1078  34971
1067  34909
1070  35375
1083  35126
1073  34785
1078  34956
1064  34984
1064  34906
1070  34902
1060  34814
1072  35011
1058  35317
1083  34991
1079  35002
1085  35236
1066  34989
1062  34957
1072  34885
1067  35062
1073  35215

Time taken: 54
