83;8;68 177 192 211 306 310 324 458 532 630 635 650 737 767 770 788 803 825 852 872 873 877 887 889 1025 1117 1172 1197 1224 1228 1230 1290 1347 1577 1762 1788 1792 1912 2076 2110 2221 2313 2343 2507 2543 2551 2650 2699 2719 2721 2728 2730 2734 2947 2956 2964 3033 3034 3050 3141 3296 3314 3385 3403 3446 3493 3529 3549 3643 3647 3679 3692 3722 3819 3823 3838 3894 3921 3933 3964 3980 3993 4029
83;8;68 177 192 211 310 324 458 506 532 630 650 737 767 770 788 803 825 852 873 877 887 889 1025 1062 1117 1172 1197 1224 1228 1230 1290 1347 1610 1762 1788 1792 1820 1912 2076 2110 2313 2343 2543 2551 2552 2650 2699 2719 2721 2728 2734 2751 2889 2947 2956 2964 3034 3141 3153 3296 3385 3395 3403 3437 3446 3493 3529 3549 3606 3643 3679 3692 3722 3819 3823 3838 3894 3921 3933 3964 3980 3993 4029
83;8;68 177 192 211 310 322 324 458 532 630 650 737 767 770 788 803 825 852 873 877 887 889 1025 1117 1172 1197 1224 1228 1230 1290 1347 1762 1788 1792 1793 1912 2076 2110 2313 2343 2543 2551 2650 2699 2719 2721 2728 2734 2751 2816 2902 2947 2956 2964 3034 3141 3296 3385 3395 3403 3422 3446 3493 3521 3529 3549 3606 3628 3643 3679 3692 3722 3819 3823 3838 3894 3921 3933 3964 3980 3982 3993 4029
83;8;68 177 192 211 310 324 458 506 532 630 650 737 746 767 770 788 803 825 852 873 877 887 889 1025 1062 1117 1172 1197 1224 1228 1230 1290 1347 1610 1758 1762 1788 1792 1820 1827 1912 2076 2110 2244 2313 2343 2543 2551 2650 2699 2719 2721 2728 2734 2889 2947 2956 2964 3034 3141 3296 3385 3403 3437 3446 3493 3529 3549 3643 3679 3692 3722 3819 3823 3838 3894 3921 3933 3964 3980 3993 4021 4029
84;8;68 177 192 211 310 320 324 369 458 532 630 650 737 767 770 788 803 825 852 872 873 877 887 889 1025 1065 1117 1172 1197 1224 1228 1230 1290 1347 1577 1762 1788 1792 1831 1912 2071 2076 2110 2125 2221 2313 2343 2507 2543 2551 2650 2699 2719 2721 2728 2730 2734 2947 2956 2964 3034 3141 3296 3385 3403 3446 3493 3529 3549 3643 3679 3692 3722 3819 3823 3838 3894 3921 3933 3936 3964 3980 3993 4029
84;8;68 177 192 211 310 322 324 369 458 532 630 650 737 767 770 788 803 825 852 873 877 887 889 1025 1065 1117 1172 1197 1224 1228 1230 1290 1347 1762 1788 1792 1793 1831 1912 2071 2076 2110 2313 2343 2543 2551 2650 2699 2719 2721 2728 2734 2902 2947 2956 2964 3034 3141 3296 3385 3397 3403 3422 3446 3493 3521 3529 3549 3628 3643 3679 3692 3722 3819 3823 3838 3894 3921 3933 3964 3980 3982 3993 4029
85;8;0 68 177 192 211 310 324 458 506 532 630 650 737 767 770 788 803 825 852 872 873 877 887 889 1025 1062 1117 1172 1197 1224 1228 1230 1290 1347 1577 1610 1762 1788 1792 1820 1912 2076 2110 2221 2313 2343 2507 2543 2551 2650 2699 2719 2721 2728 2730 2734 2759 2889 2947 2956 2964 3034 3141 3296 3385 3403 3437 3446 3493 3529 3549 3643 3679 3692 3722 3819 3823 3838 3894 3921 3933 3964 3980 3993 4029
85;8;68 177 192 211 310 322 324 458 532 630 650 737 767 770 788 803 825 852 872 873 877 887 889 1025 1117 1172 1197 1224 1228 1230 1290 1347 1577 1762 1788 1792 1793 1851 1912 2076 2110 2221 2313 2343 2507 2543 2551 2650 2699 2719 2721 2728 2730 2734 2902 2947 2956 2964 3034 3141 3296 3385 3403 3422 3446 3493 3521 3529 3549 3628 3643 3679 3692 3722 3819 3823 3838 3894 3921 3933 3964 3980 3982 3993 4029
85;8;68 177 192 211 310 322 324 458 506 532 630 650 737 767 770 788 803 825 852 873 877 887 889 1025 1062 1117 1172 1197 1224 1228 1230 1290 1347 1610 1762 1788 1792 1793 1820 1912 2076 2110 2313 2343 2543 2551 2650 2699 2719 2721 2728 2734 2889 2902 2947 2956 2964 3034 3141 3296 3385 3403 3422 3437 3446 3493 3521 3529 3549 3628 3643 3679 3692 3722 3819 3823 3838 3894 3921 3933 3964 3980 3982 3993 4029
86;8;68 177 192 211 310 322 324 458 532 630 650 737 746 767 770 788 803 825 839 852 873 877 887 889 1025 1117 1172 1197 1224 1228 1230 1290 1336 1347 1758 1762 1788 1792 1793 1827 1912 2076 2110 2244 2313 2343 2543 2551 2650 2699 2719 2721 2728 2734 2902 2947 2956 2964 3034 3141 3296 3385 3403 3422 3446 3493 3521 3529 3549 3628 3643 3679 3692 3722 3819 3823 3838 3894 3921 3933 3964 3980 3982 3993 4021 4029
