***********CONSTRUÇÃO**************
ANTES | DEPOIS
0.241669   0.208691
0.241631   0.200047
0.242291   0.205638
0.24024   0.193187
0.242605   0.208786
0.24041   0.204317
0.241061   0.185891
0.241822   0.205697
0.241009   0.194553
0.24374   0.194603
0.242459   0.208026
0.242083   0.201248
0.243019   0.200997
0.24553   0.192858
0.241338   0.207378
0.241269   0.206555
0.241824   0.185533
0.243265   0.205064
0.240344   0.197706
0.243751   0.194477
0.242977   0.20588
0.242015   0.201426
0.242519   0.204468
0.241994   0.194306
0.242571   0.206848
0.242136   0.203055
0.24128   0.185355
0.242477   0.204972
0.242545   0.19472
0.240829   0.192222
0.241814   0.206561
0.240189   0.200587
0.243205   0.206157
0.242966   0.194308
0.242218   0.208306
0.244668   0.205157
0.24215   0.185503
0.242617   0.20358
0.242807   0.195519
0.239805   0.194185
0.240839   0.205566
0.243579   0.200069
0.239547   0.204483
0.241217   0.192985
0.242465   0.206259
0.238047   0.202475
0.241323   0.186112
0.244025   0.202341
0.241681   0.196177
0.238322   0.194577
***********BUSCA LOCAL**************
ANTES | DEPOIS
0.123061   0.201454
0.118288   0.269748
0.231391   0.459332
0.123007   0.200055
0.112199   0.196955
0.125816   0.334418
0.122879   0.326847
0.235408   0.20223
0.195804   0.201498
0.118897   0.326511
0.115592   0.397106
0.109237   0.199341
0.115156   0.206621
0.253555   0.194752
0.116744   0.408298
0.105414   0.76605
0.237003   0.193184
0.111033   0.278137
0.173487   0.346301
0.241891   0.20073
0.237788   0.414354
0.182493   0.256941
0.17171   0.195359
0.255375   0.19605
0.114854   0.207351
0.245624   0.208812
0.180061   0.32884
0.249907   0.202357
0.116633   0.13767
0.121507   0.335171
0.113717   0.536133
0.197156   0.20231
0.251743   0.404936
0.112375   0.265869
0.120254   0.206653
0.261762   0.197952
0.113589   0.186376
0.104828   0.199704
0.111054   0.203647
0.111396   0.136461
0.177282   0.338722
0.238925   0.19569
0.112973   0.191057
0.230802   0.25941
0.237107   0.2712
0.24922   0.208033
0.182972   0.405387
0.116296   0.20062
0.118427   0.20764
0.115278   0.269991
