***********CONSTRUÇÃO**************
ANTES | DEPOIS
0.470756   0.278431
0.470124   0.275805
0.470377   0.274575
0.470797   0.273936
0.47284   0.274672
0.471275   0.274487
0.471109   0.27429
0.470945   0.275077
0.472142   0.275587
0.470075   0.273704
0.470647   0.27669
0.472511   0.275929
0.470951   0.275445
0.471496   0.275455
0.47069   0.274634
0.470708   0.274455
0.472051   0.274148
0.470322   0.274754
0.470831   0.274778
0.471584   0.273683
0.470385   0.275137
0.470815   0.27596
0.471806   0.276622
0.471976   0.274912
0.471048   0.275018
0.470915   0.275035
0.47027   0.275943
0.472219   0.274686
0.469311   0.274725
0.4738   0.273928
0.470676   0.276554
0.471037   0.276759
0.469487   0.276474
0.469364   0.274339
0.472168   0.275336
0.471299   0.274565
0.472504   0.275618
0.471342   0.27652
0.470825   0.277083
0.472015   0.274743
0.470301   0.275115
0.470851   0.276819
0.470685   0.276241
0.471275   0.275851
0.470928   0.276834
0.469882   0.274744
0.47165   0.274945
0.471567   0.275081
0.47034   0.275359
0.471593   0.274629
***********BUSCA LOCAL**************
ANTES | DEPOIS
0.599487   0.245285
0.605345   0.243617
0.485575   0.244924
0.478924   0.244469
1.08237   0.242322
1.20906   0.245992
0.617663   0.247447
1.44028   0.239194
0.835309   0.241041
0.608507   0.24683
0.723449   0.248174
0.971041   0.249933
0.60386   0.24822
0.599534   0.245987
0.978065   0.243167
0.721794   0.372417
0.850634   0.246851
1.2088   0.239803
0.605129   0.251045
0.485724   0.251447
0.489387   0.24193
0.727263   0.244375
0.848363   0.368474
0.844218   0.245578
0.605076   0.244338
0.604769   0.240586
1.20823   0.24761
0.482549   0.245948
0.851082   0.244149
0.719245   0.249863
0.981965   0.246117
0.971243   0.247948
0.717501   0.239811
0.598886   0.244601
0.738889   0.248883
0.367695   0.247809
0.605977   0.244855
1.09737   0.242554
0.861876   0.241443
1.09258   0.243792
1.08179   0.245405
0.729931   0.238169
0.485118   0.242924
1.09811   0.242097
1.22377   0.243279
1.09981   0.245153
0.732725   0.244223
0.849731   0.241522
0.604726   0.252325
0.604967   0.240894
