***********CONSTRUÇÃO**************
ANTES | DEPOIS
1.81672   1.73249
1.81836   1.72821
1.81966   1.7281
1.81834   1.71529
1.82377   1.73488
1.81929   1.72804
1.82082   1.7271
1.82215   1.72357
1.82198   1.72917
1.8189   1.71421
1.817   1.73098
1.81704   1.73738
1.81848   1.72972
1.81427   1.71032
1.81532   1.73209
1.8171   1.72257
1.81952   1.72373
1.81594   1.73033
1.8094   1.72748
1.81294   1.71399
1.82128   1.72201
1.82146   1.73351
1.81815   1.72798
1.82028   1.71124
1.81832   1.73367
1.82298   1.72787
1.81925   1.71736
1.82171   1.72352
1.81985   1.73202
1.81863   1.71566
1.81707   1.73722
1.82669   1.73454
1.82149   1.72617
1.81635   1.71396
1.81752   1.73396
1.81726   1.72369
1.81485   1.7227
1.82098   1.73368
1.81617   1.72455
1.81403   1.72022
1.81676   1.72857
1.82421   1.73291
1.81602   1.72685
1.81698   1.70594
1.81346   1.73475
1.81587   1.72854
1.81161   1.72482
1.81824   1.73371
1.81815   1.7298
1.81225   1.71544
***********BUSCA LOCAL**************
ANTES | DEPOIS
1.21672   1.75247
2.44035   1.82497
1.22076   1.8111
1.24325   1.82801
1.21114   1.85145
1.2056   1.85143
1.80177   1.85059
1.84129   1.70405
1.20893   1.86125
1.21848   3.04661
1.19487   1.83514
1.25114   1.86576
1.23102   1.81045
1.77665   1.7964
1.23733   1.83541
1.23996   1.83971
1.22015   1.79811
1.18642   1.87189
1.8307   1.88306
2.43005   1.82529
1.79134   1.85062
1.20923   1.83669
1.20752   1.84642
1.20094   2.44592
1.22131   2.37335
1.1925   1.83591
1.19629   1.83169
1.23101   3.64729
1.2006   2.44633
1.2234   1.86394
2.43741   3.03429
1.21384   1.72333
1.20224   1.81731
1.19705   1.82704
1.24381   1.82604
2.41078   1.80105
1.21171   1.86223
1.17465   1.86114
1.2022   1.84355
1.84324   1.85566
1.19895   1.81906
1.80785   1.81101
1.1997   1.82848
1.85926   1.81419
1.2299   1.83505
1.22454   1.805
1.87752   1.81565
1.82785   1.82515
1.21292   1.84524
1.2159   1.80882
