Tamanho    Peso
123  4925
161  6457
156  6491
152  6007
171  6850
161  6519
161  6449
117  4639
171  6780
154  6012
160  6377
156  6230
152  5910
151  6111
162  6352
163  6618
153  6202
172  6866
163  6671
157  6378
156  6302
142  6009
153  6374
154  5962
133  5263
157  6393
154  5947
151  5848
157  6269
155  6486
154  5837
117  4546
152  6278
156  6005
156  6264
149  5841
165  6729
158  6399
162  6312
150  6113
161  6471
154  5778
158  6275
147  5676
156  6386
156  6266
154  6351
146  5476
151  6183
153  5878

Time taken: 184
