***********CONSTRUÇÃO**************
ANTES | DEPOIS
0.217763   0.15986
0.217832   0.157147
0.215397   0.138542
0.217357   0.142389
0.215283   0.141641
0.217851   0.137549
0.218643   0.129108
0.217126   0.13957
0.215017   0.151015
0.218401   0.152606
0.215827   0.156303
0.218056   0.157326
0.216522   0.140695
0.214269   0.143227
0.218926   0.141551
0.217944   0.137559
0.216301   0.129313
0.217216   0.139243
0.216504   0.151183
0.214367   0.154509
0.214603   0.155571
0.218395   0.156835
0.216537   0.138881
0.218812   0.143331
0.215033   0.141061
0.215399   0.138138
0.217157   0.129747
0.217126   0.139704
0.215448   0.151276
0.216793   0.152819
0.21605   0.156051
0.217672   0.15641
0.218711   0.139174
0.220994   0.143198
0.21733   0.141547
0.217405   0.137399
0.221338   0.129966
0.221219   0.139859
0.218091   0.151689
0.215412   0.153102
0.218531   0.156875
0.214504   0.158244
0.218148   0.138867
0.220437   0.141977
0.217201   0.141435
0.216026   0.137924
0.218347   0.129517
0.217193   0.139393
0.216809   0.153232
0.218406   0.153544
***********BUSCA LOCAL**************
ANTES | DEPOIS
0.122634   0.120579
0.127007   0.12704
0.128935   0.127334
0.120161   0.132955
0.12547   0.127079
0.110622   0.131359
0.126957   0.129929
0.112763   0.132483
0.115091   0.130314
0.129906   0.135607
0.128208   0.119153
0.120832   0.131998
0.127971   0.122984
0.24048   0.127892
0.11783   0.125959
0.128485   0.122647
0.125228   0.122161
0.116665   0.133983
0.187267   0.113074
0.248914   0.137206
0.118728   0.107531
0.129261   0.13492
0.125314   0.137929
0.181002   0.129058
0.127714   0.112302
0.122668   0.133858
0.129974   0.132789
0.11854   0.13595
0.116429   0.126248
0.13046   0.11976
0.119783   0.11212
0.254445   0.136189
0.113297   0.136182
0.119531   0.128161
0.117831   0.125531
0.114282   0.130305
0.244613   0.133451
0.12644   0.115651
0.120078   0.127175
0.120467   0.117743
0.125341   0.123151
0.12544   0.124247
0.107364   0.125432
0.173371   0.11793
0.129647   0.128797
0.108745   0.135263
0.247456   0.127423
0.122614   0.132534
0.128602   0.119451
0.247064   0.125945
