Tamanho    Peso
233  8040
235  8151
215  7622
226  7855
232  8109
229  7894
222  7682
222  7663
227  7845
233  7994
235  7990
238  8332
221  7750
229  7915
231  7985
228  7765
219  7617
225  7825
226  7839
236  7960
234  7913
232  8204
218  7451
226  7760
226  7878
229  7649
218  7512
221  7788
227  7844
229  7906
238  8057
235  8345
217  7530
227  7957
231  8177
227  7739
218  7594
226  7714
226  7769
234  7946
235  8003
240  8275
216  7744
227  7959
231  7992
228  7674
221  7536
226  7866
230  7846
234  7914

Time taken: 13
