Tamanho    Peso
1053  34775
1056  35109
1043  34862
1065  34751
1061  35001
1049  35072
1057  34740
1053  34965
1064  34787
1052  34873
1064  34769
1063  35014
1049  34766
1057  34780
1063  34952
1064  34716
1069  34811
1056  34765
1057  34671
1058  34790
1052  34776
1054  35287
1059  34996
1065  34887
1065  35058
1058  34852
1052  34688
1054  35142
1051  34874
1048  34691
1064  34898
1050  35214
1066  35051
1063  35116
1067  35127
1059  34859
1052  34828
1062  34910
1042  35201
1060  34649
1046  34933
1062  35280
1063  34931
1056  35185
1070  34972
1061  34992
1056  34676
1055  34762
1056  34819
1055  34569

Time taken: 61
