Tamanho    Peso
125  4986
123  4899
114  4815
126  4910
127  5167
130  5210
148  5425
121  4647
99  3963
129  5061
122  4844
115  4593
113  4319
129  4703
116  4496
130  5147
128  4778
119  4488
119  4592
111  4350
118  4934
125  4772
105  4144
133  5126
110  4460
111  4455
110  4232
134  5247
102  3953
108  4320
124  4592
112  4425
115  4299
118  4488
102  3944
119  4712
132  5111
112  4257
127  5170
126  4825
145  5323
113  4684
129  4864
105  4374
121  4930
122  4821
109  4485
126  4804
122  4699
141  5407

Time taken: 193
