Tamanho    Peso
108  4342
109  4249
119  4553
107  4333
99  3898
121  4485
117  4612
108  4151
93  3944
116  4299
114  4549
97  3753
102  4007
115  4806
92  3855
99  4029
109  4109
94  3661
124  4687
95  3677
114  4681
96  4042
121  4548
107  4196
103  4003
93  3974
112  4574
114  4630
133  4958
109  4222
113  4278
104  4027
116  4461
106  4152
126  4777
101  3912
134  4669
99  3656
116  4647
105  4076
102  4050
119  4668
127  4859
124  4607
116  4451
91  3520
103  3966
110  4458
97  4021
115  4586

Time taken: 194
