Tamanho    Peso
113  5147
93  4062
116  4882
102  4375
119  4801
114  4992
111  4389
122  4708
99  4294
121  4745
116  5140
118  4934
93  4027
122  5393
105  4555
124  5081
105  4293
108  4349
84  3641
123  4857
122  5551
102  4465
111  4421
102  4481
121  5199
94  4078
120  4716
94  3832
101  3809
107  4430
98  4147
117  4692
114  4890
113  4978
103  4657
121  4898
121  4787
97  4122
119  4819
123  4732
107  4544
108  4479
121  5290
110  4697
115  4651
106  4529
110  4239
100  4273
111  4361
114  4355

Time taken: 178
