Tamanho    Peso
104  4181
101  4408
114  3975
95  3922
116  4721
89  3848
106  4189
104  4436
98  4243
103  4665
89  3844
105  4407
112  4594
93  4052
105  4390
98  4035
95  3795
92  4034
98  4310
93  3778
122  5377
126  5300
109  4627
98  3829
100  4178
93  3625
95  4081
93  4018
93  3987
97  4168
92  4108
100  4542
90  3805
104  4366
93  3988
119  5244
102  4416
86  3605
97  4078
102  4124
93  3909
97  4012
99  4270
106  4560
101  4459
107  4232
103  3866
92  3982
95  4018
110  4534

Time taken: 186
