Tamanho    Peso
1100  34844
1101  34651
1100  35050
1119  35177
1106  35116
1111  35089
1104  35124
1117  34973
1099  35429
1098  34849
1095  34949
1097  35289
1084  35235
1092  34772
1101  34936
1100  35041
1102  35147
1105  35095
1110  35173
1112  35014
1107  35187
1103  35133
1105  34987
1098  35319
1098  34924
1107  35097
1101  35170
1099  35283
1102  35327
1094  34868
1106  35212
1111  34971
1112  34985
1105  35085
1101  35130
1104  34999
1103  35001
1097  35001
1107  35114
1117  35256
1090  35002
1107  35094
1111  35051
1111  35176
1105  34895
1096  35388
1109  35030
1115  35341
1106  35023
1106  35056

Time taken: 56
