***********CONSTRUÇÃO**************
ANTES | DEPOIS
0.400778   0.236616
0.399184   0.225665
0.401074   0.229453
0.402664   0.228708
0.402084   0.227383
0.402719   0.226332
0.400572   0.224586
0.399965   0.229706
0.401026   0.227465
0.400326   0.2257
0.399965   0.230651
0.400454   0.224472
0.399566   0.229209
0.401006   0.228714
0.399033   0.226046
0.398865   0.226061
0.402171   0.224494
0.401769   0.229217
0.401171   0.227758
0.40078   0.226903
0.401068   0.230655
0.39983   0.225008
0.400464   0.228036
0.401943   0.228819
0.400729   0.226515
0.399935   0.226049
0.400199   0.224856
0.401413   0.229407
0.400751   0.227423
0.401971   0.225479
0.402056   0.229748
0.399644   0.225546
0.400402   0.228786
0.401616   0.228202
0.40073   0.226858
0.400845   0.225333
0.40246   0.223717
0.401468   0.229714
0.4005   0.227529
0.399955   0.225751
0.399873   0.230051
0.400814   0.225192
0.401712   0.229226
0.400718   0.228871
0.401374   0.226546
0.400147   0.22619
0.401758   0.225939
0.399673   0.229373
0.40313   0.227339
0.400645   0.226777
***********BUSCA LOCAL**************
ANTES | DEPOIS
1.16644   0.193398
1.18049   0.292214
0.675455   0.390387
0.578951   0.486183
0.675374   0.293519
0.486062   0.388771
0.584279   0.389239
1.16602   0.488119
0.392107   0.390306
0.774998   0.393637
0.680087   0.192378
0.385954   0.391935
0.291065   0.191727
0.959912   0.194216
0.869051   0.190853
0.663356   0.19321
0.386829   0.293875
0.586875   0.197868
0.682951   0.391991
1.16235   0.196076
0.477053   0.196542
1.06391   0.295441
0.781762   0.19385
0.387085   0.296791
0.875147   0.1941
0.976598   0.194533
0.485062   0.490112
0.578339   0.199066
0.38738   0.292028
1.07368   0.194199
0.477139   0.482889
0.674302   0.394269
0.680603   0.196962
0.778182   0.392008
0.481497   0.194826
0.385768   0.295367
0.876191   0.199955
0.573139   0.196611
0.679439   0.391907
0.783843   0.389917
0.965977   0.195491
0.969246   0.492176
1.06425   0.293553
0.587714   0.289426
0.966107   0.29277
0.295745   0.195341
0.778358   0.296001
0.481274   0.19671
0.580422   0.195428
0.770741   0.196742
