Tamanho    Peso
1785  57053
1776  57394
1801  57637
1773  57388
1778  57237
1763  56836
1785  57601
1772  57334
1786  57576
1770  57126
1779  57346
1773  57445
1789  57542
1769  57114
1777  57538
1770  57322
1787  57523
1776  57488
1791  57114
1766  57296
1784  57407
1781  57370
1790  57439
1772  57519
1788  57386
1781  57243
1786  57372
1794  57608
1772  57342
1777  57103
1788  57170
1784  57329
1786  57585
1775  57062
1774  57372
1772  57175
1774  57422
1772  57446
1780  57364
1774  57271
1784  57252
1781  57450
1778  57298
1777  57360
1769  57345
1771  57270
1778  57481
1779  57453
1776  57268
1771  57208

Time taken: 112
