Tamanho    Peso
250  9441
233  8738
241  8930
246  9282
242  9123
242  9309
238  8881
252  9300
243  9028
249  9186
248  9354
232  8856
243  9230
244  8922
225  8667
248  9215
239  9000
227  8785
245  9178
249  9134
250  9120
233  8688
247  9200
250  9379
235  8679
248  9195
244  8873
250  9422
246  9239
246  9155
232  9056
234  8661
237  9130
245  9204
242  9217
246  9299
240  8962
241  9300
242  9058
247  9178
247  9213
229  8699
245  9203
236  9109
252  9141
248  9285
237  8926
242  9297
229  8831
246  9099

Time taken: 15
