***********CONSTRUÇÃO**************
ANTES | DEPOIS
0.209211   0.154043
0.208771   0.139228
0.208318   0.145958
0.208086   0.14552
0.207371   0.149156
0.204681   0.145364
0.207917   0.146766
0.209078   0.150205
0.206206   0.146072
0.207136   0.145326
0.207891   0.148637
0.210493   0.139489
0.209145   0.146331
0.208229   0.145296
0.208388   0.150115
0.206583   0.147258
0.206507   0.146123
0.205613   0.149979
0.207795   0.146593
0.209661   0.144342
0.207276   0.147419
0.207301   0.139568
0.211167   0.145388
0.209783   0.144188
0.206197   0.151098
0.206795   0.145196
0.206791   0.14822
0.208873   0.149119
0.20831   0.146562
0.208473   0.144086
0.207221   0.149041
0.208416   0.139165
0.204857   0.146108
0.208693   0.1446
0.206707   0.149018
0.206681   0.145627
0.206901   0.146158
0.208842   0.148973
0.212851   0.145464
0.209184   0.144721
0.207021   0.148489
0.207852   0.137764
0.206546   0.145551
0.207552   0.14543
0.208404   0.148038
0.20828   0.144288
0.207416   0.146038
0.205659   0.149053
0.210689   0.146194
0.207841   0.144052
***********BUSCA LOCAL**************
ANTES | DEPOIS
0.117022   0.126648
0.175134   0.133839
0.124173   0.121321
0.120345   0.126303
0.120239   0.126732
0.106812   0.184326
0.121452   0.125487
0.114666   0.127857
0.228294   0.123981
0.126049   0.125648
0.23924   0.125728
0.107093   0.128215
0.177004   0.129174
0.116892   0.120048
0.233995   0.184824
0.36426   0.239601
0.123155   0.127461
0.118752   0.237285
0.11908   0.121246
0.110505   0.123741
0.123932   0.179088
0.230492   0.121774
0.111771   0.240971
0.110644   0.127979
0.126141   0.169615
0.227543   0.123054
0.110799   0.129815
0.175907   0.116346
0.175911   0.125015
0.226887   0.122854
0.116179   0.357281
0.175908   0.119751
0.124762   0.374466
0.118657   0.122264
0.178304   0.126329
0.114878   0.188424
0.120999   0.128854
0.225047   0.24703
0.116832   0.128408
0.248134   0.128773
0.1153   0.123866
0.115528   0.127523
0.125781   0.12634
0.110167   0.246894
0.112027   0.251276
0.122705   0.117544
0.12354   0.128224
0.116308   0.181317
0.112174   0.254389
0.118145   0.131045
