Tamanho    Peso
1093  34365
1091  34598
1097  35010
1095  34814
1094  34649
1108  34710
1106  34829
1102  34696
1076  34350
1093  34627
1086  34689
1103  34473
1100  34641
1103  35032
1103  34605
1097  34815
1094  35044
1087  34249
1099  34578
1093  34500
1102  34601
1101  34937
1105  34789
1101  34732
1105  34608
1104  34544
1097  34545
1094  35049
1085  34521
1097  34552
1095  34517
1100  34540
1103  34507
1091  34520
1095  34831
1095  34477
1091  34632
1099  34504
1099  34658
1102  34928
1102  34378
1102  34535
1094  34413
1089  34427
1096  34533
1094  34646
1098  34518
1093  35010
1102  34674
1104  34531

Time taken: 63
