311 349 392 422 500 967 1395 1461 1474 1730 1994 2085 2312 2335 2360 2372 2500 2651 2717 2856 3032 3261 3406 3932 3945 4087 4104 4124 4183 4197 4203 4407 4585 4838 4844 4902 5356 5361 5515 5536 5836 5958 6003 6220 6373 6391 6561 6638 7009 7073 7148 7271 7277 7474 7619 7922 7977 8041 8094 8116 8180 8453 8480 8501 8511 8532 8534 8790 8878 9019 9187 9215 9300 9422 9430 9540 9580 9586 9597 9745 9913 10069 10071 10092 10230 
87 349 500 587 967 1165 1223 1225 1395 1474 1869 1931 1994 2058 2085 2312 2335 2360 2372 2500 2557 2651 2717 2856 3261 3781 3836 3932 3968 4087 4124 4174 4183 4203 4407 4727 4838 4844 5040 5103 5536 5621 6373 6640 6872 6883 7073 7277 7474 7619 8003 8094 8116 8180 8501 8511 8552 8632 8665 8745 8758 8790 9052 9058 9104 9164 9215 9263 9419 9430 9540 9580 9586 9597 10069 10071 10218 
87 349 422 500 1225 1395 1474 1702 1994 2058 2085 2300 2312 2335 2372 2631 2651 2717 2856 3212 3261 3406 3700 3836 4087 4124 4174 4183 4203 4407 4585 4684 4727 4838 4844 5536 5958 6373 6561 6640 6805 6883 7073 7277 7474 8003 8116 8180 8253 8434 8453 8501 8511 8534 8552 8665 8910 9052 9104 9163 9215 9263 9310 9430 9494 9597 9936 10069 10071 10218 10230 
87 349 500 967 1225 1320 1395 1474 1994 2058 2085 2300 2335 2372 2631 2651 2692 2717 2856 3261 3406 3836 3945 4087 4124 4183 4203 4407 4585 4668 4676 4684 4686 4844 4902 5356 5515 5536 5879 5958 6155 6183 6373 6561 6638 6820 7073 7148 7277 7474 7922 7977 8003 8116 8244 8253 8501 8511 8532 8552 8758 8790 8878 8910 9052 9187 9215 9263 9310 9419 9422 9430 9525 9540 9597 9913 9936 10069 10071 10092 10218 10230 
87 349 392 500 1225 1395 1702 1730 1931 1994 2058 2085 2300 2312 2335 2372 2651 2717 2856 3212 3261 3945 4124 4183 4203 4407 4551 4585 4727 4838 4844 5536 5958 6106 6155 6373 6391 6561 6820 6883 7009 7073 7277 7474 7922 7977 8003 8041 8116 8253 8501 8511 8552 8878 8910 9019 9052 9104 9215 9235 9263 9419 9430 9494 9586 9597 10069 10071 10092 10218 10230 
87 349 500 1225 1395 1474 1994 2058 2244 2312 2335 2372 2500 2631 2651 2745 2856 3261 3406 3781 4087 4183 4203 4407 4585 4684 4838 4844 4902 5040 5515 5536 6155 6373 6561 7009 7073 7277 7474 8176 8180 8253 8480 8501 8511 8532 8632 8665 8758 8910 9052 9149 9187 9215 9271 9430 9540 9580 9597 10069 10071 
87 349 392 422 500 1225 1395 1461 1474 1702 1994 2058 2085 2335 2372 2557 2631 2651 2692 2745 2856 3261 3700 3836 3932 4124 4183 4203 4407 4668 4676 4684 4703 4838 4844 4902 5356 5515 5536 5836 5958 6003 6183 6373 6638 6667 6820 6872 6883 7073 7148 7271 7277 7474 7922 7977 8116 8176 8180 8244 8253 8453 8501 8511 8534 8552 8790 8878 8910 9019 9104 9163 9164 9215 9235 9263 9419 9422 9430 9494 9580 9597 9745 9936 10069 10071 10230 
87 349 392 500 1395 1702 1893 1994 2058 2085 2300 2312 2335 2372 2651 2745 2856 3212 3261 3406 3781 4124 4183 4203 4407 4585 4668 4684 4727 4838 4844 5040 5103 5515 5536 5958 6007 6373 6561 6638 7073 7277 7318 7474 8003 8180 8253 8329 8501 8511 8534 8552 8632 8665 8743 8758 8910 9052 9104 9215 9263 9430 9441 9540 9597 9623 10069 10071 10218 
87 311 314 349 422 500 967 1320 1395 1474 1730 1994 2058 2085 2312 2335 2360 2372 2651 2717 2856 3212 3261 3406 3700 3781 4124 4174 4183 4203 4407 4585 4668 4676 4684 4727 4838 4844 5103 5536 5879 5958 6007 6106 6373 6454 6638 6640 7009 7073 7277 7474 7922 8003 8041 8116 8180 8244 8253 8434 8501 8511 8534 8552 8632 8665 8743 8758 8910 9052 9058 9163 9164 9215 9263 9271 9310 9360 9430 9441 9597 9623 10069 10071 10230 
4 87 311 314 349 500 1320 1395 1474 1730 1977 1994 2058 2085 2312 2335 2372 2500 2631 2651 2692 2745 2856 3261 3406 3836 4087 4104 4124 4183 4203 4407 4668 4686 4703 4838 4844 5103 5356 5515 5536 5836 5958 6003 6220 6373 6391 6561 6640 6820 6883 7073 7148 7271 7277 7474 8094 8116 8253 8380 8434 8501 8511 8665 8790 8878 8910 9019 9052 9187 9215 9263 9271 9300 9422 9430 9494 9580 9597 9897 10069 10071 10092 10230 
