Tamanho    Peso
1707  56617
1699  56617
1704  56233
1692  56347
1699  56482
1696  55924
1680  56659
1713  56434
1694  56911
1702  56369
1701  56426
1698  56929
1683  56183
1691  56455
1687  56984
1715  56922
1709  56993
1686  56090
1711  56384
1712  56341
1705  56263
1705  56666
1683  56756
1688  56970
1697  56518
1700  56626
1695  56148
1698  57120
1689  56204
1714  56824
1694  56508
1698  56854
1698  56738
1703  56866
1705  56882
1707  56497
1704  56781
1699  56347
1723  56349
1706  56797
1693  56317
1695  56413
1697  56911
1680  56576
1698  56452
1697  56672
1696  56060
1705  56109
1709  56761
1703  56396

Time taken: 218
