Tamanho    Peso
1690  55834
1699  56008
1681  55898
1708  56107
1701  55818
1702  55999
1710  56022
1701  55874
1701  55955
1702  55822
1702  56015
1707  56113
1705  56039
1701  55861
1701  55982
1701  56148
1698  55766
1667  55957
1698  55855
1698  55787
1697  55979
1707  56077
1686  55649
1700  56195
1694  55771
1703  56166
1705  56109
1690  55925
1692  56000
1710  56004
1698  55831
1701  56075
1705  55905
1688  55724
1704  56006
1677  55551
1704  56008
1695  55889
1693  55871
1712  56032
1711  56119
1700  56020
1692  55964
1683  56030
1707  56002
1687  55721
1699  55876
1696  55995
1674  55912
1708  55886

Time taken: 105
