Tamanho    Peso
248  9026
256  9016
258  8771
256  9202
260  8983
248  8628
259  9052
259  9139
241  8979
256  9155
249  8913
246  8555
253  8929
242  8723
255  8911
254  8791
256  8838
237  8589
246  8802
264  9395
256  9126
248  8642
254  9009
252  8906
255  9112
261  9274
259  9127
259  8759
258  9112
252  9029
245  8594
254  8614
256  8838
261  9283
253  8931
244  8827
248  8733
244  8645
249  8644
276  9378
254  8778
251  9014
270  9206
249  8757
248  8831
261  9068
250  8998
260  9137
260  9253
260  9054

Time taken: 19
