114;8;6 19 25 31 68 124 141 143 144 177 181 252 282 323 328 330 348 547 556 600 641 651 662 686 698 748 752 757 789 815 832 867 869 873 879 1000 1002 1098 1118 1121 1131 1154 1196 1197 1240 1264 1363 1368 1401 1435 1548 1551 1553 1615 1797 1831 1840 1897 1905 1959 2018 2057 2139 2150 2189 2275 2315 2361 2373 2393 2497 2527 2540 2555 2565 2622 2651 2667 2805 2807 2837 2895 2945 3026 3033 3037 3054 3074 3131 3271 3328 3366 3382 3413 3485 3487 3510 3529 3538 3638 3670 3708 3726 3759 3844 3918 3968 3975 3999 4007 4016 4017 4021 4027
114;8;6 19 25 31 68 124 141 143 144 177 181 252 282 323 328 330 348 456 460 547 556 600 641 662 686 698 748 752 757 789 815 832 867 869 873 879 1000 1002 1032 1118 1121 1154 1178 1196 1197 1240 1264 1363 1368 1378 1401 1435 1548 1551 1553 1615 1797 1831 1840 1905 2018 2057 2139 2150 2189 2301 2373 2393 2497 2527 2540 2555 2565 2622 2651 2667 2670 2805 2807 2837 2895 2945 3026 3033 3037 3054 3074 3131 3222 3271 3328 3382 3413 3485 3487 3510 3529 3538 3638 3670 3708 3726 3759 3793 3842 3844 3918 3975 3999 4007 4016 4017 4021 4027
115;8;6 19 25 31 68 124 141 143 144 177 181 252 277 282 323 328 330 348 422 523 547 556 600 630 641 662 686 698 748 752 757 789 815 832 867 869 873 879 1000 1002 1118 1121 1154 1196 1197 1240 1264 1363 1368 1401 1435 1468 1548 1551 1553 1615 1797 1831 1840 1905 1928 2008 2018 2057 2139 2150 2168 2189 2373 2393 2403 2444 2497 2527 2540 2555 2565 2622 2651 2667 2805 2807 2837 2895 2945 3026 3033 3037 3054 3074 3131 3271 3328 3382 3413 3485 3487 3510 3529 3538 3638 3670 3708 3726 3759 3844 3918 3937 3975 3999 4007 4016 4017 4021 4027
115;8;6 19 25 31 68 124 141 143 144 177 181 252 282 323 328 330 348 547 556 600 641 662 686 698 748 752 757 789 815 832 867 869 873 879 1000 1002 1118 1121 1154 1196 1197 1240 1264 1363 1368 1401 1435 1548 1551 1553 1615 1797 1831 1840 1905 1928 1959 2008 2018 2057 2139 2150 2159 2168 2189 2275 2315 2365 2373 2393 2403 2444 2497 2527 2540 2555 2565 2622 2651 2667 2805 2807 2837 2895 2945 3026 3033 3037 3054 3074 3131 3271 3328 3382 3413 3485 3487 3510 3529 3538 3638 3670 3708 3726 3759 3844 3918 3937 3975 3999 4007 4016 4017 4021 4027
115;8;6 19 25 31 68 124 141 143 144 177 181 252 282 323 328 330 348 547 556 600 641 651 662 686 698 748 752 757 789 815 832 867 869 873 879 1000 1002 1098 1118 1121 1131 1154 1196 1197 1240 1264 1363 1368 1401 1435 1548 1551 1553 1615 1797 1831 1840 1897 1905 1928 2008 2018 2057 2139 2150 2168 2189 2373 2393 2403 2444 2497 2527 2540 2555 2565 2622 2651 2667 2805 2807 2837 2895 2945 3026 3033 3037 3054 3074 3131 3271 3328 3382 3413 3485 3487 3510 3529 3538 3638 3670 3708 3726 3759 3844 3918 3937 3968 3975 3999 4007 4016 4017 4021 4027
116;8;6 19 25 31 68 124 141 143 144 177 181 252 282 323 328 330 348 460 547 556 600 641 662 686 698 748 752 757 789 808 815 832 867 869 873 879 1000 1002 1032 1118 1121 1154 1196 1197 1224 1235 1240 1264 1363 1368 1401 1435 1548 1551 1553 1615 1797 1831 1840 1905 2018 2057 2139 2150 2189 2301 2373 2393 2497 2527 2540 2555 2565 2622 2651 2667 2670 2805 2807 2837 2895 2945 2982 3026 3033 3037 3054 3074 3131 3222 3271 3328 3382 3413 3485 3487 3510 3529 3538 3605 3638 3670 3708 3726 3759 3793 3842 3844 3918 3975 3999 4007 4016 4017 4021 4027
116;8;6 19 25 31 68 124 141 143 144 177 181 252 282 323 328 330 348 460 525 547 556 600 641 662 686 698 748 752 757 789 815 832 867 869 873 879 1000 1002 1032 1118 1121 1154 1196 1197 1240 1264 1363 1368 1401 1435 1548 1551 1553 1615 1797 1831 1840 1905 1959 2018 2057 2139 2150 2189 2275 2301 2315 2373 2393 2497 2527 2540 2555 2565 2622 2651 2667 2670 2805 2807 2837 2895 2945 3026 3033 3037 3054 3074 3131 3222 3271 3328 3382 3413 3485 3487 3510 3529 3538 3634 3638 3670 3708 3726 3759 3793 3842 3844 3918 3975 3999 4007 4016 4017 4021 4027
117;8;6 19 25 31 68 113 124 141 143 144 177 181 252 277 282 323 328 330 348 422 460 547 556 600 630 641 662 686 698 748 752 757 789 815 832 867 869 873 879 1000 1002 1032 1118 1121 1154 1196 1197 1240 1264 1363 1368 1401 1435 1468 1548 1551 1553 1615 1797 1831 1840 1905 2018 2057 2139 2150 2189 2301 2373 2393 2497 2527 2540 2555 2565 2622 2651 2667 2670 2672 2805 2807 2837 2895 2945 3026 3033 3037 3054 3074 3131 3222 3271 3328 3382 3413 3485 3487 3510 3529 3538 3638 3670 3708 3726 3759 3793 3842 3844 3918 3975 3999 4007 4016 4017 4021 4027
119;8;6 19 25 31 68 124 141 143 144 177 181 252 282 323 328 330 348 460 547 556 600 641 662 686 698 748 752 757 789 815 832 867 869 873 879 1000 1002 1032 1118 1121 1154 1196 1197 1240 1264 1363 1368 1401 1435 1548 1551 1553 1615 1652 1797 1831 1840 1905 1928 2008 2018 2057 2139 2150 2168 2189 2301 2373 2393 2403 2444 2497 2527 2540 2555 2565 2622 2651 2667 2670 2805 2807 2837 2895 2945 2949 3026 3033 3037 3054 3074 3131 3222 3271 3328 3382 3413 3485 3487 3510 3529 3538 3638 3670 3708 3726 3759 3793 3842 3844 3918 3937 3975 3999 4007 4016 4017 4021 4027
120;8;6 19 25 31 68 124 141 143 144 177 181 211 247 252 282 323 328 330 348 460 547 556 600 641 651 662 684 686 698 748 752 757 789 815 832 867 869 873 879 1000 1002 1032 1098 1118 1121 1131 1154 1196 1197 1240 1264 1363 1368 1401 1435 1548 1551 1553 1615 1797 1831 1840 1897 1905 2018 2057 2139 2150 2189 2301 2373 2393 2497 2527 2540 2555 2565 2622 2651 2667 2670 2774 2805 2807 2837 2895 2945 3026 3033 3037 3054 3074 3131 3222 3271 3328 3382 3413 3485 3487 3510 3529 3538 3638 3670 3708 3726 3759 3793 3842 3844 3918 3968 3975 3999 4007 4016 4017 4021 4027
