Tamanho    Peso
1039  35115
1032  34991
1045  34972
1039  34669
1049  35143
1031  34625
1045  35031
1038  35234
1033  34903
1042  35359
1039  35326
1045  35099
1052  34989
1040  34845
1049  35521
1042  34934
1046  35353
1042  35173
1049  34950
1041  35038
1043  34757
1048  34852
1030  35073
1043  34975
1028  35043
1040  34848
1036  34753
1043  34943
1043  34837
1034  34664
1057  35151
1044  35089
1041  34756
1034  34831
1037  34837
1046  34935
1037  34709
1042  35027
1039  34791
1045  34959
1036  35230
1039  35139
1025  34901
1050  35036
1035  34762
1038  34955
1033  34993
1044  34943
1032  34946
1032  34861

Time taken: 64
