***********CONSTRUÇÃO**************
ANTES | DEPOIS
0.469502   0.280327
0.470119   0.279698
0.470278   0.27962
0.470644   0.275894
0.470464   0.277018
0.471239   0.278245
0.471115   0.27835
0.470718   0.276537
0.468968   0.276966
0.470283   0.275658
0.46804   0.277637
0.471091   0.280812
0.471024   0.278797
0.471252   0.27652
0.470429   0.276996
0.469219   0.278499
0.47115   0.278244
0.470603   0.276706
0.471283   0.277822
0.469916   0.276383
0.469952   0.277731
0.469325   0.280264
0.471228   0.279277
0.468623   0.275943
0.469871   0.276309
0.469995   0.277956
0.471443   0.278112
0.470377   0.277102
0.471982   0.277218
0.469687   0.27593
0.470489   0.277449
0.470226   0.279771
0.470019   0.279549
0.469981   0.277146
0.469352   0.277401
0.469846   0.277881
0.469302   0.277755
0.467892   0.276029
0.470365   0.277576
0.469645   0.276374
0.470021   0.278056
0.470616   0.279823
0.471253   0.27889
0.470635   0.276773
0.468838   0.276562
0.46935   0.277357
0.469332   0.278541
0.469763   0.276643
0.469883   0.277865
0.470745   0.276278
***********BUSCA LOCAL**************
ANTES | DEPOIS
0.731103   0.248198
0.607624   0.246988
0.734364   0.249595
1.09718   0.248341
0.850254   0.247839
1.58522   0.245707
0.605827   0.24654
0.606956   0.246151
0.977148   0.247593
0.482051   0.248172
0.603812   0.243396
0.607136   0.244924
0.609662   0.252398
1.343   0.246144
0.369391   0.249029
0.843754   0.244566
0.368004   0.246145
0.616124   0.492637
0.984266   0.246542
1.10165   0.24847
0.851457   0.24657
0.974097   0.248378
0.734306   0.372204
0.850796   0.245808
0.362235   0.251389
0.860535   0.245861
0.858741   0.235935
0.724903   0.2496
0.979182   0.246631
0.73235   0.245483
0.606467   0.246869
0.861948   0.24788
0.981615   0.243514
0.613873   0.246382
0.611202   0.248252
1.09856   0.244873
1.4646   0.250028
0.968157   0.247543
0.975006   0.491748
0.85459   0.245799
0.483552   0.248442
0.723536   0.368769
0.605356   0.245498
0.727308   0.249814
1.21532   0.24965
0.729727   0.247325
1.09729   0.249066
0.975075   0.248183
0.845536   0.245236
0.485254   0.250262
