***********CONSTRUÇÃO**************
ANTES | DEPOIS
0.405137   0.231479
0.406864   0.226486
0.405171   0.226696
0.4047   0.229967
0.403443   0.228721
0.402269   0.22543
0.404619   0.227178
0.403324   0.229105
0.403705   0.223262
0.405226   0.221593
0.404055   0.229092
0.404329   0.225879
0.404092   0.22725
0.405845   0.228686
0.404881   0.227642
0.403394   0.226272
0.405927   0.225796
0.404563   0.227423
0.404656   0.224934
0.406408   0.22127
0.40272   0.227784
0.405165   0.227238
0.406436   0.226182
0.405503   0.229032
0.405093   0.227223
0.402403   0.225544
0.40244   0.227374
0.404108   0.227554
0.406613   0.225349
0.404947   0.222434
0.40576   0.22821
0.406098   0.226615
0.406604   0.226206
0.405223   0.227049
0.404104   0.226328
0.404538   0.225446
0.406595   0.226428
0.405334   0.22755
0.404568   0.225909
0.402468   0.222042
0.405711   0.229376
0.405613   0.227245
0.405465   0.227192
0.405277   0.228225
0.405155   0.22798
0.403768   0.227945
0.404504   0.225313
0.402931   0.228354
0.405015   0.225858
0.404311   0.221843
***********BUSCA LOCAL**************
ANTES | DEPOIS
0.583446   0.583735
0.676812   0.384353
0.880166   0.297135
0.592257   0.490202
0.484685   0.292786
0.682628   0.193258
0.782901   0.386281
0.68018   0.48694
0.78017   0.192935
0.386298   0.293377
0.390218   0.189655
1.06554   0.291602
0.480579   0.486269
0.775834   0.289073
0.684221   0.292934
0.490413   0.287118
0.481073   0.394367
0.386304   0.296321
0.481629   0.28837
0.392881   0.590409
0.392877   0.292971
0.48339   0.393503
0.574876   0.194713
0.870067   0.294414
0.487086   0.294254
0.391637   0.29276
1.06008   0.580042
0.974156   0.198397
0.390798   0.389105
0.290593   0.395751
0.774569   0.481246
0.48551   0.290711
0.292306   0.387301
0.485863   0.287157
0.86738   0.386456
0.58391   0.295809
0.882504   0.288761
1.25888   0.291967
0.582409   0.289173
1.06817   0.195258
0.671808   0.294137
0.673142   0.393119
0.481299   0.39052
0.866345   0.194027
0.865817   0.192343
0.291953   0.289772
0.478802   0.292354
0.779676   0.488688
0.673789   0.29408
0.5799   0.286326
