Tamanho    Peso
1762  57240
1782  57475
1776  57308
1786  57453
1782  57534
1780  57335
1775  57145
1783  57531
1781  57335
1779  57259
1775  57267
1762  57275
1779  57523
1790  57384
1788  57582
1781  57481
1774  57338
1778  57242
1794  57425
1789  57427
1770  57105
1776  57499
1772  57225
1796  57350
1789  57676
1781  57118
1779  57251
1785  57584
1780  57160
1778  57470
1774  57449
1786  57395
1778  57183
1791  57492
1785  57644
1775  57504
1777  57335
1794  57676
1786  57332
1791  57500
1764  57172
1777  57236
1781  57400
1789  57632
1789  57647
1782  57451
1772  57275
1794  57459
1769  57286
1788  57421

Time taken: 118
