***********CONSTRUÇÃO**************
ANTES | DEPOIS
0.484312   0.297919
0.484419   0.295293
0.484327   0.293449
0.484649   0.297739
0.483659   0.291708
0.484065   0.295685
0.486758   0.296008
0.484058   0.295057
0.485005   0.297809
0.485858   0.293639
0.484594   0.295481
0.484188   0.294676
0.486055   0.293611
0.484505   0.297618
0.482678   0.292153
0.48332   0.295834
0.484224   0.295465
0.483262   0.295309
0.483991   0.296891
0.483448   0.294041
0.486348   0.296588
0.483894   0.295284
0.484621   0.293516
0.483565   0.297626
0.484046   0.291777
0.485291   0.295767
0.487303   0.296595
0.48532   0.295774
0.483722   0.297213
0.483371   0.293242
0.483846   0.296163
0.485294   0.294646
0.48446   0.293218
0.485197   0.297665
0.483353   0.292256
0.484182   0.295764
0.485062   0.296129
0.484161   0.294791
0.48484   0.296867
0.483656   0.293857
0.483906   0.296227
0.486112   0.294758
0.485625   0.293419
0.485588   0.29794
0.4822   0.291869
0.48564   0.295895
0.48513   0.296581
0.484463   0.295002
0.486005   0.29742
0.484596   0.293351
***********BUSCA LOCAL**************
ANTES | DEPOIS
0.490698   0.245098
0.735809   0.24681
0.996118   0.25199
0.735912   0.498909
0.617164   0.250621
0.8711   0.245051
0.871463   0.249405
1.12082   0.247827
0.754315   0.374635
0.493557   0.253022
0.998217   0.248257
0.375582   0.254966
0.864086   0.243747
0.740851   0.254802
0.62058   0.253396
0.49608   0.249084
0.620676   0.249996
0.871726   0.623823
0.995883   0.249933
0.500511   0.248511
0.745025   0.503434
0.620011   0.244992
0.862171   0.249727
0.867509   0.251599
1.11758   0.372077
0.979282   0.249434
1.1234   0.249254
0.987598   0.247752
0.372133   0.248786
0.371491   0.250672
0.982701   0.247384
0.986993   0.375825
1.36593   0.250816
1.2245   0.250444
0.98003   0.247136
0.490525   0.248953
0.862292   0.245775
0.36813   0.252109
0.612847   0.502126
0.86565   0.245056
0.622127   0.248432
0.748289   0.246455
1.36241   0.249737
1.23684   0.248838
1.11468   0.251806
0.741344   0.251351
0.872753   0.372101
0.869001   0.490586
1.36455   0.245721
0.620508   0.251048
