Tamanho    Peso
167  6679
163  6557
155  6361
156  6420
162  6728
164  6370
156  6287
159  6717
167  6590
154  6137
154  6544
164  6563
151  6306
164  6638
154  6613
155  6317
164  6480
157  6328
158  6252
161  6582
154  6506
172  6771
155  6341
167  6670
156  6414
158  6462
162  6284
161  6545
166  6582
165  6745
159  6527
165  6362
156  6330
158  6540
161  6801
157  6288
158  6416
158  6381
166  6844
155  6390
164  6646
167  6821
147  5825
164  6519
155  6400
158  6374
154  6363
156  6253
155  6567
165  6880

Time taken: 170
