Tamanho    Peso
1059  35789
1062  35759
1065  35880
1062  35849
1067  35866
1063  35779
1067  35849
1050  35806
1053  35868
1052  35841
1064  35895
1062  35969
1059  35897
1054  35826
1067  35982
1051  35822
1060  35950
1062  35866
1064  35953
1056  35842
1053  35700
1054  35759
1060  35748
1066  35886
1067  36042
1060  35727
1055  35789
1061  35812
1055  35824
1069  35870
1066  35906
1048  35834
1059  35883
1044  35782
1067  35959
1053  35750
1062  35829
1061  35829
1061  35940
1058  35953
1064  35851
1054  35809
1063  35962
1064  35991
1054  35957
1062  35753
1060  35803
1061  35803
1057  35950
1057  35971

Time taken: 23
