***********CONSTRUÇÃO**************
ANTES | DEPOIS
1.66124   1.08046
1.66045   1.06191
1.66537   1.05135
1.65699   1.06768
1.66105   1.06941
1.6599   1.04464
1.6567   1.0648
1.66236   1.07565
1.65951   1.06389
1.66202   1.06099
1.66363   1.07681
1.65748   1.06309
1.65698   1.05538
1.66214   1.06696
1.65681   1.07357
1.65905   1.04599
1.6635   1.06218
1.65952   1.07807
1.66009   1.05968
1.65982   1.06213
1.65621   1.07726
1.66291   1.06336
1.65937   1.05583
1.65895   1.06239
1.6645   1.06669
1.65761   1.04706
1.66396   1.06356
1.66007   1.07545
1.66199   1.06583
1.66217   1.06119
1.66489   1.07704
1.66013   1.06256
1.66198   1.05643
1.66493   1.06411
1.65842   1.0715
1.66168   1.04899
1.65932   1.06316
1.66073   1.07626
1.65412   1.0619
1.66393   1.06306
1.66043   1.07524
1.6631   1.0609
1.66008   1.05593
1.66217   1.06511
1.66568   1.06899
1.65929   1.04779
1.66226   1.06286
1.66271   1.07517
1.66083   1.06088
1.66185   1.05897
***********BUSCA LOCAL**************
ANTES | DEPOIS
3.50419   0.884584
2.59841   0.875655
2.17394   0.89079
3.4915   0.873658
2.17606   0.87694
3.47781   0.900321
2.60784   0.883203
2.60267   0.87612
1.75579   0.883956
3.03722   0.871488
3.0366   0.86368
2.19643   0.878711
4.34639   1.31636
2.16494   0.888552
3.04788   0.896175
2.60254   0.892139
3.49138   0.877301
3.03755   0.874899
2.1818   0.854168
2.6049   0.886931
2.17159   0.872221
1.72121   0.883679
2.59166   0.869275
1.73199   0.875019
5.26538   0.872658
2.61285   1.75713
1.71751   0.878024
3.05585   0.879536
2.17081   0.89126
3.50275   0.896857
3.03455   0.888939
2.16327   0.876266
2.58501   0.871369
2.18697   0.869915
3.01418   0.88496
3.92345   0.878733
4.75365   0.877231
3.90936   0.882766
1.74858   0.872984
2.60063   0.869524
1.73596   0.883759
3.05464   1.74754
2.15369   0.868454
2.61277   0.891966
3.48632   0.886865
3.47806   0.878148
3.4851   0.875322
3.04559   0.89447
1.72408   0.875768
1.74024   0.876277
