Tamanho    Peso
282  9253
270  9370
279  9562
274  9322
275  8809
266  9199
273  9209
284  9525
281  9561
272  9203
276  9429
280  9284
283  9550
271  9251
269  9291
278  9290
270  9202
288  9528
280  9318
271  9057
287  9576
264  9222
269  9038
280  9545
278  9540
278  9398
278  9259
272  9098
261  8746
274  9171
284  9773
256  8992
283  9620
282  9546
266  9005
282  9425
281  9368
270  8948
278  9460
272  9129
283  9577
267  9023
283  9563
274  9409
260  8929
284  9497
280  9280
283  9465
278  9515
274  9285

Time taken: 17
