Tamanho    Peso
257  7998
295  8466
292  8307
296  8221
296  8506
296  8258
261  8303
302  8298
296  8469
301  8406
298  8276
265  8367
263  8159
297  8483
299  8278
301  8504
298  8421
296  8384
297  8453
296  8413
300  8444
298  8366
294  8268
295  8348
266  8023
295  8391
292  8422
298  8355
291  8401
298  8555
291  8500
264  8249
299  8583
297  8367
299  8415
299  8255
291  8513
262  8214
297  8470
300  8301
295  8407
295  8382
294  8386
298  8495
296  8332
301  8253
294  8437
296  8313
256  8229
297  8457

Time taken: 18
