***********CONSTRUÇÃO**************
ANTES | DEPOIS
0.473483   0.275969
0.472186   0.276493
0.473284   0.274591
0.47308   0.27771
0.472114   0.273828
0.474579   0.271638
0.472593   0.274045
0.473268   0.276258
0.471442   0.26562
0.472944   0.274351
0.472759   0.273119
0.471985   0.276068
0.472344   0.274602
0.471623   0.276985
0.472375   0.27313
0.472911   0.271804
0.472855   0.274703
0.472605   0.275439
0.47292   0.26601
0.471997   0.274319
0.472885   0.273483
0.472689   0.276025
0.472697   0.27491
0.47157   0.276099
0.473207   0.275628
0.472529   0.272734
0.472787   0.274432
0.47246   0.275413
0.471758   0.266175
0.473949   0.274765
0.471154   0.274008
0.472642   0.275587
0.473596   0.274328
0.470901   0.277109
0.47284   0.275366
0.471836   0.273235
0.47251   0.27461
0.473357   0.275695
0.471947   0.266226
0.473177   0.272233
0.473256   0.274004
0.472375   0.275828
0.474108   0.274769
0.47272   0.276033
0.472776   0.275299
0.473741   0.271856
0.473959   0.274685
0.472424   0.276523
0.474248   0.266312
0.473586   0.273154
***********BUSCA LOCAL**************
ANTES | DEPOIS
0.716903   0.242676
0.592229   0.235358
0.842653   0.246292
0.476553   0.242912
1.19111   0.242229
0.844997   0.243373
0.485641   0.244394
0.953612   0.241066
0.712429   0.244726
0.591402   0.241384
0.596407   0.239362
0.593623   0.241128
1.076   0.240785
0.709276   0.241056
0.716144   0.244656
0.832051   0.239741
0.706725   0.358952
0.59946   0.243156
0.715317   0.242554
0.598107   0.364691
0.710231   0.241853
0.946682   0.239838
0.477204   0.23855
0.595744   0.247123
0.958246   0.241467
0.703581   0.238766
0.471499   0.356749
0.721164   0.241674
0.350004   0.247767
0.48153   0.246612
0.714433   0.246002
0.84118   0.241128
0.47762   0.244698
0.361196   0.244367
0.821308   0.23737
0.711278   0.23755
0.478155   0.244454
1.44463   0.24156
0.832474   0.241573
0.600962   0.364328
0.473928   0.241872
0.955331   0.236151
0.710267   0.243652
0.829618   0.241296
0.841689   0.24119
0.47197   0.36367
0.836111   0.248112
0.709443   0.247794
0.830148   0.24816
0.72546   0.239464
