***********CONSTRUÇÃO**************
ANTES | DEPOIS
1.70628   1.57525
1.70471   1.56986
1.70495   1.64188
1.70522   1.55932
1.70813   1.55383
1.70826   1.51111
1.708   1.5158
1.7004   1.56628
1.7156   1.51576
1.7128   1.51214
1.70701   1.57769
1.70755   1.57015
1.70888   1.65599
1.70654   1.55787
1.70701   1.54927
1.70476   1.50995
1.70997   1.51483
1.70785   1.56881
1.70792   1.51906
1.71254   1.51141
1.707   1.57557
1.70474   1.57431
1.70661   1.65225
1.70614   1.55828
1.7087   1.551
1.70597   1.5089
1.70463   1.5133
1.7052   1.56719
1.70043   1.51531
1.70133   1.5133
1.70719   1.57303
1.71122   1.57176
1.70443   1.66435
1.70707   1.5603
1.70547   1.55286
1.70301   1.5095
1.70615   1.51499
1.7077   1.56519
1.70729   1.51589
1.70702   1.51082
1.70403   1.5693
1.70885   1.57169
1.7015   1.65146
1.70804   1.55716
1.70602   1.55107
1.70526   1.50796
1.70619   1.51499
1.70486   1.5712
1.70679   1.51707
1.70954   1.51124
***********BUSCA LOCAL**************
ANTES | DEPOIS
1.65983   1.60408
1.58255   2.17741
2.61335   2.1067
1.46731   3.08388
1.61451   2.14717
2.07484   4.85529
2.06007   2.64069
1.59546   1.63203
3.62806   1.57906
2.17638   1.60876
1.52147   1.62363
1.58183   2.14253
1.56651   1.50942
1.63548   1.46873
1.65825   1.57051
1.49037   1.56987
3.15505   1.60116
1.52802   1.54712
1.49793   1.62184
1.61162   3.19777
2.73412   1.51005
2.12708   1.58652
1.63253   1.58807
1.50534   1.52756
1.64154   2.53169
3.21293   1.60737
1.51737   2.65329
2.08425   1.63788
2.10969   2.67436
2.15039   2.13595
2.10394   1.58513
1.5645   2.54085
1.64778   2.12939
3.26115   2.75394
1.54155   1.60995
2.15038   2.10577
1.53173   1.64165
3.70278   4.04642
1.51019   2.13059
1.59727   1.59562
1.55433   2.48124
2.19781   2.18635
1.10316   2.10223
2.12087   1.65878
1.65712   1.50698
2.61842   2.15182
1.08972   2.07669
1.08829   4.33696
1.65194   2.1662
1.07168   1.61616
