Tamanho    Peso
1103  34943
1097  35145
1103  35147
1097  35316
1105  34958
1113  35249
1098  35219
1104  35053
1098  35249
1108  35076
1107  35001
1111  35114
1104  35136
1106  34918
1100  34901
1108  35327
1107  34989
1093  34824
1103  34956
1086  35413
1116  35150
1101  35125
1106  34937
1097  35229
1103  35299
1094  34819
1103  35027
1106  34828
1108  35090
1100  34888
1104  35188
1083  35421
1098  35177
1110  35201
1100  35267
1103  34828
1103  35102
1118  35118
1107  35135
1105  35058
1098  35463
1107  35181
1100  34958
1096  34849
1097  35045
1111  34985
1112  35082
1113  35237
1103  34955
1096  34801

Time taken: 54
