Tamanho    Peso
1108  35004
1107  34943
1098  34804
1094  34843
1105  34807
1111  34767
1100  34827
1106  34796
1107  34846
1103  34757
1105  34993
1094  34623
1100  34825
1100  34955
1108  34871
1100  34845
1095  34827
1100  34983
1096  34674
1101  34751
1092  34939
1101  34864
1101  34740
1110  34879
1099  34658
1110  34936
1100  34871
1101  34746
1094  34732
1101  34900
1106  34904
1112  35020
1101  34850
1098  34730
1096  34665
1103  34818
1096  34887
1095  34833
1103  34765
1096  34895
1105  34915
1111  34941
1097  34865
1106  34894
1109  34828
1108  34902
1108  34799
1092  34928
1103  34833
1092  34797

Time taken: 26
