***********CONSTRUÇÃO**************
ANTES | DEPOIS
1.67787   1.09126
1.68639   1.09879
1.68099   1.10511
1.67996   1.10603
1.68311   1.0938
1.68154   1.09183
1.68491   1.09915
1.68219   1.09663
1.68493   1.09957
1.6833   1.08804
1.68196   1.08897
1.67988   1.10113
1.67944   1.10343
1.68225   1.10845
1.68021   1.09625
1.67688   1.09213
1.68959   1.10018
1.6787   1.09091
1.6789   1.0915
1.67825   1.08875
1.68148   1.09233
1.67692   1.09862
1.68434   1.10382
1.682   1.10396
1.68229   1.10115
1.6831   1.09434
1.67783   1.09696
1.68392   1.09157
1.6832   1.0913
1.68241   1.08792
1.68124   1.09025
1.68208   1.0989
1.68395   1.11031
1.68118   1.11109
1.67773   1.0929
1.68163   1.09101
1.68002   1.09837
1.67994   1.09707
1.68011   1.09681
1.67802   1.08516
1.68153   1.08593
1.68576   1.09738
1.68067   1.10546
1.67664   1.10173
1.68134   1.09364
1.68065   1.09253
1.67491   1.09431
1.68127   1.09735
1.67657   1.09726
1.67687   1.08291
***********BUSCA LOCAL**************
ANTES | DEPOIS
2.63496   0.892504
1.32166   0.888232
2.63445   0.899848
2.67222   0.874782
4.45375   0.88868
1.33473   0.90047
1.7721   0.901677
3.55017   0.88272
3.55364   0.894074
3.5379   0.901202
1.76433   0.898827
1.7768   0.897309
3.57121   0.895028
3.54632   1.34113
2.19855   0.896537
2.65295   0.886376
3.5587   0.897762
2.21897   0.891862
2.20557   0.886716
2.67183   0.889602
3.10232   0.898418
3.98057   0.895359
2.68338   0.884174
3.55363   0.876716
2.21204   0.879965
1.31516   0.893888
3.55241   1.77824
3.54386   0.89528
3.54799   0.89733
2.20279   0.894184
2.63056   0.892165
2.67509   0.889313
3.09903   0.896767
3.56459   0.896957
2.2073   0.894152
4.00702   0.880642
2.66443   0.877761
2.21878   0.886822
4.00003   0.880855
3.55881   0.903056
2.66623   0.909758
1.78018   0.893148
3.10001   0.88569
4.39276   0.901348
2.64948   0.892062
4.9146   0.892839
3.08717   0.903787
4.84163   0.882783
2.20384   0.893337
3.082   0.876231
