Tamanho    Peso
1096  34328
1094  34362
1097  34312
1092  34241
1091  34247
1098  34371
1096  34236
1097  34214
1083  34138
1101  34236
1095  34369
1086  34367
1091  34234
1094  34172
1097  34246
1082  34204
1089  34380
1101  34128
1094  34150
1098  34250
1096  34550
1098  34308
1092  34055
1096  34118
1099  34318
1098  34292
1095  34264
1097  34257
1095  34177
1100  34301
1091  34390
1096  34390
1094  34214
1089  34193
1096  34210
1097  34238
1090  34182
1095  34212
1093  34097
1085  34172
1096  34321
1085  34300
1092  34295
1094  34195
1100  34355
1099  34336
1099  34341
1098  34210
1097  34274
1100  34218

Time taken: 30
