Tamanho    Peso
1094  34646
1096  35039
1107  34858
1101  34742
1093  34679
1103  34542
1088  34752
1098  34502
1086  34221
1084  34432
1107  34572
1105  34695
1095  34528
1093  34874
1108  34613
1101  34833
1097  34546
1090  34574
1106  34956
1099  34605
1094  34461
1100  34604
1090  34611
1094  34709
1095  34514
1094  34800
1103  34654
1111  34942
1093  34672
1093  34683
1094  34522
1097  34502
1104  34617
1087  34539
1095  34458
1113  34404
1094  34561
1088  34918
1094  34715
1085  34436
1102  34726
1105  34745
1083  34541
1087  34431
1101  34702
1100  34683
1100  34503
1092  34922
1094  34478
1101  34885

Time taken: 63
