Tamanho    Peso
1086  35258
1089  35272
1082  35312
1091  35114
1090  35370
1089  35388
1089  35374
1098  35312
1087  35131
1086  35411
1084  35406
1090  35258
1093  35312
1093  35306
1089  35267
1094  35378
1097  35323
1079  35308
1079  35126
1090  35363
1080  35265
1083  35252
1085  35091
1080  35197
1086  35080
1085  35298
1091  35319
1085  35298
1077  34947
1092  35206
1084  35307
1089  35297
1093  35129
1085  35391
1083  35247
1088  35320
1089  35227
1088  35412
1075  35151
1092  35389
1090  35400
1083  35162
1093  35246
1082  35346
1095  35340
1090  35321
1092  35306
1082  35156
1089  35070
1082  35314

Time taken: 27
