***********CONSTRUÇÃO**************
ANTES | DEPOIS
0.405716   0.232598
0.404818   0.228874
0.404918   0.229118
0.406642   0.23395
0.407254   0.229218
0.40292   0.232756
0.405457   0.232302
0.405194   0.227014
0.403286   0.224196
0.402139   0.22818
0.403378   0.230793
0.405662   0.230171
0.405508   0.229664
0.403407   0.23432
0.405299   0.228651
0.404762   0.231639
0.403809   0.232662
0.404271   0.225828
0.403446   0.223515
0.406003   0.228334
0.406292   0.230136
0.404011   0.228056
0.404614   0.229952
0.404173   0.233217
0.406094   0.228782
0.404351   0.230239
0.403512   0.230343
0.404591   0.226113
0.403489   0.223293
0.402091   0.228511
0.402976   0.230546
0.405908   0.229895
0.404566   0.230502
0.405908   0.232654
0.404841   0.229714
0.405222   0.231079
0.403212   0.231101
0.403577   0.226416
0.405759   0.224377
0.402379   0.227678
0.405341   0.231821
0.405409   0.229691
0.405307   0.230647
0.402331   0.233291
0.403612   0.230109
0.405965   0.231699
0.407655   0.232382
0.405902   0.225254
0.406282   0.223739
0.404419   0.227369
***********BUSCA LOCAL**************
ANTES | DEPOIS
0.805992   0.193942
0.898272   0.198945
0.700621   0.397107
0.595974   0.301379
0.594763   0.398483
0.793275   0.298088
0.694762   0.297383
0.888199   0.300467
0.898214   0.201418
0.487476   0.197487
0.499045   0.297171
0.498406   0.194887
0.689583   0.303482
0.590577   0.29796
0.502351   0.395577
0.49103   0.204076
0.794142   0.204814
0.483924   0.399388
0.693369   0.403674
0.596633   0.197994
1.28856   0.290253
0.887588   0.199802
0.793513   0.390531
0.499378   0.298134
0.796489   0.398014
0.802486   0.201272
0.700551   0.19805
0.690231   0.194151
0.492728   0.20105
0.594371   0.298391
0.90003   0.496514
0.789607   0.200975
1.09964   0.50196
0.804599   0.394949
0.793553   0.301837
0.894172   0.297471
0.893772   0.495817
0.692822   0.193379
0.98379   0.393055
0.597683   0.202083
0.604184   0.594786
0.793683   0.300275
0.889097   0.402438
0.396775   0.596243
0.804898   0.198574
0.592312   0.302253
0.592244   0.394423
0.60353   0.394907
1.00224   0.199869
0.492036   0.19665
