Tamanho    Peso
1085  35398
1079  35389
1087  35432
1084  35374
1084  35546
1090  35264
1087  35328
1075  35429
1082  35411
1076  35609
1081  35591
1065  35570
1085  35426
1081  35576
1084  35704
1078  35525
1078  35237
1083  35321
1087  35222
1079  35519
1089  35162
1077  35217
1086  35347
1077  35407
1086  35546
1089  35317
1093  35307
1085  35330
1082  35614
1089  35605
1081  35374
1090  35386
1081  35186
1086  35321
1084  35386
1092  35483
1095  35521
1084  35398
1092  35479
1085  35462
1080  35378
1085  35206
1081  35261
1069  35781
1091  35500
1080  35305
1081  35529
1087  35343
1089  35386
1085  35503

Time taken: 56
