Tamanho    Peso
1071  36679
1072  36573
1075  36674
1072  36650
1063  36550
1074  36765
1073  36440
1067  36588
1073  36526
1073  36662
1070  36609
1074  36605
1079  36713
1073  36559
1073  36651
1064  36633
1063  36623
1066  36582
1075  36744
1073  36656
1067  36599
1070  36647
1073  36749
1061  36721
1075  36722
1072  36516
1072  36776
1074  36556
1073  36640
1078  36715
1073  36681
1074  36641
1075  36766
1079  36687
1073  36711
1071  36695
1077  36638
1071  36550
1075  36651
1073  36568
1066  36648
1076  36637
1072  36599
1072  36653
1074  36801
1073  36652
1064  36714
1067  36640
1074  36699
1067  36383

Time taken: 24
