***********CONSTRUÇÃO**************
ANTES | DEPOIS
0.392514   0.219589
0.392818   0.21711
0.390483   0.217932
0.391928   0.218083
0.390505   0.217628
0.390434   0.215478
0.391359   0.215912
0.391172   0.216569
0.391604   0.2179
0.39212   0.214961
0.390274   0.217627
0.390462   0.21586
0.390379   0.218588
0.392822   0.217793
0.390704   0.216998
0.391438   0.215849
0.391641   0.216098
0.393026   0.217223
0.390297   0.217346
0.391464   0.216552
0.392429   0.217342
0.392476   0.216591
0.391924   0.217444
0.392686   0.217415
0.390823   0.216189
0.390092   0.215864
0.392068   0.214929
0.39174   0.215856
0.39117   0.217363
0.391172   0.216555
0.392137   0.217198
0.392088   0.215722
0.390872   0.217771
0.392013   0.21735
0.390743   0.215764
0.391588   0.215594
0.390241   0.217285
0.391071   0.21585
0.390543   0.217324
0.390396   0.215003
0.391745   0.217684
0.390866   0.216695
0.389459   0.218097
0.391218   0.217223
0.391492   0.216501
0.391611   0.215359
0.39107   0.215088
0.392619   0.216985
0.389841   0.217084
0.392594   0.214774
***********BUSCA LOCAL**************
ANTES | DEPOIS
0.678198   0.196728
0.284221   0.383551
0.569071   0.193245
0.960679   0.289468
1.14382   0.288122
0.767198   0.188044
0.666984   0.192172
0.758883   0.289576
0.948838   0.189396
0.662952   0.191237
0.3795   0.38317
0.674405   0.188913
0.766347   0.193818
0.382313   0.187126
0.571242   0.28552
0.854217   0.285542
0.76703   0.382206
0.281671   0.381983
0.382263   0.387674
0.756897   0.286596
0.856584   0.570113
0.762225   0.482664
0.284437   0.191422
1.14833   0.287736
0.374669   0.187616
0.673431   0.383339
0.663665   0.290967
0.574113   0.194743
0.477688   0.190359
0.66488   0.189415
0.766866   0.1871
0.570572   0.190383
0.576509   0.186488
0.57545   0.472196
0.569522   0.194476
1.4373   0.192407
0.761457   0.194397
0.473831   0.194346
0.857079   0.192493
1.24219   0.191355
0.474361   0.379974
0.576583   0.195149
0.758067   0.284396
0.674659   0.1945
0.47001   0.290803
0.565302   0.190505
0.477137   0.384668
0.284146   0.295138
0.949152   0.384402
0.578983   0.289732
