Tamanho    Peso
1711  55800
1699  55747
1698  55740
1705  55893
1707  55910
1687  55551
1706  55814
1699  55732
1701  55797
1698  55950
1706  55697
1702  55653
1700  55761
1701  55959
1705  55817
1711  55997
1702  55719
1709  55842
1706  55693
1709  55891
1709  55744
1698  55663
1707  55914
1697  55774
1704  55839
1711  55790
1703  55834
1695  55906
1698  55764
1711  56017
1703  55791
1705  55856
1715  56023
1704  55945
1688  55589
1712  55979
1694  55610
1705  55879
1695  55722
1705  55822
1703  55850
1702  55807
1708  55933
1704  55813
1707  55898
1693  55815
1706  55783
1699  55991
1695  55619
1690  55716

Time taken: 103
