***********CONSTRUÇÃO**************
ANTES | DEPOIS
0.391195   0.226293
0.390716   0.225309
0.390148   0.224157
0.389014   0.225627
0.389689   0.223573
0.390057   0.219546
0.389129   0.223607
0.390163   0.221607
0.39039   0.2235
0.389022   0.219864
0.388662   0.226148
0.388589   0.223813
0.390229   0.224425
0.389575   0.224564
0.390383   0.222315
0.387907   0.21978
0.38867   0.224129
0.3879   0.222153
0.389303   0.222459
0.389508   0.219615
0.391685   0.225549
0.388955   0.223432
0.390078   0.222841
0.389712   0.225487
0.389729   0.223416
0.389381   0.219749
0.391355   0.222758
0.388973   0.222676
0.389534   0.223265
0.389712   0.220519
0.388856   0.225244
0.39001   0.225098
0.38893   0.223808
0.391103   0.225566
0.38873   0.221767
0.391262   0.219604
0.389907   0.223192
0.389352   0.222907
0.389935   0.222455
0.389895   0.220647
0.389006   0.226196
0.389296   0.224437
0.389011   0.223129
0.389702   0.225125
0.38807   0.222603
0.389894   0.21897
0.388153   0.222718
0.388782   0.221687
0.389199   0.224046
0.389199   0.220533
***********BUSCA LOCAL**************
ANTES | DEPOIS
0.574451   0.188815
0.947983   0.188643
0.66756   0.376946
0.571052   0.475313
0.570316   0.188056
0.578044   0.192567
0.563203   0.287538
0.565532   0.192141
0.563189   0.191714
0.855333   0.381864
0.56549   0.190371
0.951462   0.28915
0.661639   0.470991
0.574552   0.289251
0.374128   0.185706
0.66725   0.189986
0.563878   0.194453
0.571556   0.283398
0.94191   0.192316
0.572898   0.191247
0.659486   0.183675
0.854617   0.387677
0.848197   0.480408
0.744588   0.190582
0.57197   0.285405
1.14468   0.288013
0.9629   0.186423
0.751889   0.282278
0.657157   0.194957
0.474369   0.288456
0.663121   0.470692
0.570283   0.284345
0.950931   0.292306
0.572526   0.385383
0.5693   0.183685
0.668916   0.190368
0.65679   0.183794
0.379197   0.193452
0.851067   0.188017
0.572936   0.189111
0.667324   0.292585
0.574325   0.188881
0.477131   0.189611
0.8497   0.373832
0.474249   0.187103
0.662681   0.190106
0.662687   0.192207
0.465489   0.18939
0.93969   0.188966
0.571339   0.190494
