Tamanho    Peso
1733  56509
1728  56570
1703  56853
1701  55918
1731  56845
1726  56323
1713  56328
1714  56698
1722  56748
1705  56337
1712  56899
1717  56193
1707  56568
1716  56928
1720  56503
1720  56541
1708  56506
1734  56386
1736  56205
1725  56331
1709  56579
1742  56754
1706  56281
1731  56753
1717  56175
1724  56593
1727  56560
1719  56363
1725  56284
1709  56472
1721  57146
1711  56144
1708  56620
1722  56474
1716  57174
1721  56756
1724  56595
1725  56437
1716  56346
1710  56201
1724  56545
1715  57061
1725  56340
1729  56423
1719  56415
1713  56912
1716  56827
1748  56647
1733  56617
1719  56317

Time taken: 232
