***********CONSTRUÇÃO**************
ANTES | DEPOIS
0.222828   0.143711
0.220264   0.138394
0.220544   0.146216
0.226353   0.1477
0.222592   0.147176
0.222188   0.146996
0.22654   0.148229
0.224796   0.139631
0.216958   0.147665
0.219129   0.110559
0.223178   0.139313
0.218805   0.137692
0.218119   0.146178
0.221472   0.148655
0.220835   0.147744
0.221393   0.147951
0.218062   0.147776
0.21968   0.138157
0.220905   0.147182
0.221626   0.110571
0.218823   0.138769
0.222005   0.138684
0.220326   0.147154
0.222116   0.147408
0.219605   0.148108
0.220877   0.148069
0.224944   0.14789
0.219681   0.139531
0.220249   0.146671
0.22054   0.110076
0.219544   0.139487
0.222378   0.137577
0.222251   0.147077
0.221115   0.14748
0.219687   0.148111
0.219737   0.147213
0.22045   0.148281
0.221666   0.138371
0.219423   0.147904
0.22224   0.110754
0.223008   0.140524
0.22103   0.138559
0.220913   0.147522
0.223871   0.148543
0.218038   0.147797
0.222845   0.147545
0.219079   0.14754
0.223761   0.139065
0.218798   0.147891
0.221434   0.110593
***********BUSCA LOCAL**************
ANTES | DEPOIS
0.116428   0.125248
0.100885   0.124277
0.10861   0.131507
0.116521   0.126409
0.095584   0.118324
0.102376   0.118953
0.122669   0.114261
0.104696   0.129535
0.117314   0.125321
0.112833   0.121926
0.108427   0.131807
0.11032   0.122043
0.101627   0.122165
0.094853   0.126995
0.109029   0.123066
0.106709   0.124578
0.105404   0.124202
0.118636   0.131861
0.115197   0.120399
0.098408   0.118863
0.099841   0.12412
0.117747   0.130624
0.104193   0.122194
0.104235   0.133278
0.120994   0.119493
0.097568   0.118181
0.224899   0.126062
0.178808   0.124927
0.108929   0.120945
0.111058   0.105513
0.107067   0.123598
0.117556   0.124518
0.111806   0.127542
0.180736   0.121961
0.108094   0.119571
0.104039   0.114501
0.102102   0.122325
0.089742   0.127591
0.106422   0.117435
0.11804   0.107516
0.180161   0.128217
0.110789   0.130108
0.120411   0.121555
0.105445   0.11776
0.104081   0.113912
0.104081   0.121268
0.115764   0.109338
0.108861   0.11824
0.105368   0.115768
0.110111   0.11839
