Tamanho    Peso
289  8604
278  8328
290  8393
291  8490
286  8312
290  8555
291  8511
288  8346
281  8427
284  8360
287  8580
280  8214
280  8440
288  8417
287  8492
288  8364
279  8041
287  8404
285  8465
287  8418
289  8477
286  8295
283  8271
293  8677
285  8541
288  8465
253  8221
241  8136
281  8304
282  8392
282  8362
287  8480
288  8527
260  8669
288  8494
285  8459
285  8481
286  8371
285  8402
286  8460
250  8485
288  8616
281  8349
288  8405
282  8487
287  8582
282  8628
290  8582
286  8441
285  8428

Time taken: 17
