Tamanho    Peso
1109  35821
1096  35831
1108  35833
1099  35903
1101  35793
1108  35772
1102  35791
1096  35738
1107  35873
1099  35732
1101  35919
1100  35668
1103  35904
1101  35784
1109  35873
1096  35647
1105  35876
1094  35684
1087  35658
1098  35740
1093  35775
1108  35911
1095  35624
1094  35813
1103  35798
1101  35670
1097  35796
1092  35674
1096  35738
1098  35712
1099  35766
1105  35868
1095  35626
1100  35787
1096  35609
1099  35869
1102  35816
1092  35705
1098  35772
1096  35756
1094  35646
1092  35639
1096  35762
1098  35816
1108  35747
1099  35575
1100  35782
1096  35717
1097  35832
1095  35613

Time taken: 32
