Tamanho    Peso
1694  55925
1709  55692
1687  55792
1697  55969
1689  55833
1690  55716
1688  55760
1702  55933
1687  55865
1697  56101
1698  55965
1694  55694
1697  55981
1694  55916
1698  56001
1698  55741
1687  55786
1699  55731
1694  55811
1697  55697
1695  56037
1689  55725
1691  56073
1701  55931
1707  55845
1696  55820
1692  55917
1692  55595
1690  55710
1689  55998
1690  55851
1689  55696
1689  55843
1693  55954
1693  55934
1684  55741
1697  56003
1694  55734
1698  55677
1692  55950
1688  55919
1692  55881
1680  55570
1701  56035
1689  55661
1700  55715
1688  55918
1708  55931
1689  55787
1689  55928

Time taken: 103
