***********CONSTRUÇÃO**************
ANTES | DEPOIS
0.216967   0.105895
0.215811   0.100829
0.215278   0.100282
0.214724   0.101083
0.214864   0.101546
0.215181   0.101415
0.215862   0.100961
0.215565   0.101376
0.213853   0.101062
0.212909   0.100336
0.21481   0.101677
0.215231   0.100717
0.213953   0.100317
0.214053   0.100736
0.214824   0.101507
0.212463   0.101299
0.2147   0.101088
0.21451   0.101082
0.21645   0.101061
0.21667   0.100371
0.215689   0.101428
0.216873   0.100824
0.216861   0.100156
0.213138   0.101027
0.215091   0.101503
0.216594   0.101265
0.214831   0.1007
0.214818   0.101167
0.215877   0.101046
0.214738   0.100474
0.217534   0.101319
0.215239   0.100636
0.214836   0.100267
0.214506   0.101007
0.215491   0.101571
0.215065   0.101115
0.215821   0.101185
0.215279   0.101082
0.215043   0.101072
0.213478   0.100429
0.214023   0.10131
0.213399   0.10073
0.215504   0.100335
0.215171   0.100823
0.216066   0.101338
0.215997   0.101265
0.214491   0.101089
0.214963   0.101339
0.213585   0.101073
0.215611   0.100764
***********BUSCA LOCAL**************
ANTES | DEPOIS
0.125618   0.128876
0.124645   0.133631
0.122339   0.124241
0.125571   0.128576
0.124526   0.119198
0.130599   0.131048
0.124792   0.128052
0.122807   0.123591
0.123102   0.125629
0.116907   0.128231
0.121822   0.123322
0.123208   0.122091
0.120492   0.129643
0.117284   0.128256
0.116911   0.128112
0.133958   0.126882
0.13621   0.138331
0.129339   0.125896
0.122508   0.129957
0.126138   0.129635
0.128592   0.119796
0.126582   0.132545
0.124861   0.132887
0.124544   0.130872
0.127145   0.139035
0.120049   0.128239
0.11925   0.128544
0.125919   0.126876
0.12227   0.127775
0.120964   0.127779
0.121744   0.129109
0.133977   0.132875
0.118953   0.129025
0.126171   0.131574
0.127005   0.127068
0.121983   0.129718
0.125071   0.121489
0.110564   0.126656
0.115722   0.131053
0.117534   0.134589
0.127326   0.130841
0.125927   0.128413
0.115733   0.132695
0.122045   0.136818
0.115949   0.130264
0.115035   0.136764
0.119728   0.121984
0.124771   0.135657
0.134977   0.134718
0.120788   0.128212
