Tamanho    Peso
1066  35818
1083  36029
1078  35790
1079  35941
1080  35810
1080  36015
1081  35918
1080  35917
1066  35724
1077  35485
1072  35812
1090  36088
1077  35891
1085  35837
1076  35689
1090  36013
1088  35884
1095  35961
1086  35924
1086  35946
1093  36054
1088  35929
1083  35901
1071  35751
1075  35864
1078  35711
1079  36029
1073  35703
1094  36021
1081  36005
1079  35729
1087  35887
1089  35789
1084  36062
1093  36124
1073  35864
1074  35892
1081  35990
1090  36025
1082  35896
1087  35923
1077  35845
1088  35871
1067  35647
1071  35790
1072  35871
1078  35856
1092  36137
1082  35822
1088  35961

Time taken: 36
