***********CONSTRUÇÃO**************
ANTES | DEPOIS
1.73104   1.66102
1.72502   1.64659
1.72536   1.64601
1.72277   1.64984
1.72082   1.64813
1.72229   1.64894
1.7237   1.64785
1.71492   1.644
1.71855   1.64657
1.7218   1.64144
1.72833   1.65684
1.72214   1.65283
1.72409   1.65543
1.71421   1.64552
1.72643   1.6566
1.72118   1.63888
1.72338   1.63858
1.72173   1.65116
1.72232   1.64258
1.7149   1.63995
1.72665   1.65557
1.72076   1.64125
1.72498   1.65378
1.72186   1.656
1.72064   1.64159
1.72172   1.6389
1.72712   1.6466
1.72418   1.64711
1.71794   1.65066
1.72302   1.64764
1.72364   1.64976
1.71617   1.6389
1.7248   1.65719
1.72601   1.64802
1.72919   1.64929
1.72269   1.63724
1.72394   1.6365
1.72255   1.64301
1.72387   1.64948
1.7189   1.63894
1.72197   1.65413
1.71299   1.64406
1.72439   1.65397
1.72206   1.63357
1.71852   1.65117
1.72525   1.6372
1.72259   1.63794
1.72245   1.65272
1.72308   1.64348
1.72682   1.64403
***********BUSCA LOCAL**************
ANTES | DEPOIS
1.52658   2.1442
2.99688   1.54129
1.93923   1.64088
1.60524   1.52398
1.47706   3.02497
1.98804   2.0296
1.91125   1.64893
2.60629   2.13831
1.61578   1.95602
3.43922   2.74216
1.6249   1.59385
1.60439   1.45519
1.63508   2.51864
3.6838   2.11419
1.61649   4.23623
1.88449   2.63689
1.50048   1.57204
1.546   2.06669
2.11254   2.76976
1.49439   2.02621
1.55454   2.0967
2.07143   1.61293
1.59165   3.60082
1.61042   4.30384
2.06262   2.01847
1.63158   1.53903
1.59467   1.54172
1.64731   1.57528
2.57518   1.63174
2.05177   2.19994
2.03414   2.56131
1.54106   2.04009
1.60674   1.94727
1.57574   2.18176
1.56133   2.11469
1.56077   2.56857
1.49033   1.61663
2.08859   1.64991
1.58932   1.65595
3.53231   3.70302
2.50238   2.16342
2.68394   1.52096
2.45289   2.02668
2.01452   2.59355
3.18496   1.65653
2.09163   3.78448
1.57712   1.56894
1.97124   2.71815
2.53535   1.59273
1.9573   1.96403
