Tamanho    Peso
1715  56853
1727  56602
1730  56531
1714  56063
1713  56447
1712  56363
1726  56654
1721  56461
1721  56674
1732  56353
1740  56606
1733  56967
1715  56934
1721  56625
1719  56841
1690  56157
1720  56734
1719  56530
1706  57221
1721  57370
1744  56785
1702  56615
1728  56554
1727  56212
1724  56653
1726  56445
1737  56792
1718  56645
1732  56504
1727  56461
1707  56423
1729  56632
1722  56623
1743  56842
1721  56405
1727  56431
1731  56507
1741  56521
1721  56411
1720  56495
1740  56553
1730  56428
1717  57200
1698  56804
1722  56619
1715  56346
1734  56479
1718  56596
1728  56474
1726  56499

Time taken: 229
