Tamanho    Peso
1700  55214
1690  55501
1695  55501
1701  55536
1696  55771
1702  55380
1688  55466
1683  55284
1682  55226
1686  55355
1701  55050
1692  55468
1689  55446
1706  55772
1691  55500
1695  55273
1695  55352
1691  55384
1684  54874
1684  55312
1692  55249
1694  55459
1689  55823
1707  55534
1696  55682
1690  55265
1692  55401
1692  55167
1681  54924
1685  55285
1694  55149
1692  55536
1692  55726
1703  55779
1696  55743
1700  55411
1691  55515
1688  55284
1678  55092
1682  55253
1689  55311
1698  55608
1686  55379
1697  55756
1692  55521
1691  55392
1685  55444
1688  55410
1677  55061
1681  55362

Time taken: 98
