Tamanho    Peso
1092  35670
1100  35602
1094  35693
1089  35737
1092  35632
1095  35561
1090  35735
1092  35657
1096  35663
1082  35573
1093  35642
1100  35725
1093  35782
1089  35733
1096  35883
1098  35798
1093  35575
1095  35632
1099  35788
1094  35620
1092  35740
1094  35766
1097  35850
1093  35563
1093  35737
1101  35759
1098  35635
1097  35600
1093  35740
1097  35785
1102  35678
1095  35732
1089  35869
1096  35797
1093  35780
1101  35818
1094  35740
1092  35645
1103  35750
1097  35789
1101  35717
1098  35870
1095  35800
1091  35793
1104  35692
1097  35807
1091  35786
1087  35553
1096  35825
1094  35803

Time taken: 29
