***********CONSTRUÇÃO**************
ANTES | DEPOIS
1.72548   1.64152
1.72435   1.63795
1.72173   1.6423
1.72996   1.64702
1.71524   1.64145
1.72394   1.63715
1.72624   1.64412
1.72329   1.64018
1.72369   1.64641
1.72172   1.64146
1.7251   1.64581
1.72092   1.63763
1.72666   1.6397
1.71942   1.63597
1.72327   1.64468
1.71967   1.63771
1.72489   1.63477
1.73003   1.64122
1.72255   1.64214
1.72487   1.6332
1.71809   1.63361
1.72354   1.63492
1.72713   1.64671
1.7316   1.64383
1.71881   1.64636
1.72211   1.63628
1.72092   1.63573
1.72758   1.64055
1.72449   1.64407
1.73275   1.63552
1.72918   1.63177
1.72226   1.64194
1.72215   1.63562
1.7287   1.63883
1.72222   1.64245
1.72238   1.63581
1.7245   1.64095
1.72143   1.63462
1.72278   1.6384
1.7265   1.63392
1.71934   1.64251
1.7193   1.64251
1.72325   1.63806
1.7279   1.64213
1.72586   1.64295
1.72016   1.63489
1.72567   1.63927
1.7213   1.63827
1.72261   1.64238
1.72368   1.63236
***********BUSCA LOCAL**************
ANTES | DEPOIS
1.94027   1.66665
2.52482   2.71825
2.04166   1.50122
1.57323   1.57199
1.4939   2.61909
3.11003   1.6191
3.6219   2.50067
1.61499   1.53131
1.54306   3.72549
2.09191   1.58562
2.50001   1.5322
1.66521   1.66546
1.56861   1.65001
1.53508   1.63461
1.63231   1.61953
2.50272   1.68657
1.54544   1.6569
1.59544   1.61834
2.62783   2.13926
1.62652   1.52704
1.46722   1.52315
2.04014   2.66593
3.07234   2.13986
2.60036   1.5389
2.62703   2.02299
2.49332   1.60529
1.527   2.6588
3.58816   2.12647
1.62065   2.6779
1.54555   4.25452
2.71245   2.09693
2.06434   2.58254
2.51694   2.57459
1.96186   2.63185
2.01188   1.62232
2.03064   2.6583
1.64781   1.56241
2.01041   1.62425
2.00805   1.65559
1.99924   1.59138
4.07756   1.63809
2.56799   2.01172
2.2135   2.16893
1.9713   1.99702
1.56704   2.07879
2.96596   2.72967
5.1707   1.54112
2.02765   1.5028
1.94233   2.15292
1.49849   2.58538
