***********CONSTRUÇÃO**************
ANTES | DEPOIS
0.389651   0.219959
0.389672   0.217673
0.388262   0.218074
0.391063   0.217487
0.388204   0.214254
0.387721   0.218815
0.388603   0.214422
0.390599   0.214192
0.389085   0.219396
0.388952   0.21699
0.389402   0.219191
0.389641   0.219675
0.38859   0.217276
0.390168   0.217241
0.388463   0.212989
0.390656   0.220501
0.390037   0.214881
0.391051   0.213749
0.389873   0.219616
0.387811   0.216867
0.389148   0.219156
0.388676   0.217989
0.388733   0.218232
0.388386   0.217495
0.391883   0.213398
0.390295   0.220626
0.391094   0.213808
0.39117   0.213221
0.389036   0.220187
0.388257   0.216639
0.388745   0.218751
0.390068   0.218095
0.388856   0.217684
0.389158   0.216578
0.389074   0.213861
0.38849   0.218568
0.389459   0.214129
0.390936   0.21357
0.389685   0.218997
0.390083   0.217897
0.388144   0.218932
0.39013   0.217704
0.389721   0.218408
0.388427   0.217027
0.39014   0.212986
0.389966   0.219576
0.389238   0.214911
0.388421   0.213391
0.38977   0.22031
0.388688   0.21669
***********BUSCA LOCAL**************
ANTES | DEPOIS
0.564667   0.190199
1.06204   0.191532
0.559778   0.47551
0.666348   0.184563
0.657873   0.195847
0.757404   0.194131
0.765666   0.282487
0.65938   0.190464
0.751864   0.189319
0.467193   0.195035
0.759275   0.191084
0.583473   0.280652
0.664354   0.182948
0.555052   0.187597
0.752357   0.286237
0.769786   0.189228
0.468481   0.193616
0.667774   0.194265
0.561349   0.285977
0.663508   0.189258
0.66997   0.381382
0.951365   0.290534
0.57417   0.192382
0.567723   0.190904
0.472493   0.385688
0.664623   0.190134
0.57408   0.189173
0.47809   0.289713
0.470854   0.279465
0.666007   0.291038
0.573399   0.184129
0.66866   0.379373
0.65642   0.189432
0.572746   0.189529
0.376123   0.287834
0.380891   0.380185
0.476722   0.190433
0.670419   0.187621
0.661366   0.183294
0.663559   0.288866
0.758667   0.189331
0.667414   0.577201
1.24698   0.383899
0.480846   0.187718
0.659259   0.285754
0.943078   0.188161
0.573102   0.191206
0.745819   0.192316
0.570719   0.279591
0.375017   0.189766
