Tamanho    Peso
1714  55928
1717  55933
1704  55915
1705  56025
1717  55860
1713  55838
1720  56082
1710  55816
1706  55807
1705  55805
1714  56035
1712  56001
1718  56023
1714  56005
1713  55866
1718  55993
1718  55929
1713  55933
1708  55847
1708  55969
1717  56080
1705  55802
1717  55883
1707  55804
1724  55987
1714  56016
1714  55863
1708  55836
1707  55701
1700  55784
1711  56007
1710  55885
1714  55962
1709  56053
1706  55623
1707  55780
1712  56192
1717  56002
1704  55844
1714  55941
1721  55915
1718  56112
1714  55930
1718  55953
1721  55809
1719  55977
1721  55959
1705  55849
1708  55823
1725  55862

Time taken: 100
