Tamanho    Peso
1715  56681
1718  56228
1714  57274
1705  57212
1690  56503
1725  56614
1718  56151
1732  56436
1730  56408
1718  57453
1735  56627
1724  56249
1722  56392
1726  56045
1716  56490
1736  56301
1726  56922
1724  56446
1702  57507
1718  57145
1730  56513
1725  56968
1731  56595
1696  56430
1720  56503
1733  56702
1719  56888
1731  56614
1726  56852
1733  56235
1713  56523
1738  56817
1724  56408
1723  56567
1727  56399
1735  56644
1727  56423
1726  56515
1727  56427
1706  56512
1735  56302
1724  56663
1738  56759
1709  56295
1733  56835
1726  56739
1720  56761
1706  56124
1719  56359
1732  56437

Time taken: 224
