***********CONSTRUÇÃO**************
ANTES | DEPOIS
1.67589   1.11169
1.67472   1.10995
1.67379   1.10057
1.66823   1.09899
1.67526   1.10827
1.67279   1.08495
1.67603   1.10878
1.67197   1.09109
1.67722   1.09083
1.67737   1.09508
1.67066   1.10875
1.67416   1.10682
1.67266   1.10595
1.67625   1.10106
1.67061   1.1066
1.67215   1.08712
1.6725   1.10871
1.67363   1.09122
1.67921   1.08882
1.67455   1.09204
1.67116   1.10999
1.67335   1.10849
1.67286   1.10303
1.67439   1.09765
1.6741   1.10727
1.67329   1.08531
1.67132   1.10642
1.67765   1.08976
1.67818   1.08932
1.67317   1.0925
1.67587   1.10773
1.67066   1.10811
1.67784   1.10294
1.67702   1.09814
1.67593   1.10481
1.67154   1.08286
1.67498   1.10577
1.67428   1.09027
1.67731   1.09139
1.67771   1.09495
1.67417   1.11178
1.6716   1.1093
1.67299   1.10332
1.67415   1.10211
1.66976   1.10648
1.67476   1.08505
1.67799   1.11072
1.67396   1.08766
1.67158   1.09049
1.67528   1.0951
***********BUSCA LOCAL**************
ANTES | DEPOIS
2.22369   1.77783
3.5493   0.89455
1.32136   0.890946
1.3216   0.885028
1.76042   0.880933
2.6525   0.877815
5.3077   0.891982
3.99762   0.898597
2.18924   0.889034
1.33221   0.899516
2.64643   0.890309
3.51331   0.893446
3.96203   0.897234
3.11353   0.875871
4.87651   0.895146
3.54416   0.894634
3.09653   0.877428
3.08012   0.894406
1.34227   0.896861
2.20495   0.895698
2.19934   0.890768
1.73943   0.885437
2.67398   0.893163
1.7443   0.891722
2.63554   0.892405
2.65242   0.890723
1.76832   0.883791
2.21684   0.893556
2.64873   0.894906
2.649   0.897075
2.63517   0.882493
2.65462   0.893886
2.6511   0.897118
3.057   0.913489
3.11273   0.890196
2.20323   0.897697
4.45162   0.892361
2.18024   0.889927
3.07561   0.895843
3.07891   0.886638
4.00052   0.892189
1.74462   0.888441
2.6461   0.89677
3.54926   0.900923
3.58653   0.887805
2.20269   0.902985
2.65473   0.898397
3.09791   0.894835
2.63051   0.886436
4.86419   0.87943
