***********CONSTRUÇÃO**************
ANTES | DEPOIS
0.220811   0.138067
0.22015   0.135027
0.222704   0.127535
0.223338   0.114789
0.217696   0.115418
0.218823   0.116638
0.222856   0.114109
0.217197   0.116241
0.219616   0.114079
0.220521   0.114964
0.218577   0.134437
0.217336   0.135458
0.215666   0.126966
0.222303   0.114828
0.221582   0.115337
0.221725   0.116373
0.221769   0.114723
0.222004   0.116296
0.21787   0.114185
0.221472   0.115702
0.21986   0.134475
0.22223   0.134296
0.220397   0.128045
0.223318   0.114612
0.219213   0.114991
0.21982   0.116458
0.223136   0.114485
0.222901   0.116746
0.220988   0.114344
0.220736   0.114937
0.223848   0.133437
0.219445   0.135117
0.220793   0.127835
0.22357   0.115103
0.220316   0.115361
0.225071   0.115777
0.223722   0.114745
0.226632   0.116609
0.219605   0.114319
0.221503   0.114971
0.220995   0.133485
0.218021   0.135132
0.219896   0.1276
0.224304   0.114836
0.218036   0.114708
0.223072   0.116406
0.222977   0.114569
0.224237   0.11621
0.219181   0.114197
0.221194   0.115408
***********BUSCA LOCAL**************
ANTES | DEPOIS
0.110756   0.125877
0.106382   0.130368
0.103775   0.125498
0.105882   0.115764
0.119175   0.12816
0.121465   0.114771
0.110345   0.124689
0.10156   0.119588
0.227092   0.121078
0.115126   0.116168
0.102712   0.122998
0.117476   0.119166
0.110377   0.129257
0.099896   0.107373
0.09914   0.135607
0.102414   0.125915
0.109293   0.127155
0.104662   0.129355
0.105858   0.112905
0.109751   0.120918
0.180719   0.124874
0.093854   0.127241
0.2148   0.128842
0.112122   0.113504
0.103211   0.119234
0.112312   0.1142
0.110602   0.12269
0.105869   0.122971
0.114975   0.113144
0.104652   0.117645
0.223415   0.126844
0.107904   0.1341
0.1165   0.126572
0.102083   0.127142
0.114456   0.118873
0.095083   0.129463
0.110435   0.124008
0.11012   0.118876
0.110192   0.112512
0.098226   0.125481
0.103093   0.122812
0.098468   0.126281
0.11127   0.125686
0.101479   0.115483
0.100454   0.1343
0.226441   0.11459
0.120573   0.110952
0.163849   0.117113
0.100037   0.114561
0.104695   0.108873
