Tamanho    Peso
1094  35745
1096  35704
1105  35789
1094  35650
1099  35760
1095  35683
1099  35645
1097  35754
1112  35904
1095  35724
1093  35648
1093  35667
1098  35665
1097  35616
1098  35752
1094  35760
1100  35696
1098  35729
1099  35826
1102  35664
1095  35662
1097  35731
1095  35753
1096  35701
1103  35827
1098  35760
1101  35783
1101  35715
1108  35878
1105  35772
1096  35730
1093  35591
1100  35653
1093  35721
1095  35653
1098  35623
1095  35711
1101  35835
1090  35776
1102  35704
1097  35672
1095  35729
1104  35743
1099  35619
1105  35761
1099  35775
1100  35712
1100  35743
1102  35834
1097  35697

Time taken: 29
