Tamanho    Peso
1094  36568
1093  36471
1101  36647
1088  36486
1092  36648
1099  36574
1095  36551
1093  36553
1086  36392
1086  36407
1090  36503
1088  36487
1094  36500
1095  36559
1090  36496
1095  36467
1097  36706
1093  36558
1083  36454
1081  36480
1091  36553
1090  36491
1103  36653
1085  36430
1095  36658
1099  36739
1094  36524
1090  36492
1084  36381
1082  36391
1087  36514
1100  36543
1098  36579
1090  36550
1093  36595
1096  36613
1099  36671
1096  36660
1078  36336
1085  36446
1091  36534
1095  36537
1102  36559
1088  36453
1092  36560
1097  36539
1095  36583
1098  36603
1086  36407
1087  36510

Time taken: 21
