***********CONSTRUÇÃO**************
ANTES | DEPOIS
0.201487   0.139639
0.200418   0.133543
0.200339   0.142994
0.19943   0.126566
0.200858   0.143181
0.202661   0.132868
0.201429   0.139897
0.20186   0.127949
0.200535   0.131423
0.20076   0.139768
0.198705   0.136631
0.199495   0.133378
0.200272   0.144749
0.19663   0.126209
0.201117   0.142685
0.201756   0.133177
0.202375   0.14045
0.200469   0.128208
0.199715   0.131406
0.199533   0.139426
0.202531   0.136449
0.200591   0.133195
0.200227   0.142042
0.200447   0.125789
0.199664   0.143041
0.199373   0.132161
0.201893   0.139336
0.202426   0.128106
0.199667   0.131975
0.201095   0.139869
0.199691   0.135518
0.200132   0.133545
0.198434   0.142626
0.200608   0.126259
0.200865   0.143468
0.19882   0.132238
0.199551   0.139936
0.201894   0.128136
0.199971   0.132547
0.200943   0.140401
0.200597   0.1374
0.201617   0.13344
0.200123   0.143677
0.200422   0.12615
0.199253   0.142375
0.202013   0.131956
0.200229   0.139785
0.20178   0.127795
0.20261   0.132505
0.198725   0.140416
***********BUSCA LOCAL**************
ANTES | DEPOIS
0.107781   0.116459
0.095786   0.122768
0.220397   0.110255
0.105861   0.117422
0.104291   0.114329
0.159019   0.167938
0.105965   0.109816
0.121974   0.115739
0.105705   0.111436
0.105738   0.272999
0.110901   0.117394
0.097433   0.111321
0.102491   0.107934
0.113294   0.120581
0.217537   0.110981
0.205791   0.116107
0.102484   0.1721
0.111718   0.114203
0.102774   0.106146
0.214616   0.116474
0.111619   0.114755
0.211077   0.1057
0.105733   0.114671
0.104566   0.110927
0.107993   0.107122
0.110175   0.109812
0.219989   0.111504
0.105433   0.119327
0.108941   0.118075
0.103559   0.181818
0.104676   0.110295
0.163242   0.112068
0.109893   0.167819
0.103965   0.114147
0.16626   0.111444
0.10355   0.10882
0.108987   0.115982
0.171005   0.115755
0.165521   0.112296
0.102179   0.113599
0.099067   0.115075
0.106935   0.115261
0.10691   0.111398
0.109494   0.108534
0.222364   0.222605
0.107041   0.113245
0.149335   0.116376
0.159899   0.112171
0.108497   0.110407
0.156779   0.110041
