Tamanho    Peso
256  7479
258  7470
232  7334
253  7382
256  7442
233  7424
255  7359
261  7535
254  7334
251  7486
254  7498
255  7428
255  7353
250  7476
226  7322
233  7542
260  7454
253  7420
257  7502
243  7576
258  7469
230  7270
255  7395
257  7450
256  7551
256  7448
230  7382
259  7488
253  7304
257  7420
255  7513
231  7441
251  7399
255  7473
236  7364
254  7532
256  7447
225  7371
232  7225
255  7414
255  7389
256  7364
252  7251
254  7499
235  7357
257  7417
227  7499
237  7491
259  7449
229  7333

Time taken: 17
