Tamanho    Peso
1093  35353
1083  35501
1076  35634
1086  35835
1090  35684
1076  35461
1089  35948
1085  35674
1079  35687
1082  35598
1085  35944
1088  35901
1091  35907
1089  35833
1099  35760
1102  35896
1094  35884
1082  35747
1080  35646
1101  36196
1082  35465
1090  35988
1089  35562
1085  35798
1094  35945
1082  35770
1088  35867
1080  35669
1091  35950
1085  35777
1085  35874
1090  35687
1097  36039
1099  35979
1086  35719
1093  35891
1088  35951
1084  35793
1078  35794
1090  35934
1093  35957
1086  35589
1087  35890
1098  35882
1081  35539
1094  35916
1097  35960
1093  36008
1094  35938
1085  35676

Time taken: 40
