***********CONSTRUÇÃO**************
ANTES | DEPOIS
0.488102   0.309179
0.487249   0.304521
0.489487   0.306257
0.487439   0.306925
0.486611   0.3061
0.488126   0.305377
0.488447   0.304346
0.487896   0.301624
0.486487   0.306425
0.486642   0.301836
0.486196   0.307961
0.487378   0.304173
0.487988   0.306089
0.488066   0.30832
0.488112   0.304961
0.486166   0.30526
0.486219   0.302778
0.485247   0.302279
0.487094   0.305622
0.485424   0.30362
0.488213   0.308175
0.48969   0.304847
0.48772   0.306133
0.48728   0.308438
0.48703   0.304553
0.487437   0.305478
0.488394   0.303978
0.48859   0.303326
0.485455   0.305489
0.486329   0.302917
0.48776   0.307282
0.486708   0.303888
0.488356   0.307183
0.489223   0.306742
0.486209   0.303357
0.488836   0.304702
0.488454   0.302941
0.486971   0.301814
0.485788   0.306298
0.48685   0.30165
0.488341   0.308375
0.486446   0.304142
0.487805   0.306452
0.486226   0.308124
0.488432   0.304595
0.488151   0.304446
0.488372   0.302548
0.486697   0.302804
0.486182   0.305441
0.486384   0.30178
***********BUSCA LOCAL**************
ANTES | DEPOIS
0.636916   0.635609
0.510062   0.882749
0.377586   0.377756
0.763185   0.388121
0.509306   0.386389
0.505069   0.382188
0.895528   0.378551
1.00124   0.380725
0.500278   0.637599
0.771275   0.51291
0.755613   0.382204
0.631125   0.253635
0.502287   0.506937
0.375653   0.37885
0.505675   0.644933
0.634377   0.386163
0.377009   0.635552
0.633039   0.503518
0.640164   0.769171
0.381059   0.261705
0.750518   0.38283
0.499424   0.252542
0.628427   0.894013
1.26595   1.01568
0.751023   0.504148
0.378694   0.375941
0.628427   0.635543
0.379276   0.502571
0.756542   0.382739
1.02537   0.635762
0.89971   0.505234
0.500397   0.507288
0.378235   0.509236
0.759409   0.383274
0.772001   0.383125
0.628658   0.509067
0.375063   0.760667
0.6221   0.256268
1.00849   0.63352
1.13876   0.25801
0.384652   0.510666
1.14192   0.38155
0.765492   0.507239
0.505339   0.386648
0.889133   0.381716
0.369611   0.377174
0.503519   0.51379
0.371339   0.253183
0.503731   0.2508
0.626218   0.3815
