Tamanho    Peso
1097  36510
1090  36399
1094  36535
1099  36532
1092  36532
1098  36515
1097  36575
1097  36495
1099  36581
1097  36453
1098  36458
1096  36571
1094  36565
1095  36546
1093  36482
1094  36451
1090  36564
1096  36508
1097  36557
1095  36452
1097  36506
1091  36533
1092  36513
1091  36457
1094  36591
1095  36441
1089  36598
1091  36580
1093  36518
1089  36480
1094  36505
1091  36462
1098  36653
1093  36529
1092  36472
1091  36493
1095  36511
1097  36628
1100  36601
1091  36407
1098  36402
1090  36452
1093  36541
1092  36510
1094  36538
1095  36525
1089  36553
1095  36514
1092  36462
1093  36500

Time taken: 21
