***********CONSTRUÇÃO**************
ANTES | DEPOIS
1.66102   1.10162
1.65961   1.09761
1.65919   1.08894
1.65715   1.10275
1.65634   1.09302
1.66276   1.10211
1.66119   1.08987
1.65755   1.07895
1.65832   1.10079
1.65957   1.09538
1.65803   1.09817
1.65982   1.09562
1.65408   1.09313
1.66041   1.10163
1.65986   1.09194
1.6595   1.0975
1.66595   1.08822
1.66052   1.08011
1.66233   1.09965
1.65696   1.09312
1.659   1.09972
1.65454   1.09482
1.66014   1.0904
1.65803   1.09819
1.65141   1.09452
1.65912   1.09659
1.66233   1.08802
1.6599   1.07991
1.6604   1.09922
1.66198   1.09417
1.66082   1.09747
1.66183   1.09339
1.66088   1.09135
1.65801   1.10078
1.6613   1.09461
1.65857   1.09897
1.65974   1.08905
1.65727   1.07872
1.65984   1.10293
1.65722   1.09692
1.66074   1.09882
1.65857   1.09409
1.65957   1.09203
1.65726   1.09902
1.65812   1.09038
1.65694   1.09544
1.66041   1.088
1.65768   1.08023
1.65896   1.0995
1.6574   1.09342
***********BUSCA LOCAL**************
ANTES | DEPOIS
3.04009   0.878544
2.5914   1.75428
2.63181   0.892833
2.62808   1.31315
3.48632   1.31488
3.48527   1.73593
1.30804   1.30535
2.18419   0.88053
3.97034   1.31799
2.18011   1.31247
3.07518   0.880645
3.05376   1.78291
2.19694   1.72321
2.18357   1.3054
2.16874   0.887666
1.30102   2.18674
2.6314   1.33268
1.72972   1.73683
3.53087   1.31244
1.28042   0.865098
1.29993   1.74315
2.16775   1.30838
2.19209   0.864579
1.74795   1.31374
2.60636   1.76653
1.75229   1.74525
3.95673   0.882934
1.74744   0.882274
1.74926   1.75799
2.20169   1.76256
2.58176   1.32203
1.76213   1.77467
2.19528   0.884538
2.19161   0.872555
1.31052   1.31629
2.18629   1.30979
1.7455   0.880669
1.30102   1.3111
3.04167   1.30755
4.36879   1.33164
1.7451   0.876958
4.79994   1.31943
2.1776   2.19939
2.16922   1.29129
1.31274   1.30864
1.73916   1.31824
1.73819   1.31973
3.07505   0.869738
3.46874   3.05946
2.16442   0.874762
