Tamanho    Peso
1714  57511
1722  57402
1721  57609
1709  57645
1717  57571
1715  57232
1713  57464
1717  57496
1727  57749
1728  57259
1719  57899
1708  56989
1689  57003
1711  57535
1721  57545
1724  57549
1712  57264
1708  56966
1698  57167
1718  57448
1710  57531
1722  57659
1719  57478
1705  57090
1702  57534
1711  56945
1716  57609
1711  57347
1698  57065
1723  57419
1706  57423
1697  57362
1715  57444
1722  57537
1735  57404
1711  57607
1717  57560
1704  57420
1709  57125
1718  57623
1722  57595
1706  57252
1718  57295
1724  57424
1707  57250
1712  57703
1722  57536
1716  57274
1717  57463
1720  57698

Time taken: 123
