Tamanho    Peso
1716  57497
1719  58066
1706  57948
1741  58070
1706  57534
1725  57642
1713  58048
1720  58093
1734  57871
1718  57723
1727  57683
1700  57402
1715  57725
1715  58025
1719  57815
1688  58242
1717  57782
1723  57852
1707  57644
1719  58097
1709  58315
1714  57109
1702  57275
1713  57783
1716  57700
1725  58067
1710  57359
1721  57733
1716  57833
1727  58041
1715  57623
1720  58407
1708  58058
1723  57965
1702  58102
1723  57495
1729  58364
1704  57954
1718  58081
1712  57355
1727  57971
1729  57744
1720  57913
1721  57976
1684  57759
1711  58220
1712  58116
1718  57628
1712  57489
1723  57799

Time taken: 203
