***********CONSTRUÇÃO**************
ANTES | DEPOIS
0.198258   0.15789
0.202047   0.152218
0.200391   0.147525
0.200047   0.152179
0.202073   0.15588
0.199701   0.153361
0.199461   0.155156
0.198778   0.141021
0.199799   0.145363
0.200817   0.146357
0.199621   0.150503
0.201624   0.153613
0.200722   0.146899
0.200873   0.153589
0.200233   0.156911
0.201007   0.153496
0.201149   0.154592
0.20182   0.140358
0.199133   0.143301
0.198668   0.146949
0.20108   0.150707
0.200594   0.152048
0.199023   0.146243
0.200376   0.15305
0.200698   0.156204
0.199693   0.152589
0.200527   0.155021
0.201311   0.140575
0.200649   0.14569
0.197757   0.146413
0.201152   0.149803
0.199553   0.151779
0.198855   0.146532
0.200747   0.152999
0.200618   0.155803
0.200212   0.153952
0.198229   0.155195
0.198304   0.140774
0.200926   0.144365
0.199593   0.146693
0.200616   0.150526
0.198707   0.152606
0.198523   0.147893
0.202162   0.152677
0.198879   0.156308
0.199958   0.154071
0.197485   0.154709
0.200333   0.140639
0.202172   0.144448
0.200989   0.147689
***********BUSCA LOCAL**************
ANTES | DEPOIS
0.10988   0.278409
0.108348   0.114356
0.109441   0.16801
0.114093   0.111407
0.088373   0.165911
0.219604   0.219709
0.112947   0.476075
0.103676   0.114737
0.10743   0.114187
0.106162   0.224955
0.100794   0.11001
0.106528   0.111097
0.10209   0.282344
0.111901   0.114975
0.098837   0.165603
0.166548   0.115956
0.217669   0.12134
0.096408   0.118734
0.162098   0.115774
0.102072   0.114855
0.112231   0.11238
0.104976   0.289451
0.099715   0.161188
0.105075   0.11177
0.101146   0.17496
0.217513   0.340133
0.107748   0.236192
0.103021   0.110283
0.106586   0.114379
0.220909   0.270345
0.212694   0.117538
0.106662   0.116285
0.107648   0.296125
0.106563   0.11321
0.109491   0.170066
0.106536   0.171533
0.200638   0.225906
0.108326   0.108067
0.159628   0.112562
0.09936   0.157314
0.166021   0.111044
0.111263   0.122424
0.103629   0.226237
0.106728   0.113649
0.096195   0.167143
0.107265   0.172523
0.111732   0.397925
0.108364   0.117158
0.106034   0.23578
0.102752   0.169851
