Tamanho    Peso
132  4757
125  4871
115  4611
109  4073
114  4293
121  4711
120  4961
118  4801
109  4560
124  5095
120  4620
115  4354
129  4777
107  4157
135  5099
100  3990
101  4122
124  4937
117  4817
105  4185
110  4144
108  4192
118  4680
109  4360
116  4687
112  4679
127  5180
109  4188
124  4833
112  4316
111  4038
108  4115
130  4975
139  5367
114  4323
118  4526
114  4041
106  4427
112  4422
104  4028
120  4851
112  4374
115  4573
107  4352
119  4890
107  4145
118  4419
88  3395
129  4861
115  4661

Time taken: 201
