Tamanho    Peso
1100  34904
1105  35061
1101  35083
1110  34898
1098  35053
1089  34972
1097  35055
1097  35069
1105  34656
1087  35072
1104  34998
1102  34763
1097  34830
1109  34907
1097  34997
1100  35031
1108  35048
1082  35284
1104  34865
1110  34944
1094  34872
1108  35157
1098  34947
1096  35192
1107  34831
1101  35088
1103  34813
1097  34912
1085  35149
1093  34679
1108  34823
1098  34916
1102  35105
1102  34694
1108  34867
1102  35122
1097  34895
1113  34967
1101  35071
1103  35158
1090  34976
1102  34808
1095  35152
1097  35082
1100  34778
1096  35182
1091  34647
1106  35030
1094  34814
1111  35123

Time taken: 58
