Tamanho    Peso
1725  57145
1725  57058
1724  56830
1737  57098
1719  56937
1714  56915
1728  57080
1702  57575
1726  57000
1746  57434
1724  57108
1720  57357
1720  56713
1704  56609
1726  57212
1721  57213
1737  57101
1718  57123
1733  57064
1742  56967
1745  57102
1720  56990
1724  56896
1724  57339
1730  56968
1729  56870
1727  57090
1717  56641
1725  57321
1735  56798
1723  57209
1715  57399
1727  57211
1711  56813
1728  57511
1719  57008
1736  57187
1714  56773
1732  56902
1727  57208
1730  57203
1714  57176
1723  56926
1729  56903
1708  57227
1726  57520
1710  57336
1742  57090
1731  56642
1714  56864

Time taken: 228
