***********CONSTRUÇÃO**************
ANTES | DEPOIS
1.65119   1.06528
1.64882   1.0497
1.65521   1.05391
1.6538   1.05072
1.65918   1.04691
1.6553   1.0529
1.65394   1.04835
1.6554   1.04817
1.65341   1.05998
1.65503   1.05755
1.65337   1.05948
1.65343   1.05116
1.65235   1.05085
1.65288   1.05295
1.6494   1.0541
1.65751   1.05545
1.65481   1.04659
1.65653   1.05177
1.65262   1.05518
1.64897   1.05593
1.65547   1.05972
1.65145   1.0515
1.65302   1.05138
1.65663   1.05278
1.65343   1.05301
1.65289   1.05504
1.65299   1.04467
1.65903   1.05303
1.6535   1.05579
1.65644   1.05045
1.65536   1.05933
1.65447   1.05258
1.65619   1.05186
1.65721   1.05126
1.65629   1.05187
1.65079   1.05364
1.6543   1.0466
1.65539   1.05047
1.65398   1.05654
1.65226   1.05069
1.65557   1.06134
1.65201   1.04993
1.66032   1.05153
1.65813   1.04914
1.65626   1.04956
1.65287   1.05807
1.66369   1.04278
1.65381   1.05126
1.65725   1.05747
1.6549   1.05772
***********BUSCA LOCAL**************
ANTES | DEPOIS
3.05399   0.907025
3.07415   0.895929
2.61284   0.898594
2.62516   0.877192
3.9528   0.898696
3.05159   0.895394
3.03933   0.889852
1.29948   0.891423
2.61735   0.888358
2.19458   0.886622
2.19241   0.90656
1.75116   0.880978
3.93332   0.896408
5.69747   0.896344
1.74844   0.892855
3.5088   0.899628
3.94189   0.884243
3.50382   0.895298
3.53212   0.886472
3.0672   0.891045
3.0662   0.88105
2.59125   0.901591
4.37098   0.884824
1.75602   0.902868
2.62916   0.884927
3.47638   0.895665
2.61223   0.901243
4.38322   0.895228
3.07327   0.901549
2.63473   0.898125
2.60584   0.90613
1.7398   0.88279
2.1801   0.879362
3.47965   0.896797
2.20037   0.902215
3.06377   0.902428
3.52944   0.887394
3.05215   0.908078
4.38157   0.89047
2.19344   0.899091
2.62973   0.899894
2.60615   0.874591
3.51889   0.888356
2.16345   0.890166
1.29808   0.89782
1.73264   0.904841
1.293   0.90076
4.39062   0.895789
3.50872   0.905906
2.60958   0.890635
