Tamanho    Peso
242  7118
237  7193
216  6958
237  7265
242  7085
245  7298
239  7127
241  7147
240  7221
238  7320
234  7045
212  7071
238  7232
245  7199
241  7180
240  7097
239  7163
238  7115
242  7174
239  7183
240  7198
221  7202
235  7136
241  7121
240  7196
242  7263
212  7109
239  7031
237  7197
238  7220
244  7326
240  7254
240  7192
246  7316
246  7362
242  7135
241  7079
240  7400
240  7070
244  7211
240  7098
239  7071
219  7006
236  7085
214  7323
248  7321
221  6775
243  7307
214  7051
240  7115

Time taken: 16
