***********CONSTRUÇÃO**************
ANTES | DEPOIS
0.209126   0.143067
0.205469   0.136473
0.205635   0.1502
0.205978   0.138399
0.207553   0.139602
0.206744   0.140488
0.204946   0.132758
0.209112   0.129186
0.206741   0.132346
0.206068   0.131263
0.206904   0.140614
0.20795   0.137134
0.206194   0.152082
0.209822   0.137763
0.208397   0.139925
0.206903   0.140767
0.206771   0.132926
0.207364   0.12831
0.207512   0.132521
0.205989   0.130928
0.206619   0.140781
0.207706   0.136619
0.206086   0.15212
0.20834   0.138073
0.208607   0.139461
0.208057   0.139637
0.2074   0.133214
0.206107   0.127485
0.206957   0.131862
0.206005   0.13039
0.207235   0.140322
0.207168   0.137133
0.205684   0.15071
0.209277   0.138376
0.206362   0.139945
0.207526   0.141338
0.205261   0.13289
0.205719   0.127239
0.206586   0.13051
0.208034   0.129629
0.204861   0.14051
0.208234   0.136803
0.207167   0.151203
0.20784   0.138432
0.20859   0.140459
0.20769   0.140492
0.207133   0.132015
0.207765   0.127635
0.207875   0.131761
0.206766   0.129797
***********BUSCA LOCAL**************
ANTES | DEPOIS
0.114068   0.12484
0.120041   0.128436
0.174515   0.11967
0.106553   0.123435
0.113792   0.124701
0.117946   0.115742
0.117826   0.123608
0.11998   0.121842
0.110201   0.120895
0.111807   0.118282
0.11191   0.119593
0.167778   0.126437
0.114596   0.118444
0.109303   0.126542
0.116204   0.11763
0.107812   0.11498
0.108512   0.129197
0.116237   0.117598
0.111758   0.121226
0.119094   0.115256
0.113136   0.122421
0.163351   0.131069
0.11903   0.117696
0.102864   0.124741
0.104716   0.127248
0.117456   0.131406
0.212039   0.124337
0.114602   0.119742
0.115107   0.117222
0.114255   0.114104
0.109899   0.12938
0.106802   0.124027
0.112773   0.240509
0.107448   0.128558
0.114328   0.117298
0.109458   0.127699
0.112529   0.127587
0.116497   0.122532
0.115374   0.123639
0.107832   0.114533
0.11356   0.115558
0.115357   0.115917
0.227099   0.126005
0.118673   0.124503
0.223704   0.121219
0.114902   0.119893
0.170706   0.129464
0.120892   0.125001
0.223689   0.11894
0.114568   0.118178
