***********CONSTRUÇÃO**************
ANTES | DEPOIS
0.471603   0.281312
0.46891   0.284275
0.472521   0.284474
0.471747   0.28676
0.471472   0.280774
0.46971   0.28084
0.470255   0.283808
0.470709   0.279887
0.469967   0.279691
0.472227   0.28283
0.469036   0.279033
0.471471   0.28446
0.46999   0.284327
0.470295   0.285217
0.469661   0.281126
0.471289   0.281221
0.470547   0.283821
0.469894   0.280038
0.47099   0.279675
0.470257   0.283135
0.471713   0.278949
0.469945   0.284278
0.471719   0.28442
0.471476   0.286629
0.470847   0.281073
0.46944   0.281366
0.470845   0.284077
0.471461   0.279578
0.471437   0.27947
0.469136   0.283003
0.469013   0.279199
0.471786   0.284577
0.470394   0.283937
0.470762   0.285841
0.470168   0.280971
0.470109   0.281017
0.46794   0.283741
0.470561   0.279678
0.471374   0.27984
0.47118   0.282914
0.470164   0.279283
0.472274   0.284207
0.46933   0.284258
0.471767   0.285468
0.469687   0.28116
0.470765   0.281214
0.470306   0.284546
0.47076   0.279509
0.470999   0.279839
0.471299   0.283436
***********BUSCA LOCAL**************
ANTES | DEPOIS
0.740058   0.24882
0.863082   0.251234
0.484856   0.245234
0.737163   0.247687
0.862633   0.486047
1.10546   0.247872
0.484648   0.363413
0.733106   0.247794
0.369731   0.245783
0.600421   0.250261
0.498273   0.244626
1.10236   0.371702
0.984016   0.739887
0.867155   0.246036
0.620442   0.48859
0.603287   0.248211
0.482237   0.250299
0.612114   0.246107
0.608998   0.246203
0.482516   0.248021
0.492551   0.242072
0.85392   0.36704
0.98224   0.609462
0.985003   0.249382
0.482531   0.247333
1.22199   0.360025
0.616776   0.362129
0.366398   0.245304
0.860982   0.247333
0.742448   0.246165
1.10372   0.243022
0.366993   0.494505
0.615211   0.492235
0.609264   0.490234
0.485308   0.494935
0.965014   0.370453
0.487527   0.251766
0.365679   0.496216
0.608849   0.248432
0.3628   0.370179
0.738808   0.365222
0.735924   0.49562
0.485039   0.24783
0.488809   0.242388
0.865046   0.247094
1.2267   0.367331
0.485709   0.253674
0.740446   0.245406
0.855975   0.24585
0.483339   0.371351
