***********CONSTRUÇÃO**************
ANTES | DEPOIS
1.81414   1.71016
1.81996   1.70955
1.81751   1.71936
1.81803   1.72517
1.81527   1.72565
1.81904   1.71927
1.81904   1.70858
1.82313   1.69348
1.81497   1.71653
1.81907   1.69559
1.81728   1.70511
1.81981   1.71036
1.81909   1.71716
1.81599   1.72439
1.81327   1.71951
1.8192   1.70847
1.81471   1.71026
1.81917   1.69406
1.81679   1.70465
1.81346   1.70131
1.81307   1.70641
1.81713   1.70595
1.81626   1.713
1.81591   1.71942
1.81818   1.72265
1.82215   1.71687
1.82058   1.71021
1.81866   1.69269
1.81479   1.70597
1.81971   1.69996
1.81994   1.70272
1.81574   1.71291
1.81546   1.71723
1.81414   1.72244
1.81374   1.73027
1.81729   1.71776
1.81462   1.70381
1.81653   1.69565
1.81501   1.71666
1.81769   1.69754
1.821   1.70334
1.8174   1.71255
1.81797   1.71253
1.81702   1.72018
1.82037   1.72399
1.8182   1.71409
1.82063   1.70708
1.82026   1.69579
1.82242   1.7116
1.81818   1.70246
***********BUSCA LOCAL**************
ANTES | DEPOIS
1.22143   1.85119
1.23511   1.84394
1.84183   1.84705
1.18575   1.83706
1.24141   1.78073
1.22738   1.79739
1.23074   1.88697
1.2222   1.84559
1.20316   1.83221
2.45889   2.51188
1.23387   2.45606
1.82566   1.85827
1.19926   2.448
1.78955   1.7907
1.22821   1.85757
2.48663   3.10172
1.82541   2.46489
1.21283   1.84284
1.20092   1.85525
1.20886   1.85311
1.25071   2.4892
1.8357   1.80617
2.44278   2.44196
1.23597   1.87125
2.4367   1.78646
3.00943   2.44088
2.38353   1.84264
1.19064   3.08374
2.42428   1.83719
1.20892   3.73215
1.22028   2.44114
1.20786   1.79401
1.85049   1.85601
2.45566   2.4301
2.46696   1.81756
1.18327   1.83407
1.18158   1.78149
1.19408   2.49291
1.81094   1.83175
1.17835   1.87188
2.44313   1.7989
1.8261   1.83176
1.20175   1.83715
1.19152   1.83373
1.22096   1.80638
1.21108   2.50328
1.23618   1.82752
1.16481   1.84349
1.2256   3.05695
1.18587   1.86896
