***********CONSTRUÇÃO**************
ANTES | DEPOIS
1.81831   1.72547
1.81793   1.72892
1.81817   1.71874
1.81774   1.72338
1.81839   1.74034
1.82015   1.71651
1.82336   1.7305
1.8138   1.72029
1.81814   1.72567
1.81898   1.73141
1.81539   1.72061
1.81966   1.72773
1.81869   1.71974
1.81736   1.72084
1.81418   1.73707
1.8187   1.72147
1.81967   1.7305
1.81589   1.72276
1.82049   1.72837
1.81994   1.72489
1.81798   1.72703
1.82234   1.72557
1.81604   1.71488
1.81784   1.71532
1.81896   1.73307
1.81233   1.71281
1.81929   1.72473
1.81777   1.72195
1.82312   1.72712
1.8177   1.72558
1.81866   1.72385
1.81855   1.73418
1.82187   1.7159
1.82082   1.72362
1.82063   1.7366
1.81744   1.71669
1.82122   1.72711
1.81859   1.71953
1.81837   1.72765
1.82028   1.73102
1.81485   1.7294
1.81303   1.73167
1.81693   1.71775
1.81946   1.72201
1.81863   1.73636
1.8142   1.71794
1.82104   1.72328
1.81882   1.71862
1.81718   1.72949
1.82153   1.72255
***********BUSCA LOCAL**************
ANTES | DEPOIS
1.20483   1.80297
1.24443   1.82892
1.83444   1.80693
1.81973   2.47869
2.47792   1.83064
1.18449   1.83518
1.21631   1.8602
1.18068   1.78847
1.8484   1.81151
1.23196   1.75557
1.23335   1.80752
1.22999   1.84272
1.19478   1.84689
1.21204   1.86587
1.83978   1.85026
2.43355   1.77019
1.83485   1.83283
1.24402   1.78634
2.44484   1.74821
1.2394   1.85673
1.21194   1.82213
1.80988   1.86369
1.20475   1.80741
1.21501   1.83008
1.25498   1.84229
1.20849   1.79306
1.23493   1.82207
1.22925   1.78395
1.80771   3.69028
1.83371   1.79812
2.4553   1.85252
1.19253   1.86836
2.37378   1.84614
1.22007   1.81708
1.19658   1.78169
1.25478   1.80015
1.83764   1.87845
1.19426   1.81862
2.44487   3.09787
1.8247   3.7411
1.20714   1.83839
1.17758   1.82427
1.21505   1.82726
1.26587   1.80733
1.25398   1.85015
1.80668   3.69879
2.40048   1.85289
1.20001   1.76195
1.79102   1.85272
1.25145   1.76956
