Tamanho    Peso
1694  55864
1678  55498
1679  55671
1679  55594
1675  55310
1673  55461
1677  55641
1676  55648
1680  55571
1677  55551
1690  55781
1674  55330
1681  55564
1694  55872
1676  55337
1686  55602
1673  55589
1684  55885
1678  55669
1669  55276
1686  55707
1676  55430
1671  55393
1681  55691
1675  55426
1680  55675
1677  55565
1678  55640
1681  55532
1673  55462
1690  55718
1672  55303
1685  55761
1686  55825
1681  55430
1686  55661
1678  55685
1679  55500
1679  55549
1678  55499
1685  55896
1676  55328
1679  55617
1692  55749
1673  55322
1683  55466
1682  55653
1675  55503
1675  55471
1674  55386

Time taken: 98
