Tamanho    Peso
1061  35055
1066  34896
1062  34706
1060  34860
1059  34970
1059  34776
1057  34941
1060  34704
1068  35040
1063  34962
1058  34946
1067  35091
1056  35049
1055  34726
1065  35244
1059  35109
1056  34778
1064  34852
1049  34635
1064  34770
1063  35021
1061  35232
1061  34987
1055  35047
1056  34873
1056  34886
1059  34920
1057  34906
1056  34898
1072  34969
1063  34748
1062  34671
1058  34907
1057  34818
1060  34847
1055  34981
1049  34832
1058  34993
1059  35179
1063  35389
1049  34697
1055  34926
1056  34786
1061  35232
1060  34904
1056  34710
1053  34794
1056  34956
1055  34873
1076  34888

Time taken: 60
