Tamanho    Peso
277  8877
281  9323
246  8988
275  9081
276  9038
282  8968
252  8884
273  8982
277  9085
244  8635
238  8590
279  8876
237  8688
240  8305
268  9240
281  9074
251  8579
251  8776
260  8778
250  8945
276  8961
247  8619
258  9211
250  9053
274  8956
282  8904
251  8979
240  8600
255  8897
279  9113
282  9248
282  9023
250  8772
247  8982
277  8810
286  9358
239  8804
241  8620
247  8817
251  8853
241  8633
263  9100
275  8846
277  9184
283  9141
280  8974
285  9042
236  8750
245  9038
279  9120

Time taken: 19
