Tamanho    Peso
249  9573
252  9353
240  9201
251  9529
253  9560
243  9160
247  9260
239  9049
252  9396
245  9248
237  9041
261  9837
232  9092
249  9607
253  9696
253  9407
255  9657
250  9315
247  9300
231  8923
246  9431
258  9738
250  9601
232  8991
257  9599
255  9643
254  9663
244  9333
242  9160
237  9403
243  8963
255  9576
239  9014
244  9402
231  8644
232  8850
259  9984
249  9494
249  9417
240  9101
237  9128
229  8807
230  9079
226  8631
256  9712
243  9284
256  9647
256  9656
239  9031
252  9607

Time taken: 19
