***********CONSTRUÇÃO**************
ANTES | DEPOIS
1.80745   1.64001
1.81035   1.65282
1.8067   1.63411
1.80216   1.66228
1.80219   1.6392
1.80736   1.64167
1.80046   1.62952
1.80711   1.62651
1.8039   1.6622
1.81224   1.58822
1.80858   1.63407
1.80271   1.66159
1.80304   1.63386
1.80587   1.65282
1.80548   1.63921
1.80722   1.63042
1.80278   1.63025
1.80479   1.63461
1.81057   1.65956
1.80352   1.58573
1.80562   1.63392
1.80828   1.65928
1.80356   1.63844
1.79865   1.65628
1.80147   1.639
1.80253   1.6309
1.80879   1.62906
1.80279   1.63232
1.80212   1.6566
1.80243   1.59249
1.8091   1.63772
1.8062   1.66199
1.80475   1.63368
1.80935   1.6514
1.80304   1.63929
1.80377   1.6261
1.80591   1.63163
1.80327   1.62813
1.8018   1.65889
1.80069   1.59
1.80519   1.63602
1.80989   1.65216
1.7992   1.63613
1.803   1.6565
1.80585   1.63531
1.807   1.62863
1.8067   1.62931
1.8068   1.63085
1.80293   1.65885
1.80762   1.59129
***********BUSCA LOCAL**************
ANTES | DEPOIS
1.17193   1.79034
2.36443   1.81927
1.19073   1.79184
1.22111   2.42302
1.2048   1.80761
1.20778   2.42047
1.22544   1.21942
1.20609   1.21881
1.1933   3.00817
1.76316   1.22167
1.17381   2.41453
1.21377   5.48206
1.80323   1.2293
1.19845   1.77945
1.19962   1.24221
1.19757   2.41976
1.19108   2.40793
1.19967   1.23578
2.38811   2.40297
1.19237   1.23612
1.19226   2.42845
1.1716   1.8214
2.4088   1.83292
1.205   4.23112
2.37444   1.82141
1.21681   1.8105
1.19893   1.23226
1.21336   2.42651
1.20531   3.03648
1.19005   1.20149
1.19156   3.05111
1.17762   2.41912
2.39723   1.82151
1.18478   3.00297
1.80644   1.83027
1.18497   1.21278
2.39992   1.22452
1.19545   2.42052
1.17198   3.04968
1.20331   1.21506
1.19287   1.80897
2.36977   3.03601
1.20545   1.82942
1.19021   1.82024
1.79869   1.20489
1.7759   1.22191
1.20479   2.4048
1.1907   1.82548
1.20759   1.81897
1.19796   2.41745
