Tamanho    Peso
155  6348
141  5566
156  6432
158  6319
160  6386
161  6262
160  6291
162  6388
158  6338
153  6296
159  6367
158  6257
158  6346
155  6382
157  6209
158  6404
158  6404
158  6255
160  6280
155  6275
157  6206
159  6418
147  6100
158  6324
160  6260
157  6214
158  6301
154  6282
159  6289
153  6277
159  6394
154  6388
126  5260
153  6303
149  5854
156  6355
147  5828
161  6273
155  6277
155  6363
154  6321
144  5581
155  6190
156  6239
147  5893
139  5637
155  6334
157  6281
159  6169
159  6347

Time taken: 162
