Tamanho    Peso
154  6584
159  6771
157  6243
161  6626
161  6471
154  6465
158  6646
159  6452
158  6500
157  6454
153  6181
159  6277
166  6481
145  6144
164  6828
156  6368
163  6479
162  6577
145  6130
160  6410
162  6502
162  6644
165  6830
152  6442
155  6157
162  6636
159  6581
158  6471
159  6486
162  6514
158  6395
159  6454
160  6521
161  6523
160  6781
166  6524
170  6566
156  6362
152  6325
155  6365
164  6461
165  6776
158  6599
164  7021
160  6570
159  6537
156  6290
159  6228
161  6571
152  6456

Time taken: 185
