Tamanho    Peso
1067  35947
1060  35897
1063  35892
1061  35962
1063  35978
1063  35947
1057  35947
1060  35904
1057  35840
1062  35946
1065  35957
1065  35964
1064  36005
1056  35866
1054  35768
1052  35915
1064  35969
1060  35841
1059  35933
1058  35819
1066  35952
1057  35823
1054  35872
1053  35780
1058  35992
1059  35998
1047  35740
1062  35883
1062  35860
1057  35754
1064  35875
1051  35901
1061  35857
1060  35871
1063  35970
1056  35759
1056  35781
1062  35905
1061  35898
1054  35896
1054  35962
1060  35841
1062  35881
1060  35886
1062  35873
1066  35979
1059  35941
1057  35845
1055  35937
1061  35955

Time taken: 24
