Tamanho    Peso
1724  55115
1696  54971
1712  55267
1722  55614
1701  55022
1697  54864
1716  55060
1697  55150
1714  55019
1715  55200
1682  55617
1676  55533
1716  54926
1700  54697
1710  55292
1699  54914
1718  55032
1711  55099
1688  54481
1706  55196
1690  55552
1688  55160
1686  54919
1702  55486
1707  54954
1702  55448
1686  55062
1710  55020
1702  55237
1715  55004
1711  55031
1708  54774
1714  54923
1711  54989
1707  55196
1711  55016
1686  55141
1697  55081
1695  54871
1692  55760
1709  55246
1701  54959
1711  55445
1681  55028
1695  54787
1723  55196
1716  55094
1715  54865
1715  55147
1714  54854

Time taken: 228
