***********CONSTRUÇÃO**************
ANTES | DEPOIS
0.215095   0.139073
0.220003   0.12208
0.214559   0.135096
0.218418   0.121853
0.219308   0.135281
0.218097   0.122309
0.214671   0.121356
0.219692   0.12402
0.21984   0.12195
0.216217   0.10212
0.217582   0.134556
0.218082   0.122472
0.220871   0.13483
0.217616   0.122012
0.21854   0.136085
0.21994   0.121642
0.218014   0.121579
0.219089   0.123831
0.213808   0.122139
0.219083   0.102138
0.21883   0.134768
0.217982   0.121786
0.216294   0.136125
0.218008   0.122443
0.219796   0.13693
0.215449   0.123666
0.218771   0.124095
0.220685   0.121526
0.219736   0.123006
0.218094   0.101971
0.215553   0.135345
0.219053   0.122277
0.216215   0.13504
0.214872   0.121402
0.213069   0.135791
0.218961   0.123987
0.21342   0.123317
0.220438   0.121811
0.216016   0.120729
0.21894   0.102223
0.219793   0.134595
0.212428   0.122252
0.21431   0.135732
0.216449   0.122112
0.214832   0.13567
0.219067   0.12319
0.216513   0.124999
0.218002   0.122522
0.213982   0.123078
0.21636   0.102235
***********BUSCA LOCAL**************
ANTES | DEPOIS
0.129515   0.13389
0.125927   0.130276
0.12401   0.138002
0.129585   0.134382
0.120384   0.123426
0.126356   0.120583
0.124659   0.132706
0.130797   0.135791
0.130167   0.1328
0.13389   0.13252
0.122743   0.135505
0.133392   0.124035
0.124373   0.124624
0.128309   0.13275
0.131338   0.128575
0.121543   0.132244
0.121017   0.139649
0.11346   0.132165
0.135104   0.134624
0.116499   0.135352
0.114703   0.140097
0.132036   0.141095
0.128965   0.129837
0.11776   0.140679
0.116162   0.136006
0.116859   0.137765
0.186339   0.131041
0.125695   0.129436
0.127975   0.125147
0.246572   0.14196
0.122983   0.142936
0.13065   0.128599
0.119713   0.144106
0.119892   0.136369
0.12392   0.133956
0.121105   0.136312
0.127123   0.129936
0.12969   0.136765
0.127184   0.133325
0.132485   0.131716
0.134239   0.140731
0.130377   0.139151
0.108346   0.1282
0.18729   0.13901
0.131241   0.136721
0.127198   0.128531
0.116078   0.121058
0.131878   0.144669
0.172449   0.126752
0.117394   0.12601
