Tamanho    Peso
1054  34150
1049  33786
1054  34140
1060  33994
1062  33886
1050  33824
1043  34065
1053  33618
1052  33667
1052  33902
1065  34184
1063  34214
1052  34047
1053  34205
1064  34214
1066  33871
1048  34082
1045  34001
1053  33838
1051  33748
1053  33981
1061  34153
1053  33869
1051  34077
1057  33935
1059  33818
1057  34096
1048  33789
1046  34223
1048  34162
1059  34104
1041  34209
1051  34133
1052  34231
1046  33808
1047  33873
1056  33888
1050  33882
1040  34042
1058  33767
1058  34039
1054  33763
1054  34058
1053  33745
1042  34247
1061  33981
1060  33957
1038  34224
1055  33845
1057  33861

Time taken: 59
