***********CONSTRUÇÃO**************
ANTES | DEPOIS
1.71948   1.6737
1.721   1.66266
1.72241   1.67073
1.72019   1.67686
1.71966   1.67541
1.71852   1.66343
1.72409   1.67442
1.71965   1.66281
1.71524   1.66565
1.71895   1.66364
1.71475   1.67614
1.72703   1.66174
1.72258   1.67316
1.73052   1.67114
1.71955   1.6694
1.71756   1.67978
1.72112   1.67327
1.71941   1.66913
1.71743   1.66569
1.7277   1.66443
1.71306   1.67857
1.72564   1.66833
1.71436   1.66989
1.71808   1.66287
1.71965   1.66644
1.72323   1.66613
1.71933   1.67022
1.7234   1.6681
1.72233   1.66385
1.72054   1.66724
1.71611   1.6598
1.72676   1.66962
1.71434   1.67759
1.72511   1.67785
1.72477   1.67991
1.71947   1.67148
1.72353   1.67524
1.72473   1.67783
1.7166   1.6628
1.71725   1.66745
1.72446   1.67089
1.72156   1.64905
1.72008   1.67234
1.71876   1.66761
1.72567   1.67282
1.73131   1.65668
1.71737   1.67047
1.71739   1.67062
1.71836   1.65867
1.72596   1.67761
***********BUSCA LOCAL**************
ANTES | DEPOIS
2.73385   1.55118
1.67257   1.57796
1.67291   1.56772
1.66945   1.66693
1.59336   1.60385
1.52727   3.39197
1.60108   1.56559
2.20997   1.65852
2.15007   1.59612
1.698   2.19878
1.60458   2.78218
1.53194   1.55835
2.22171   1.55235
1.60487   1.54777
1.55824   1.60727
2.79337   1.53994
1.57006   1.67599
1.68838   1.72173
1.61967   1.57161
1.59656   2.83329
2.06462   1.65504
1.59726   1.59112
1.71982   2.67536
1.69265   1.55181
1.58537   2.04691
3.45827   1.5297
1.63224   4.22289
1.66619   2.20636
2.72135   2.63618
1.60159   2.2482
2.28849   1.57299
1.56075   1.56635
2.05515   1.68573
1.64704   1.56066
1.63695   1.59104
1.5799   1.56987
1.64682   1.56878
2.75867   1.70785
1.63331   1.68456
1.62585   1.54026
2.64667   1.55432
1.62876   2.20573
2.702   1.65091
2.79444   1.61953
1.62475   1.6575
1.60139   2.72117
1.57531   2.7284
2.77455   1.53091
1.59543   1.68854
1.57732   1.70028
