Tamanho    Peso
1067  34941
1075  34972
1072  34781
1081  35068
1060  35493
1071  34975
1079  35106
1065  35054
1077  35026
1077  35250
1065  35174
1070  34931
1062  35098
1062  34896
1070  34958
1066  35139
1081  35336
1079  34979
1077  35221
1075  35313
1076  35116
1083  34990
1082  35024
1069  35098
1071  34934
1078  34926
1080  35095
1085  35319
1075  34837
1076  35060
1068  35125
1072  34846
1085  35184
1073  34962
1060  35339
1063  34983
1080  35124
1062  34938
1086  35065
1056  35350
1079  35004
1073  34993
1066  35160
1057  35161
1069  35087
1065  34719
1067  34803
1071  35031
1070  35122
1087  35089

Time taken: 56
