***********CONSTRUÇÃO**************
ANTES | DEPOIS
0.400396   0.227669
0.400221   0.225
0.400164   0.224273
0.400983   0.220744
0.400821   0.224704
0.401774   0.221767
0.402316   0.223839
0.399643   0.225888
0.40138   0.221133
0.401446   0.222969
0.400936   0.224879
0.401214   0.223982
0.400902   0.224308
0.401418   0.222498
0.400213   0.225085
0.400094   0.222959
0.400868   0.222924
0.399476   0.225744
0.401785   0.221268
0.399109   0.222584
0.399914   0.225102
0.400764   0.223611
0.401176   0.223302
0.398855   0.22118
0.39977   0.22461
0.4018   0.222795
0.40195   0.224914
0.400591   0.225967
0.400367   0.221135
0.402703   0.22117
0.398975   0.224882
0.399284   0.224592
0.398637   0.225259
0.401774   0.221324
0.40094   0.224187
0.400334   0.222622
0.400091   0.22274
0.401712   0.226208
0.401925   0.222008
0.399803   0.222715
0.39836   0.224964
0.400421   0.224442
0.399668   0.225279
0.401248   0.221307
0.40011   0.224525
0.401014   0.222851
0.399576   0.223413
0.398655   0.226259
0.400105   0.221466
0.402645   0.222356
***********BUSCA LOCAL**************
ANTES | DEPOIS
0.570342   0.28623
1.06359   0.186962
0.771086   0.381113
0.58574   0.289274
0.28639   0.379681
0.58215   0.387954
0.872699   0.391756
0.686964   0.292686
0.767862   0.382032
0.675066   0.291525
0.48411   0.481695
0.860404   0.187793
0.663828   0.291945
0.863371   0.386381
0.863833   0.289562
0.392052   0.190309
0.48854   0.483403
1.34743   0.482815
0.572769   0.190975
0.38284   0.194931
0.67394   0.380717
0.964655   0.286693
0.579396   0.388568
0.678307   0.190571
0.772385   0.194579
0.8606   0.674021
0.966889   0.29007
0.770519   0.481479
0.770688   0.387553
0.961053   0.191231
0.676435   0.293407
0.762783   0.383937
0.863521   0.287834
1.05407   0.290891
0.386039   0.291912
0.76225   0.289748
0.580056   0.474705
0.77344   0.290924
0.671585   0.191859
0.283735   0.1928
0.867262   0.484911
0.575756   0.290172
0.473379   0.191528
0.477383   0.28909
0.384228   0.28424
0.666816   0.289096
0.867324   0.569582
0.679254   0.286641
0.862782   0.291611
0.875329   0.291478
