Tamanho    Peso
1712  56270
1709  56421
1713  56593
1728  56360
1723  56578
1725  56495
1724  56595
1722  56569
1719  56271
1711  56169
1717  56495
1711  56370
1725  56734
1729  56726
1729  56673
1714  56327
1722  56486
1727  56335
1725  56513
1719  56545
1728  56388
1721  56489
1722  56636
1722  56413
1727  56514
1731  56703
1725  56513
1692  56205
1711  56271
1715  56511
1712  56529
1716  56490
1724  56468
1725  56489
1730  56670
1729  56690
1714  56588
1714  56496
1724  56435
1716  56311
1723  56655
1715  56337
1711  56512
1718  56518
1721  56506
1727  56413
1715  56510
1729  56589
1717  56390
1717  56346

Time taken: 107
