***********CONSTRUÇÃO**************
ANTES | DEPOIS
0.240026   0.20658
0.242567   0.200053
0.243187   0.18227
0.242756   0.202188
0.240422   0.199509
0.244541   0.20079
0.241511   0.198769
0.243071   0.193566
0.24247   0.20004
0.240127   0.202112
0.242182   0.202997
0.240964   0.200286
0.241357   0.181645
0.238564   0.200168
0.241919   0.201721
0.242195   0.203215
0.243398   0.198649
0.242088   0.195496
0.239174   0.200381
0.239208   0.200622
0.242703   0.201352
0.240754   0.200862
0.242688   0.182981
0.242848   0.200615
0.240601   0.200499
0.242205   0.199427
0.24253   0.197863
0.24171   0.193589
0.242079   0.200114
0.241318   0.202247
0.240071   0.201342
0.242791   0.200006
0.24456   0.182875
0.241312   0.200307
0.241364   0.202288
0.241143   0.201457
0.242278   0.198744
0.241258   0.193788
0.240957   0.201121
0.244801   0.202007
0.240464   0.20016
0.241872   0.199774
0.240187   0.182267
0.240861   0.199616
0.242942   0.201044
0.239597   0.200114
0.242598   0.198463
0.24066   0.193115
0.242171   0.199542
0.242159   0.201395
***********BUSCA LOCAL**************
ANTES | DEPOIS
0.10825   0.206021
0.238746   0.206868
0.190465   0.27268
0.125815   0.202592
0.110578   0.206934
0.114613   0.182341
0.242571   0.196938
0.127059   0.203082
0.187236   0.325433
0.181545   0.205439
0.1834   0.201679
0.17419   0.479997
0.109288   0.255594
0.108017   0.404341
0.112396   0.408377
0.18086   0.275749
0.184056   0.473872
0.112115   0.196449
0.112695   0.340509
0.122013   0.208314
0.184352   0.336589
0.120117   0.349154
0.115341   0.188932
0.110884   0.192546
0.1839   0.205409
0.111305   0.199666
0.118749   0.348655
0.109221   0.202492
0.117741   0.33688
0.108842   0.193448
0.171864   0.204254
0.121129   0.202464
0.115442   0.189862
0.117257   0.202069
0.113361   0.272155
0.232421   0.195884
0.236014   0.200117
0.108385   0.207079
0.192161   0.203913
0.248168   0.203436
0.196737   0.202904
0.190145   0.198681
0.111271   0.196365
0.186664   0.271297
0.176503   0.194707
0.123796   0.405754
0.10494   0.271818
0.12444   0.60204
0.103599   0.203145
0.174922   0.197506
