Tamanho    Peso
279  8980
266  8572
267  8567
277  8815
300  9510
256  8570
275  8867
248  8292
263  8593
279  9219
275  8837
257  8649
263  8342
277  9186
279  9138
274  8990
275  8809
259  8366
303  9781
293  9664
266  8653
280  8705
249  7992
272  8752
293  9691
306  9701
278  8990
266  8907
267  8749
271  8800
275  9015
280  9064
272  8784
268  8963
288  9588
265  8519
262  8395
275  9218
282  8846
279  9162
290  9327
291  9359
268  8604
283  8932
284  9167
298  9573
278  9230
274  8795
276  8709
290  9363

Time taken: 23
