Tamanho    Peso
1051  35518
1061  35545
1056  35274
1054  35466
1060  35547
1053  35389
1060  35421
1055  35567
1052  35422
1057  35548
1053  35526
1061  35517
1058  35390
1055  35506
1058  35568
1056  35470
1059  35508
1051  35412
1049  35392
1059  35566
1055  35538
1055  35370
1058  35426
1053  35469
1056  35475
1056  35353
1056  35431
1052  35417
1053  35465
1059  35483
1053  35503
1061  35612
1056  35352
1053  35376
1058  35398
1053  35386
1056  35438
1065  35553
1053  35564
1058  35486
1053  35567
1060  35508
1052  35394
1055  35520
1058  35521
1052  35482
1055  35428
1057  35473
1050  35316
1062  35573

Time taken: 26
