***********CONSTRUÇÃO**************
ANTES | DEPOIS
1.7243   1.62133
1.72338   1.59249
1.72845   1.59394
1.73065   1.59695
1.72461   1.57752
1.72113   1.58141
1.72644   1.61421
1.71984   1.59172
1.72945   1.59622
1.72551   1.59438
1.73074   1.60557
1.71531   1.60363
1.72816   1.59677
1.72399   1.59804
1.72332   1.58659
1.72106   1.58196
1.72731   1.59673
1.72117   1.5958
1.73526   1.59198
1.71631   1.58154
1.7203   1.60988
1.732   1.58814
1.72331   1.60362
1.72531   1.60223
1.72436   1.58329
1.71698   1.58123
1.72157   1.61106
1.72325   1.587
1.72489   1.59725
1.7181   1.59249
1.72446   1.614
1.7229   1.6127
1.72424   1.59599
1.72573   1.60054
1.72842   1.58486
1.72214   1.56853
1.72898   1.59581
1.72217   1.57354
1.72438   1.59592
1.72008   1.58355
1.73047   1.59895
1.73327   1.59349
1.72138   1.60082
1.7236   1.59878
1.7264   1.59009
1.72545   1.56348
1.72392   1.60171
1.72149   1.59926
1.73098   1.59395
1.72234   1.59308
***********BUSCA LOCAL**************
ANTES | DEPOIS
1.17799   1.1955
1.16372   2.88484
1.71792   1.16521
1.15202   1.19108
2.29028   2.88906
2.22598   1.19764
2.22423   2.7577
1.74005   2.34673
1.71506   1.72603
3.4547   2.25586
2.27448   1.74332
1.16156   2.33961
2.82209   1.1984
1.68525   2.88911
1.16033   1.67262
1.70292   1.76452
1.16732   1.71297
2.83412   1.15541
2.83641   2.27397
1.71589   1.72848
1.17506   2.29986
1.75237   1.17215
3.42171   1.69588
2.25588   2.26178
2.33196   2.2706
2.22212   2.27906
2.28414   1.69743
1.67193   1.1731
2.23635   2.94174
3.40568   1.66987
1.6541   2.27625
1.70208   2.2996
1.18243   4.03586
1.66211   2.35699
5.10358   1.7653
2.83954   2.32374
1.15674   2.30681
2.85336   1.17676
1.15913   2.36385
1.15804   2.34941
2.85585   1.76765
1.63136   2.30083
1.18003   2.90322
1.65919   2.88027
1.18694   1.70056
2.84472   1.1675
1.72258   2.28154
1.74012   2.86783
3.42592   2.26
1.16423   1.18454
