Tamanho    Peso
1097  36579
1100  36640
1087  36500
1106  36753
1091  36575
1093  36572
1094  36705
1091  36580
1097  36548
1095  36508
1103  36673
1102  36590
1094  36643
1100  36652
1093  36602
1097  36661
1094  36649
1091  36507
1092  36540
1101  36640
1098  36585
1099  36600
1096  36656
1101  36706
1093  36562
1092  36615
1100  36677
1088  36542
1098  36567
1098  36557
1097  36541
1105  36639
1085  36504
1096  36553
1097  36617
1091  36610
1090  36497
1091  36505
1094  36513
1102  36609
1100  36647
1102  36596
1093  36563
1094  36507
1096  36656
1092  36456
1097  36572
1091  36582
1092  36474
1102  36663

Time taken: 22
