Tamanho    Peso
1107  37128
1098  37171
1062  37770
1112  37091
1088  37043
1100  37013
1102  37034
1112  37131
1109  37219
1097  36934
1100  37167
1095  37010
1079  37232
1090  36852
1111  37089
1100  37021
1092  37301
1099  36862
1098  37157
1100  37247
1099  37043
1090  36989
1100  36761
1097  37117
1088  37536
1096  37186
1102  37187
1097  37160
1100  36619
1088  37018
1110  37001
1081  37287
1095  36868
1103  37017
1105  37029
1115  37099
1101  37365
1110  37166
1106  36946
1105  36907
1102  37066
1105  37124
1098  37230
1109  37142
1072  37460
1103  37007
1100  37179
1104  37135
1086  37200
1111  37072

Time taken: 53
