Tamanho    Peso
1712  57354
1717  57397
1708  57126
1716  57380
1718  57474
1702  56840
1705  57072
1702  56920
1709  57379
1705  57245
1704  57236
1707  57094
1703  57279
1713  57158
1716  57463
1706  56943
1711  57169
1710  57089
1705  57159
1708  57147
1697  57489
1714  57236
1713  57267
1706  57363
1706  57297
1706  57112
1705  57171
1704  57097
1718  57212
1719  57001
1716  57452
1713  57486
1710  57379
1711  57318
1703  57361
1711  57202
1710  57095
1702  57192
1717  57553
1713  57126
1710  57309
1692  57229
1710  57301
1709  57294
1718  57290
1701  56905
1710  57369
1711  56951
1707  57272
1707  57139

Time taken: 107
