***********CONSTRUÇÃO**************
ANTES | DEPOIS
1.66189   1.07109
1.65828   1.07836
1.65747   1.08134
1.65981   1.08239
1.65924   1.08515
1.66089   1.06294
1.65841   1.06932
1.66262   1.05607
1.65827   1.07078
1.66019   1.06212
1.6625   1.06787
1.65942   1.07672
1.65882   1.07827
1.65821   1.08385
1.66091   1.08751
1.65867   1.06568
1.66329   1.06879
1.66092   1.06151
1.65592   1.06742
1.65629   1.06609
1.6619   1.0642
1.65821   1.07682
1.66023   1.07651
1.65692   1.08254
1.65298   1.083
1.66109   1.06462
1.6605   1.06561
1.65812   1.05516
1.66179   1.07385
1.66164   1.06985
1.65859   1.0697
1.65892   1.07977
1.65778   1.07546
1.66458   1.08261
1.65572   1.08529
1.66112   1.06642
1.65927   1.0673
1.65909   1.05641
1.65937   1.07191
1.65603   1.07026
1.65993   1.0683
1.66237   1.07638
1.66097   1.07494
1.65574   1.08309
1.65583   1.09055
1.65848   1.06185
1.6585   1.06814
1.65939   1.05982
1.66116   1.07196
1.66064   1.06799
***********BUSCA LOCAL**************
ANTES | DEPOIS
1.30308   0.885454
1.7518   0.87819
1.74092   1.3173
2.61305   0.88262
2.16205   0.880649
3.08054   0.897174
3.49882   1.75712
1.75165   0.893115
3.50165   0.884093
1.30959   0.886111
1.73985   0.875617
1.30128   0.879679
3.48943   1.74782
1.30425   0.875554
1.29711   0.895758
3.07347   0.870777
2.18661   0.879873
1.3076   0.877494
3.06929   0.875795
3.07266   0.865735
2.20778   1.77531
2.62961   0.890433
2.61331   0.877716
1.30108   0.882941
2.17158   1.7786
3.03804   0.8929
3.04712   0.875842
3.9552   1.32589
1.73485   0.865653
2.627   0.889934
1.30358   0.886311
1.74453   0.880649
2.64675   0.88312
1.73407   1.30208
3.08113   1.30482
2.64488   0.888454
2.61115   0.899268
1.73824   0.888784
2.63554   1.75222
2.61858   0.887123
2.60236   0.887176
1.30699   1.32775
3.06448   0.886493
1.30049   0.894481
3.07927   2.64383
1.73311   0.898097
2.18685   0.875684
1.30557   0.883111
1.73204   1.76602
1.73978   0.892092
