***********CONSTRUÇÃO**************
ANTES | DEPOIS
0.200625   0.116795
0.199491   0.114686
0.200469   0.114409
0.199797   0.113082
0.200847   0.113765
0.199847   0.114265
0.200713   0.101105
0.198938   0.100254
0.197724   0.099929
0.200826   0.094012
0.198333   0.112341
0.199715   0.115043
0.199345   0.114238
0.197806   0.113063
0.201833   0.11408
0.200306   0.113713
0.200144   0.101184
0.200731   0.100073
0.201491   0.09979
0.197459   0.094474
0.198848   0.112663
0.200847   0.114706
0.199005   0.114378
0.201332   0.113434
0.200146   0.113913
0.200936   0.114253
0.199212   0.100659
0.201501   0.100258
0.19979   0.099672
0.199001   0.093883
0.199534   0.112453
0.199291   0.115341
0.201761   0.11461
0.200468   0.113268
0.200378   0.114052
0.199342   0.113757
0.200196   0.101021
0.199915   0.10021
0.200228   0.099644
0.200218   0.094034
0.202005   0.112625
0.201734   0.115018
0.200652   0.114363
0.20061   0.113102
0.199549   0.114302
0.200617   0.114519
0.200902   0.100913
0.200218   0.10035
0.202406   0.099796
0.200171   0.09397
***********BUSCA LOCAL**************
ANTES | DEPOIS
0.112454   0.11731
0.101255   0.106308
0.11531   0.118741
0.151827   0.115212
0.211885   0.112923
0.107677   0.111535
0.163175   0.112962
0.104602   0.116578
0.105548   0.117281
0.105494   0.11054
0.107605   0.121358
0.106459   0.113147
0.100928   0.109581
0.101465   0.117117
0.100773   0.111399
0.108723   0.114381
0.104007   0.12205
0.152972   0.118189
0.217406   0.113486
0.107102   0.099049
0.103348   0.119108
0.106518   0.115639
0.107312   0.114984
0.159668   0.122578
0.10813   0.110037
0.158928   0.111228
0.104366   0.120223
0.216437   0.120469
0.210471   0.122395
0.103097   0.108499
0.108373   0.11111
0.097402   0.114559
0.113048   0.107385
0.103037   0.112198
0.097511   0.112037
0.269029   0.120019
0.114851   0.112249
0.111291   0.115346
0.1068   0.108759
0.102758   0.112686
0.100991   0.116635
0.101304   0.122602
0.21744   0.117485
0.169181   0.125858
0.218752   0.111306
0.101597   0.11419
0.157691   0.112926
0.105026   0.116155
0.112428   0.114872
0.10906   0.108656
