Tamanho    Peso
215  6613
223  6865
220  6706
221  6805
222  6796
221  6723
210  6625
209  6533
209  6476
231  6679
213  6549
220  6707
220  6802
219  6665
222  6810
219  6620
209  6554
208  6451
209  6462
231  6707
215  6569
220  6761
220  6700
220  6731
223  6831
219  6651
209  6533
210  6650
209  6443
215  6570
221  6763
221  6798
221  6834
224  6850
219  6592
210  6599
209  6552
231  6719
215  6572
220  6731
219  6704
220  6730
223  6785
209  6575
210  6615
209  6424
231  6678

Time taken: 11
