Tamanho    Peso
133  5131
158  6416
167  6636
150  6059
156  6280
164  6605
154  6175
150  6099
155  6313
150  6108
150  6134
153  6286
159  6329
155  6107
153  6286
158  6285
144  6104
152  6319
151  6345
159  6489
140  5496
157  6402
170  6744
147  6047
157  6290
157  6300
149  5986
148  6245
160  6547
156  6440
143  5950
155  6389
155  6452
130  5070
163  6376
158  6428
143  5991
164  6424
158  6451
165  6669
155  5875
158  6519
156  6423
152  6059
167  6364
150  6126
142  5652
150  6141
158  6456
147  5918

Time taken: 165
