Tamanho    Peso
1097  35724
1089  35416
1088  35507
1089  35533
1084  35375
1092  35602
1093  35548
1084  35491
1086  35529
1084  35489
1099  35660
1091  35479
1088  35600
1084  35477
1089  35429
1084  35625
1092  35560
1084  35553
1086  35423
1091  35572
1084  35441
1092  35478
1090  35514
1092  35630
1087  35394
1093  35392
1096  35529
1090  35497
1088  35600
1081  35547
1088  35439
1092  35488
1092  35568
1088  35535
1088  35516
1096  35576
1094  35470
1090  35555
1084  35485
1087  35472
1090  35392
1094  35503
1095  35598
1079  35453
1085  35492
1092  35598
1085  35606
1088  35412
1084  35382
1089  35539

Time taken: 24
