***********CONSTRUÇÃO**************
ANTES | DEPOIS
1.65671   1.05223
1.6523   1.04099
1.65125   1.04807
1.64992   1.04074
1.65593   1.04021
1.65712   1.0347
1.65897   1.01861
1.65135   1.03763
1.65223   1.04227
1.65265   1.03608
1.65361   1.04805
1.65769   1.03548
1.64768   1.04663
1.65232   1.04501
1.6549   1.03491
1.65147   1.03499
1.65071   1.02411
1.65131   1.03716
1.6543   1.0442
1.65707   1.03623
1.65728   1.04805
1.65321   1.03792
1.65632   1.04574
1.65043   1.04354
1.65742   1.03925
1.65323   1.03477
1.65519   1.01933
1.65798   1.03568
1.65599   1.04222
1.64922   1.03648
1.66055   1.05
1.65386   1.04047
1.65253   1.04816
1.65797   1.0431
1.65591   1.03417
1.6596   1.03523
1.65331   1.02359
1.6516   1.03569
1.65419   1.04306
1.65873   1.03587
1.6512   1.04644
1.65017   1.03617
1.65545   1.04614
1.65726   1.04434
1.65665   1.03371
1.65081   1.03457
1.64872   1.01824
1.65345   1.03582
1.65186   1.04496
1.65435   1.0368
***********BUSCA LOCAL**************
ANTES | DEPOIS
2.16306   0.874203
3.47626   0.899703
3.05642   0.876204
4.82052   0.889757
1.74307   0.898692
2.64168   0.892938
4.38685   0.872959
3.97431   0.895137
3.03171   0.878967
1.74032   0.877971
6.15176   0.883853
3.95854   0.897091
2.18432   0.896931
4.42408   0.880705
2.16272   0.898032
3.51805   0.904816
6.1577   0.885435
4.86479   0.877159
3.05762   0.899179
3.48144   0.879726
3.50602   0.875091
2.1951   0.883369
1.73077   0.877608
2.19676   0.884297
3.50814   0.884155
2.18418   0.889376
3.51983   0.889463
1.73094   0.883634
3.95242   0.876708
2.19075   0.881078
3.95524   0.877218
2.18341   0.898068
3.50602   0.892567
2.1702   0.911143
5.65313   0.876916
3.92259   0.906257
2.18725   0.897321
3.50269   0.883956
1.29822   0.884621
3.05032   0.91221
2.15236   0.890195
4.83775   0.891385
1.73788   0.889394
3.92929   0.892493
4.81796   0.900447
2.60424   0.904013
3.96929   0.876167
2.62272   0.882023
2.61996   0.872313
3.05707   0.874935
