***********CONSTRUÇÃO**************
ANTES | DEPOIS
0.218471   0.163862
0.218611   0.155403
0.217635   0.148843
0.217511   0.156697
0.217348   0.15661
0.216373   0.136277
0.217354   0.133371
0.215164   0.156492
0.221255   0.13362
0.218974   0.15976
0.217399   0.159449
0.218274   0.154011
0.219286   0.148725
0.219061   0.157138
0.217376   0.158015
0.218352   0.13659
0.217713   0.133863
0.218914   0.156209
0.216226   0.134215
0.219568   0.159346
0.217443   0.158918
0.216114   0.155306
0.217856   0.149232
0.217603   0.157061
0.219869   0.157562
0.218951   0.137123
0.22045   0.13451
0.217261   0.154827
0.217343   0.134391
0.217774   0.159467
0.216379   0.158995
0.218352   0.154741
0.216824   0.148314
0.217292   0.156977
0.216897   0.156858
0.216454   0.136748
0.216339   0.132975
0.220774   0.156083
0.219041   0.135469
0.218198   0.159578
0.218959   0.159527
0.219203   0.154947
0.215821   0.148718
0.218729   0.157327
0.221164   0.157323
0.216912   0.137123
0.215207   0.133889
0.216136   0.155175
0.218652   0.133884
0.218979   0.160152
***********BUSCA LOCAL**************
ANTES | DEPOIS
0.117184   0.118951
0.117511   0.141798
0.123465   0.135032
0.12172   0.135326
0.176359   0.124349
0.257177   0.129065
0.129329   0.136246
0.115541   0.125369
0.174425   0.131232
0.11616   0.132416
0.127036   0.12997
0.114211   0.13348
0.119647   0.134903
0.175882   0.127192
0.195745   0.139674
0.107947   0.121979
0.130331   0.14334
0.186264   0.1292
0.122127   0.136855
0.117175   0.136482
0.241438   0.12316
0.121281   0.137355
0.120915   0.140563
0.115593   0.132457
0.129932   0.128457
0.109634   0.135543
0.115784   0.131959
0.169925   0.121009
0.124121   0.126381
0.184756   0.135186
0.127692   0.132135
0.178401   0.131143
0.306972   0.112143
0.124702   0.134663
0.192566   0.124142
0.247394   0.124678
0.251229   0.123861
0.123561   0.116356
0.124417   0.121242
0.127486   0.135481
0.115384   0.178904
0.244863   0.125327
0.185785   0.127869
0.119276   0.132033
0.109833   0.13239
0.126788   0.133366
0.248206   0.120479
0.243184   0.18586
0.138379   0.137018
0.108056   0.125555
