Tamanho    Peso
287  8299
281  8100
282  8297
286  8464
251  8046
253  8102
289  8369
278  8313
249  8224
288  8450
286  8349
290  8348
281  8402
246  8041
270  8207
286  8156
282  8310
253  7862
283  8355
286  8461
250  8125
281  8233
284  8361
284  8336
289  8451
288  8229
290  8409
244  7958
279  8204
245  7965
287  8313
251  8032
235  7811
282  8353
250  8225
265  8060
268  8436
285  8210
287  8349
287  8337
278  8216
256  8117
253  7994
281  8410
285  8265
289  8322
262  8338
245  8031
280  8360
290  8334

Time taken: 19
