Tamanho    Peso
1038  34325
1041  34500
1047  34541
1046  34533
1044  34519
1042  34537
1042  34425
1039  34482
1039  34478
1042  34222
1045  34330
1036  34373
1049  34520
1041  34383
1041  34524
1048  34591
1043  34449
1044  34431
1041  34314
1040  34304
1044  34339
1043  34424
1043  34480
1049  34522
1052  34503
1048  34636
1043  34455
1046  34321
1045  34565
1039  34261
1044  34352
1040  34539
1044  34393
1049  34725
1045  34571
1047  34544
1041  34472
1043  34422
1038  34451
1043  34326
1045  34329
1042  34336
1042  34429
1051  34564
1047  34451
1049  34530
1042  34391
1042  34391
1037  34367
1041  34320

Time taken: 27
