42;7;232 445 560 565 768 852 1571 1619 1931 2164 2185 2357 2580 3279 3342 3415 3774 4109 4373 4546 4647 4983 5261 5626 5917 5958 6368 6487 6831 6881 7678 7826 7938 9418 9597 9717 9779 9960 9987 10071 10191 10230
42;7;232 445 560 565 768 852 1571 1619 1931 2164 2185 2357 2580 3279 3342 3415 3774 4109 4125 4373 4546 4647 4983 5261 5626 5917 5958 6368 6487 6831 6881 7678 7826 7938 9418 9597 9717 9779 9987 10071 10191 10230
42;7;232 445 560 768 852 1571 1619 1931 2164 2185 2357 2580 3342 3415 3774 4109 4125 4373 4546 4647 4983 5261 5626 5917 5939 5958 6368 6487 6831 6881 7678 7826 7938 8224 9418 9597 9717 9779 9987 10071 10191 10230
43;7;232 445 560 768 852 1571 1619 1931 2164 2185 2357 2580 3342 3415 3774 4109 4190 4373 4546 4647 4983 5261 5626 5917 5939 5958 6368 6487 6831 6881 7678 7826 7938 8224 9418 9597 9717 9779 9960 9987 10071 10191 10230
43;7;232 445 560 565 768 852 1571 1619 1931 2164 2185 2357 2580 3279 3342 3415 3774 4109 4373 4546 4647 4983 5261 5626 5917 5939 5958 6368 6487 6831 6881 7678 7826 7938 8224 9418 9597 9717 9779 9987 10071 10191 10230
43;7;232 445 560 768 852 1571 1619 1931 2164 2185 2357 2580 3342 3415 3774 4109 4145 4373 4546 4647 4838 4983 5261 5626 5917 5958 6368 6487 6816 6831 6881 7678 7826 7938 9418 9597 9717 9779 9960 9987 10071 10191 10230
44;7;232 445 560 768 852 1571 1619 1931 2164 2185 2357 2580 3342 3415 3774 4109 4125 4145 4373 4546 4647 4838 4983 5261 5626 5917 5958 6368 6487 6816 6831 6881 7678 7826 7938 8115 9418 9597 9717 9779 9987 10071 10191 10230
44;7;232 445 560 768 852 1571 1619 1931 2164 2185 2357 2580 3253 3342 3415 3774 4109 4145 4373 4546 4647 4838 4983 5261 5626 5917 5958 6368 6487 6816 6831 6881 7678 7826 7938 9418 9597 9717 9779 9987 10071 10141 10191 10230
44;7;232 445 560 565 768 852 1571 1619 1931 2164 2185 2357 2580 3279 3342 3415 3774 4109 4145 4373 4546 4647 4838 4983 5261 5626 5917 5958 6368 6487 6816 6831 6881 7678 7826 7938 9418 9597 9717 9779 9987 10071 10191 10230
44;7;232 445 560 768 852 1571 1619 1931 2164 2185 2357 2580 3342 3415 3774 4109 4145 4373 4546 4647 4838 4983 5261 5626 5917 5939 5958 6368 6487 6816 6831 6881 7678 7826 7938 8224 9418 9597 9717 9779 9987 10071 10191 10230
