Tamanho    Peso
1104  35094
1110  34946
1098  35052
1108  35097
1112  35077
1111  35256
1113  35108
1104  35000
1112  35386
1105  35183
1115  35185
1089  35025
1104  34915
1105  35057
1109  35024
1111  35148
1110  35071
1100  35143
1102  35199
1105  35030
1107  35185
1105  35279
1098  34909
1104  35195
1111  35141
1112  35254
1101  34977
1107  34973
1110  35116
1100  35292
1100  34896
1097  35117
1112  34979
1112  35129
1105  35004
1099  35228
1111  35102
1103  35001
1112  35102
1106  34851
1105  34982
1105  34980
1106  35023
1101  35074
1105  35168
1108  34913
1100  34969
1106  34984
1101  34962
1109  34926

Time taken: 53
