***********CONSTRUÇÃO**************
ANTES | DEPOIS
1.68051   1.0834
1.68348   1.09574
1.67731   1.09623
1.68036   1.08354
1.68291   1.08859
1.68148   1.08691
1.68117   1.08544
1.67771   1.0846
1.68359   1.08785
1.67907   1.07732
1.67672   1.09124
1.68238   1.09014
1.67725   1.09231
1.67974   1.08665
1.68105   1.08514
1.6743   1.08476
1.68148   1.08337
1.67907   1.08485
1.67779   1.08645
1.67633   1.07759
1.68102   1.08865
1.67822   1.09331
1.68444   1.09077
1.67892   1.08451
1.67909   1.08397
1.68086   1.0831
1.67965   1.08634
1.68044   1.08646
1.67634   1.08954
1.67688   1.07617
1.67415   1.08814
1.67693   1.09078
1.68054   1.09214
1.67644   1.08476
1.68067   1.08714
1.67969   1.08408
1.67884   1.08449
1.68269   1.08418
1.68212   1.08686
1.67997   1.08195
1.68228   1.08343
1.68438   1.09068
1.68029   1.09438
1.68044   1.08428
1.67461   1.08522
1.67934   1.08258
1.67838   1.08298
1.68913   1.08167
1.67858   1.08299
1.67935   1.0777
***********BUSCA LOCAL**************
ANTES | DEPOIS
2.64072   0.90998
4.39075   0.898257
1.34125   0.902062
2.65154   0.909931
2.66463   0.913951
3.60056   0.899671
2.20503   0.89416
1.78103   0.903165
2.19827   0.912927
2.6732   0.904648
3.54061   0.897007
2.226   0.897411
2.66315   0.908282
3.55151   0.894707
3.12265   0.909808
2.66249   0.906789
1.77169   0.894811
2.23738   0.917672
3.56206   0.904838
3.99823   0.898515
3.09649   0.900119
1.75607   0.896781
4.88791   0.911207
4.41849   0.903773
2.67014   0.899904
3.09667   0.8942
3.09255   0.884924
3.54426   0.910324
1.75601   0.90094
1.75751   0.913039
2.67729   0.885849
1.32202   0.917213
1.32066   0.898086
2.21466   0.904397
3.09427   0.908923
3.1085   0.88758
2.66487   0.895779
3.54466   0.905206
2.22769   0.906466
3.09142   0.884136
1.77579   0.903798
2.23376   0.888728
3.54636   0.894651
4.00307   0.892418
4.02029   0.904468
3.0985   0.892292
1.3123   0.903498
2.65537   0.91872
2.20221   0.907173
2.22842   0.890553
