Tamanho    Peso
1093  34486
1106  34569
1099  34333
1096  34543
1096  34518
1088  34466
1097  34771
1091  34655
1093  34676
1097  34688
1109  34522
1096  34857
1086  34358
1099  34755
1091  34424
1090  34446
1108  34653
1100  34646
1091  34679
1099  34668
1102  34659
1094  34709
1103  34554
1096  34627
1097  34695
1099  34686
1093  34555
1096  34646
1101  34619
1080  34609
1104  34596
1101  34280
1091  34502
1100  34687
1090  34576
1090  34596
1100  34636
1100  34780
1102  34700
1101  34585
1091  34261
1104  34683
1094  34411
1093  34359
1102  34683
1106  34687
1097  34662
1097  34817
1104  34608
1095  34804

Time taken: 64
