***********CONSTRUÇÃO**************
ANTES | DEPOIS
0.478829   0.296589
0.478212   0.292339
0.477393   0.296382
0.479223   0.298559
0.478141   0.297155
0.478789   0.290548
0.477546   0.29303
0.478126   0.287393
0.479604   0.289662
0.478488   0.290614
0.477909   0.293815
0.47947   0.291904
0.477611   0.295406
0.476905   0.297042
0.479253   0.29853
0.478242   0.290188
0.481602   0.293409
0.477263   0.288946
0.478748   0.289711
0.477923   0.29173
0.478518   0.293907
0.478305   0.292082
0.478621   0.296333
0.479329   0.298327
0.476916   0.298544
0.480065   0.29044
0.47735   0.292998
0.479119   0.2884
0.476987   0.288699
0.479645   0.290758
0.479661   0.293148
0.47808   0.291899
0.480545   0.296241
0.476758   0.298621
0.477714   0.298531
0.479333   0.290474
0.478266   0.292949
0.4781   0.288619
0.478912   0.288315
0.479646   0.290098
0.478109   0.293619
0.479476   0.29272
0.477673   0.295152
0.478511   0.298545
0.477338   0.298122
0.477797   0.290382
0.479312   0.29251
0.479875   0.28931
0.478432   0.289261
0.477905   0.29048
***********BUSCA LOCAL**************
ANTES | DEPOIS
0.986776   0.243636
1.12121   0.369833
1.11802   0.251937
0.744533   0.247986
0.987737   0.253871
0.745144   0.252167
1.1054   0.252073
0.492072   0.247864
0.614826   0.249184
1.11489   0.253763
1.10835   0.250428
0.370045   0.254121
0.872558   0.254403
0.85875   0.24529
0.612464   0.500458
0.490982   0.24848
0.744589   0.251168
0.618654   0.245054
0.990086   0.247994
0.490255   0.249984
0.866902   0.250151
0.496181   0.252472
0.746979   0.248997
0.741902   0.248328
0.871642   0.247929
0.875611   0.248746
0.736301   0.252116
1.12209   0.246988
0.996832   0.253963
0.483534   0.252159
0.997906   0.247568
0.986992   0.249304
0.867406   0.250582
0.745137   0.371576
0.858316   0.370871
1.1125   0.251206
0.611924   0.252505
0.728892   0.24692
0.492572   0.251324
0.748537   0.250573
0.87895   0.252318
0.738457   0.249458
1.23195   0.245337
0.995659   0.246675
0.872416   0.248703
0.740328   0.370135
0.610535   0.250505
0.609926   0.249716
0.620919   0.251568
0.622038   0.252779
