Tamanho    Peso
99  3968
98  3816
94  3825
94  3576
110  4502
99  4237
101  3988
91  3597
92  3782
110  4378
105  4494
98  3902
112  4601
92  3313
108  4282
81  3408
111  4299
109  4387
121  4770
106  4057
96  3344
95  3759
81  3384
111  4619
98  3622
92  3643
96  3838
98  3914
100  3883
126  4975
97  3771
93  3720
99  3715
107  4393
115  4144
97  3996
108  4198
111  4430
96  3548
91  3610
92  3573
105  4106
77  3212
87  3124
89  3512
109  4451
106  4412
94  3825
88  3396
97  3580

Time taken: 182
