123 269 372 614 621 675 689 866 967 1008 1059 1135 1149 1205 1343 1395 1453 1461 1463 1684 1741 1831 2168 2282 2285 2329 2452 3509 3544 3554 3622 3825 3992 4023 4035 4438 4509 4671 4732 4977 5082 5097 5109 5162 5361 5624 5633 5776 5951 6004 6019 6211 6229 6274 6541 6583 6638 6949 7058 7189 7234 7283 7323 7458 7692 7778 7826 7926 8094 8195 8475 8521 8558 8654 8695 8726 8749 8957 9031 9131 9597 9639 9719 9854 9857 10171 10191 
123 269 372 402 403 476 614 621 689 866 967 1008 1059 1135 1157 1205 1247 1273 1438 1453 1461 1463 1544 1785 1831 2142 2168 2282 2452 2665 2774 3055 3249 3622 3825 3858 3992 4023 4368 4671 4732 4760 4802 4977 5082 5097 5109 5162 5419 5624 5633 5776 5951 6019 6211 6274 6541 6583 6949 6979 6985 7058 7132 7234 7283 7323 7377 7412 7458 7908 8023 8182 8195 8521 8558 8654 8695 8749 8957 8982 9131 9479 9597 9603 9617 9639 9719 9857 9936 10191 10250 10298 
123 211 273 330 372 446 614 621 866 967 990 1008 1059 1205 1247 1273 1453 1461 1463 1773 1785 1831 1862 2142 2168 2282 2368 2688 2774 3249 3509 3622 3825 3992 4368 4509 4671 4732 4760 5082 5097 5109 5162 5361 5624 5633 5951 6211 6454 6583 6586 6638 6647 6985 7058 7283 7323 7412 7458 7908 7926 8023 8439 8521 8558 8695 8726 8749 8928 8957 9329 9541 9617 9639 9719 9857 10191 
123 154 211 273 319 330 372 614 621 866 967 1008 1059 1135 1205 1247 1438 1453 1463 1831 2066 2168 2235 2282 2285 2329 2452 2627 2688 3162 3177 3249 3504 3509 3647 3825 3842 3992 4023 4035 4671 4732 5050 5082 5109 5162 5252 5361 5540 5624 5633 5776 5951 6211 6274 6446 6454 6583 6638 6985 7058 7132 7283 7323 7399 7458 7718 7908 7926 8023 8094 8247 8521 8558 8695 8726 8749 8957 8982 9031 9131 9541 9639 9719 9857 9964 10171 10191 
123 269 372 476 614 621 866 967 1008 1059 1135 1149 1205 1343 1438 1453 1463 1544 1773 1803 1831 2168 2282 2329 2452 2665 3055 3162 3249 3509 3622 3825 3842 3992 4023 4035 4671 4732 4969 4977 5082 5097 5109 5162 5624 5633 5951 6019 6211 6502 6541 6583 6586 6949 6985 7058 7132 7234 7283 7323 7412 7458 7778 7908 7926 8094 8521 8558 8695 8726 8749 8957 9031 9131 9479 9617 9639 9719 9857 9936 10250 
123 372 446 476 614 689 866 967 1008 1059 1149 1205 1247 1273 1395 1453 1461 1463 1544 1785 1831 1862 2168 2282 2452 2774 3249 3509 3544 3622 3825 3858 3992 4035 4368 4509 4671 4732 4977 5050 5082 5097 5109 5162 5419 5624 5633 5951 6019 6211 6541 6583 6586 6638 6985 7058 7132 7283 7323 7399 7458 7908 7926 8091 8182 8247 8521 8558 8695 8726 8749 8928 9329 9479 9617 9639 9719 9857 9936 10191 10250 
123 372 402 476 593 614 621 689 866 967 990 1059 1135 1149 1157 1205 1273 1395 1453 1461 1463 1544 1741 1773 1785 1831 1862 2142 2168 2282 2368 2452 3162 3249 3504 3509 3622 3825 3842 3992 4023 4035 4368 4509 4671 4732 4969 4977 5082 5109 5162 5624 5633 5748 5951 6097 6211 6541 6583 6638 6647 6949 6979 7058 7132 7283 7323 7377 7399 7458 7778 7843 7908 8247 8439 8521 8558 8695 8726 8749 8957 9051 9131 9541 9597 9603 9639 9719 9857 9914 9936 9964 10045 10171 10191 10298 
123 211 330 372 621 689 866 967 1059 1149 1157 1205 1229 1273 1453 1463 1544 1741 1831 2168 2282 2368 2382 2452 2665 2688 2774 3249 3490 3509 3544 3622 3825 3842 3992 4023 4035 4509 4671 5082 5097 5109 5111 5162 5361 5624 5633 5748 5790 5951 6211 6583 6638 6647 6949 6979 6985 7058 7132 7234 7283 7323 7458 7692 7778 7908 7926 8091 8094 8182 8247 8373 8558 8695 8749 8982 9031 9329 9541 9617 9639 9719 9857 9914 9936 9964 10045 10191 10250 
123 211 330 372 402 595 614 621 866 967 990 1008 1059 1149 1205 1247 1343 1395 1453 1463 1544 1741 1773 1831 2142 2168 2282 2329 2452 3055 3177 3249 3509 3647 3825 3858 3992 4023 4035 4193 4368 4509 4671 4732 4969 4977 5082 5097 5109 5162 5624 5633 5748 5776 5951 6211 6274 6502 6583 6638 6949 6985 7058 7132 7234 7283 7323 7377 7458 7926 8182 8195 8247 8373 8439 8475 8558 8578 8695 8726 8749 8957 9051 9479 9541 9617 9639 9719 9857 9914 9963 9964 10045 10171 10191 10298 
123 211 330 402 593 614 621 675 689 866 967 990 1008 1059 1135 1157 1205 1247 1343 1395 1453 1463 1544 1831 1862 2168 2282 2329 2452 2665 2688 2774 3249 3509 3622 3825 3992 4023 4035 4509 4671 4732 4969 5050 5082 5097 5109 5132 5162 5252 5419 5624 5633 5790 5951 6583 6586 6638 6949 6979 6985 7058 7132 7234 7283 7323 7377 7399 7412 7458 7692 7843 8023 8091 8373 8558 8578 8695 8749 8928 8957 8982 9031 9541 9603 9639 9719 9777 9857 9963 10171 10191 
