Tamanho    Peso
99  3929
94  3644
77  3249
96  4105
98  4031
97  4094
107  4160
99  3742
102  4006
100  3962
103  4076
103  4288
94  3545
97  4033
102  3738
104  4483
105  4055
99  3897
90  3344
96  4094
108  4384
109  4167
115  4534
102  3835
90  3524
98  3942
118  4376
97  3733
96  3724
110  4159
85  3277
98  3912
102  4016
99  3683
111  4355
102  3768
96  3321
118  4704
98  3743
113  4261
111  4342
100  3841
106  4255
118  4335
97  4161
100  3620
100  3940
102  4077
109  3996
107  3772

Time taken: 176
