Tamanho    Peso
1071  35219
1070  34967
1074  35212
1066  35004
1066  35024
1069  35129
1067  35073
1073  34956
1062  35147
1073  35240
1071  35078
1065  34966
1071  35027
1066  35283
1067  34835
1083  35163
1076  35134
1065  34842
1076  35088
1064  35166
1075  35248
1070  34992
1084  35130
1070  35130
1075  35087
1078  35146
1047  35233
1066  34845
1066  34977
1065  34958
1060  34665
1084  34987
1089  34946
1069  35069
1077  34873
1077  34922
1062  35206
1069  35412
1072  35230
1064  34956
1076  35017
1077  35188
1067  34944
1063  34956
1083  35307
1077  34943
1064  35022
1066  35041
1064  35135
1080  34946

Time taken: 52
