Tamanho    Peso
1071  34858
1073  34910
1070  34889
1075  35031
1071  35024
1064  35018
1060  34853
1071  34973
1072  34893
1067  34884
1071  35036
1078  34967
1065  34894
1062  34813
1065  34842
1072  34889
1073  34975
1072  34965
1071  34928
1057  34825
1067  34803
1074  34864
1067  34841
1070  34863
1069  34907
1071  34897
1063  34785
1060  35022
1063  34902
1060  34967
1065  34925
1061  34795
1071  34855
1063  34783
1071  34956
1074  35100
1067  34920
1072  34842
1075  34949
1074  34900
1066  34939
1068  34926
1063  34741
1065  34919
1061  34867
1070  34800
1071  34955
1071  34967
1065  34650
1068  34899

Time taken: 24
