***********CONSTRUÇÃO**************
ANTES | DEPOIS
1.66169   1.09319
1.66192   1.08804
1.66004   1.08698
1.65844   1.09636
1.65845   1.09969
1.65516   1.0878
1.65727   1.08648
1.65562   1.07939
1.65851   1.09008
1.65452   1.08678
1.66152   1.08969
1.6625   1.08848
1.65919   1.08607
1.65946   1.09696
1.65985   1.09887
1.66589   1.08734
1.65689   1.08999
1.66099   1.08215
1.65586   1.0854
1.66043   1.08583
1.66571   1.09073
1.6597   1.08644
1.66009   1.08443
1.65359   1.09918
1.65819   1.10007
1.65854   1.08914
1.65962   1.08648
1.65749   1.07955
1.66144   1.08696
1.65866   1.08648
1.66119   1.09082
1.65735   1.08717
1.65703   1.08611
1.65488   1.09728
1.66301   1.09868
1.65203   1.09124
1.66588   1.09027
1.66382   1.07829
1.65751   1.08642
1.65501   1.08758
1.65949   1.0932
1.65491   1.08933
1.65524   1.08776
1.66365   1.09763
1.65829   1.0999
1.66005   1.09011
1.66004   1.08749
1.65643   1.07914
1.65992   1.0853
1.65939   1.08763
***********BUSCA LOCAL**************
ANTES | DEPOIS
1.72347   0.865554
2.16255   0.863697
1.72538   1.72218
1.27794   0.859906
2.14659   1.74396
2.58922   1.30333
3.04583   0.861138
3.46012   1.73966
2.14067   0.859441
2.14573   0.870921
2.1413   0.859511
1.71042   0.856034
1.70217   0.869432
1.29148   1.29163
1.276   1.73938
2.15133   1.2897
2.59459   1.30594
3.88686   1.28542
2.12203   0.888587
3.41005   0.858478
2.57447   0.868215
1.27154   0.863551
2.13071   1.29784
1.72536   1.71571
3.90707   1.72302
1.70143   0.860352
1.27672   0.859227
4.30358   0.86587
2.12915   0.877528
3.01525   1.73958
1.28368   0.849643
3.44021   0.8647
2.59109   0.872672
2.59402   2.6122
4.28752   1.74286
3.02489   0.868882
1.295   1.73191
2.5629   0.881502
2.16703   0.876169
3.00935   0.87085
2.59636   0.864403
3.45145   0.851468
2.14547   1.30531
2.14223   0.875804
3.89553   1.28312
1.70783   0.868681
3.02595   0.868791
2.14679   0.863503
2.58959   0.870868
2.59933   0.866835
