***********CONSTRUÇÃO**************
ANTES | DEPOIS
0.242407   0.200937
0.239731   0.208571
0.24408   0.205909
0.240133   0.206487
0.240542   0.199607
0.243748   0.196421
0.240672   0.20605
0.24111   0.208243
0.243374   0.205944
0.242461   0.205561
0.242005   0.196895
0.241375   0.21019
0.243405   0.207208
0.243021   0.209508
0.241898   0.199095
0.243819   0.194443
0.247037   0.206535
0.242909   0.20863
0.242503   0.20693
0.243254   0.209738
0.243738   0.196963
0.242266   0.210747
0.24252   0.206449
0.241635   0.210759
0.242493   0.19805
0.243319   0.195142
0.24058   0.206336
0.241965   0.208001
0.241541   0.205104
0.242855   0.207359
0.241994   0.19548
0.242547   0.209119
0.243016   0.206945
0.240921   0.209466
0.241708   0.198228
0.241774   0.196658
0.241285   0.205089
0.242311   0.207246
0.24428   0.208657
0.243479   0.20714
0.243957   0.19817
0.241835   0.210453
0.241773   0.207817
0.243919   0.209929
0.243896   0.199687
0.241837   0.194914
0.243601   0.206395
0.24327   0.207307
0.243863   0.205354
0.239985   0.207437
***********BUSCA LOCAL**************
ANTES | DEPOIS
0.181174   0.271664
0.197658   0.191946
0.17764   0.202097
0.192476   0.253289
0.114518   0.279785
0.108179   0.383227
0.184317   0.268087
0.107607   0.411131
0.115124   0.201363
0.258175   0.266853
0.111879   0.333096
0.118958   0.205238
0.245776   0.268068
0.113281   0.337849
0.125393   0.347509
0.194924   0.207061
0.193378   0.344059
0.232249   0.532668
0.11724   0.20424
0.116167   0.195691
0.235716   0.203852
0.174899   0.193113
0.11613   0.134275
0.113082   0.548986
0.173458   0.325135
0.25383   0.392085
0.120136   0.272402
0.120559   0.68346
0.175637   0.267873
0.115278   0.340222
0.116052   0.197007
0.188804   0.204167
0.174894   0.264006
0.112541   0.19764
0.18437   0.409467
0.114784   0.198673
0.113277   0.208094
0.110593   0.336242
0.246978   0.269925
0.196983   0.404552
0.189592   0.266698
0.11457   0.196568
0.234642   0.201335
0.105774   0.190066
0.184204   0.13388
0.179625   0.269539
0.228992   0.26884
0.115277   0.334553
0.117841   0.189924
0.171275   0.203337
