89;8;68 177 192 211 310 320 324 458 532 630 650 737 746 754 788 803 825 857 873 877 887 889 1025 1065 1117 1172 1197 1224 1228 1290 1577 1610 1762 1788 1792 1793 1826 1851 1912 2071 2076 2221 2313 2551 2650 2699 2719 2721 2728 2730 2734 2759 2889 2930 2947 2956 2964 3026 3033 3034 3050 3141 3179 3296 3385 3403 3404 3446 3493 3521 3529 3549 3606 3643 3679 3692 3718 3722 3823 3838 3894 3921 3933 3964 3980 3982 3986 3993 4029
89;8;68 177 192 211 296 310 320 324 458 532 578 630 650 737 746 754 770 788 803 825 852 873 877 887 889 1025 1065 1117 1172 1197 1224 1228 1290 1328 1610 1762 1788 1792 1912 2010 2076 2110 2221 2313 2543 2551 2650 2699 2719 2721 2728 2730 2734 2889 2930 2935 2947 2956 2964 3033 3050 3141 3179 3296 3385 3403 3446 3493 3521 3529 3549 3606 3643 3679 3692 3718 3722 3819 3823 3838 3894 3921 3933 3936 3964 3980 3982 3993 4029
90;8;68 149 177 192 211 296 310 320 324 458 532 630 650 737 746 754 770 788 803 825 852 873 877 887 889 1025 1065 1117 1172 1197 1224 1228 1261 1290 1328 1610 1762 1788 1792 1912 2010 2076 2110 2221 2313 2543 2551 2650 2699 2719 2721 2728 2730 2734 2889 2930 2947 2956 2964 3033 3050 3141 3179 3296 3385 3403 3446 3493 3521 3529 3549 3606 3643 3679 3692 3718 3722 3819 3823 3838 3863 3894 3921 3933 3936 3964 3980 3982 3993 4029
90;8;68 177 192 211 296 310 320 324 458 532 630 650 737 746 754 767 770 788 803 825 852 873 877 887 889 1025 1065 1117 1172 1197 1224 1228 1290 1328 1610 1762 1788 1792 1912 2010 2076 2110 2221 2313 2543 2551 2650 2699 2719 2721 2728 2730 2734 2889 2902 2930 2944 2947 2956 2964 3033 3050 3141 3179 3296 3385 3403 3446 3493 3521 3529 3549 3606 3643 3679 3692 3718 3722 3819 3823 3838 3894 3921 3933 3936 3964 3980 3982 3993 4029
90;8;68 177 192 211 296 310 320 324 458 506 532 630 650 737 746 754 770 788 803 825 852 873 877 887 889 1025 1065 1117 1172 1197 1224 1228 1290 1328 1504 1610 1762 1788 1792 1912 2010 2076 2110 2221 2313 2543 2551 2650 2699 2719 2721 2728 2730 2734 2889 2930 2947 2956 2964 3033 3050 3141 3179 3296 3385 3403 3437 3446 3493 3521 3529 3549 3606 3643 3679 3692 3718 3722 3819 3823 3838 3894 3921 3933 3936 3964 3980 3982 3993 4029
91;8;68 177 192 211 310 320 324 458 532 630 650 714 737 746 754 788 803 825 873 877 887 889 1025 1065 1117 1172 1197 1224 1228 1230 1290 1336 1347 1577 1610 1758 1762 1788 1792 1793 1826 1912 2076 2221 2313 2551 2650 2699 2719 2721 2728 2730 2734 2759 2889 2930 2947 2956 2964 3026 3033 3050 3060 3141 3179 3296 3385 3403 3446 3493 3521 3529 3549 3606 3628 3643 3647 3679 3692 3718 3722 3823 3838 3894 3921 3933 3964 3980 3982 3993 4029
92;8;68 177 192 211 296 310 320 324 408 458 532 630 650 737 746 754 770 788 803 825 852 872 873 877 887 889 1025 1065 1117 1172 1197 1224 1228 1290 1328 1574 1610 1659 1762 1788 1792 1912 2010 2076 2110 2221 2313 2543 2551 2650 2699 2719 2721 2728 2730 2734 2889 2930 2947 2956 2964 3033 3050 3141 3179 3296 3385 3395 3403 3446 3493 3521 3529 3549 3606 3643 3679 3692 3718 3722 3819 3823 3838 3894 3921 3933 3936 3964 3980 3982 3993 4029
92;8;68 177 192 211 296 310 320 324 458 532 630 650 737 746 754 770 788 803 825 852 857 873 877 887 889 1025 1065 1117 1172 1197 1224 1228 1290 1328 1610 1762 1788 1792 1912 2010 2071 2076 2110 2221 2313 2543 2551 2650 2699 2719 2721 2728 2730 2734 2889 2930 2947 2956 2964 3033 3034 3050 3141 3179 3296 3385 3403 3404 3446 3493 3521 3529 3549 3606 3643 3679 3692 3718 3722 3819 3823 3838 3894 3921 3933 3936 3964 3980 3982 3986 3993 4029
93;8;68 177 192 211 296 310 320 324 458 532 630 650 714 737 746 754 770 788 803 825 852 873 877 887 889 1025 1065 1117 1172 1197 1224 1228 1290 1328 1535 1610 1762 1788 1792 1912 2010 2076 2110 2221 2313 2543 2551 2650 2699 2719 2721 2728 2730 2734 2889 2930 2947 2956 2964 2967 3033 3050 3060 3141 3179 3296 3385 3403 3446 3493 3521 3529 3549 3606 3628 3643 3647 3679 3692 3718 3722 3819 3823 3838 3894 3921 3933 3936 3964 3980 3982 3993 4029
94;8;68 177 192 211 296 310 320 324 458 532 630 650 737 746 754 770 788 803 825 839 852 873 877 887 889 1025 1065 1117 1172 1197 1224 1228 1290 1328 1577 1610 1762 1788 1792 1793 1826 1912 2010 2076 2110 2216 2221 2313 2543 2551 2650 2699 2719 2721 2728 2730 2734 2759 2889 2930 2947 2956 2964 3026 3033 3050 3141 3179 3296 3385 3403 3446 3493 3521 3529 3549 3606 3643 3679 3692 3718 3722 3819 3823 3838 3894 3921 3933 3936 3964 3980 3982 3993 4029
