Tamanho    Peso
1058  35403
1048  35262
1057  35411
1057  35546
1050  35236
1051  35422
1063  35443
1047  35352
1054  35458
1048  35264
1059  35489
1045  35310
1057  35414
1052  35461
1055  35496
1051  35483
1058  35503
1049  35381
1053  35337
1051  35420
1057  35465
1052  35245
1055  35464
1061  35504
1052  35483
1054  35445
1060  35584
1051  35439
1053  35372
1052  35505
1057  35614
1048  35376
1059  35451
1058  35458
1054  35453
1049  35529
1055  35332
1061  35522
1054  35423
1054  35426
1052  35400
1044  35265
1060  35487
1054  35560
1050  35411
1057  35460
1053  35411
1052  35497
1052  35316
1058  35490

Time taken: 27
