Tamanho    Peso
1059  35490
1062  35776
1058  35844
1067  35754
1071  36054
1058  35916
1072  35603
1062  35554
1071  35916
1067  35579
1068  35878
1049  35929
1066  35770
1064  36051
1069  35827
1064  35749
1068  35875
1066  35659
1062  35700
1065  35886
1073  35729
1072  35576
1064  35902
1068  35831
1074  35828
1062  35909
1067  35886
1067  35572
1068  35879
1072  35833
1065  35803
1072  35983
1065  35709
1074  35956
1068  35857
1063  35952
1067  35848
1078  35925
1061  35911
1069  35919
1067  35707
1065  35913
1068  36216
1061  35798
1064  35827
1065  35656
1060  35749
1067  35833
1072  35862
1059  35550

Time taken: 66
