Tamanho    Peso
1059  35925
1057  35776
1059  36065
1048  35831
1058  35987
1055  35930
1056  35846
1059  35938
1060  35974
1059  35805
1059  36021
1063  36121
1052  35885
1070  36069
1055  35992
1051  35946
1065  35935
1051  35718
1064  35933
1066  35987
1059  35877
1058  35925
1051  35869
1056  35968
1057  35900
1053  35852
1056  35935
1070  36048
1066  35960
1059  35901
1052  36031
1060  35735
1054  35904
1056  35921
1054  35883
1059  35985
1058  35946
1057  35993
1064  35953
1065  35948
1060  36046
1066  35997
1060  35978
1062  35926
1061  35890
1064  36048
1056  35963
1052  36132
1061  36081
1051  35866

Time taken: 27
