***********CONSTRUÇÃO**************
ANTES | DEPOIS
0.395309   0.211091
0.393041   0.210462
0.393948   0.21399
0.394874   0.207303
0.393204   0.211255
0.39527   0.20721
0.394292   0.212433
0.392549   0.209561
0.395545   0.21036
0.392078   0.204415
0.392445   0.209446
0.392564   0.210366
0.395834   0.214539
0.394695   0.208343
0.39524   0.212652
0.392385   0.207481
0.394309   0.212735
0.39459   0.209138
0.395204   0.210082
0.392604   0.204684
0.39339   0.208833
0.393174   0.209772
0.393806   0.2144
0.391673   0.20784
0.394924   0.212493
0.392987   0.207059
0.393807   0.212713
0.393161   0.209032
0.393943   0.211016
0.393109   0.204364
0.395474   0.209431
0.393191   0.210535
0.394663   0.214825
0.392058   0.207525
0.392515   0.212343
0.393872   0.206725
0.391999   0.212701
0.394477   0.20875
0.395546   0.209698
0.393314   0.204313
0.392656   0.210376
0.393562   0.209963
0.393814   0.215161
0.394468   0.20762
0.394085   0.211324
0.392929   0.207085
0.39489   0.211725
0.394521   0.208497
0.393914   0.211079
0.393942   0.204431
***********BUSCA LOCAL**************
ANTES | DEPOIS
0.765445   0.385463
0.382355   0.479252
0.573979   0.287476
0.386119   0.379882
0.47361   0.28931
0.57219   0.473092
0.95578   0.287376
0.767892   0.479672
0.669167   0.388418
0.766919   0.385663
1.04787   0.285497
1.05234   0.283461
0.856919   0.380273
0.568889   0.193778
0.760726   0.474812
0.768793   0.285291
0.671388   0.478209
0.860927   0.291967
0.766241   0.190846
0.479995   0.189367
0.572503   0.475748
0.675598   0.384165
0.483605   0.288334
0.377349   0.28552
0.76432   0.383978
0.475101   0.285941
0.773191   0.378909
0.674484   0.186615
0.67221   0.19006
0.479914   0.285415
0.666139   0.381768
0.577079   0.284064
0.473772   0.379468
1.15219   0.286754
0.762615   0.57288
0.961674   0.475666
0.671847   0.376105
0.378776   0.287144
0.658356   0.19153
0.944375   0.193644
0.66721   0.390468
0.664527   0.191765
0.855228   0.289447
0.666695   0.18906
0.378181   0.190974
1.05557   0.477132
0.844209   0.383545
0.675984   0.294136
0.388168   0.292135
0.67714   0.29151
