Tamanho    Peso
1703  54860
1717  55295
1702  55135
1694  54670
1716  55220
1722  55153
1685  54620
1711  55076
1712  54838
1711  54883
1711  55139
1708  55204
1702  55129
1706  54881
1704  55169
1702  55096
1713  55029
1696  54780
1685  54650
1708  54784
1707  55321
1703  55011
1714  54998
1704  54996
1699  55042
1723  55005
1715  54760
1706  55043
1713  55075
1704  55015
1705  55244
1706  55011
1699  55443
1704  54913
1688  55468
1709  54986
1703  54926
1705  55139
1696  55016
1695  54776
1708  54908
1700  55065
1726  55225
1704  55140
1707  55307
1703  55285
1708  55076
1706  54860
1714  55263
1703  54821

Time taken: 235
