***********CONSTRUÇÃO**************
ANTES | DEPOIS
0.218884   0.130526
0.218471   0.125418
0.214547   0.125214
0.218327   0.103171
0.219998   0.108711
0.214106   0.10822
0.219985   0.108521
0.21761   0.108372
0.218885   0.102443
0.218757   0.107653
0.219273   0.125852
0.217422   0.125747
0.220533   0.125052
0.220454   0.103324
0.216581   0.10848
0.218128   0.108196
0.212971   0.108566
0.218226   0.108339
0.218354   0.102704
0.222536   0.107493
0.220991   0.125843
0.220356   0.125924
0.218406   0.125188
0.220479   0.103163
0.218033   0.108782
0.218888   0.107968
0.214881   0.108561
0.219552   0.108533
0.221532   0.102683
0.219252   0.107435
0.220378   0.125684
0.217332   0.125459
0.221823   0.124845
0.217797   0.103101
0.214539   0.108627
0.22023   0.108033
0.218229   0.108541
0.218461   0.108447
0.216631   0.102397
0.217516   0.107613
0.216254   0.125938
0.219545   0.125543
0.216401   0.124399
0.220157   0.102871
0.216916   0.108779
0.219511   0.107811
0.221244   0.108738
0.215769   0.10844
0.219131   0.102602
0.220416   0.107437
***********BUSCA LOCAL**************
ANTES | DEPOIS
0.137327   0.131189
0.134507   0.130594
0.139244   0.125866
0.133898   0.128944
0.123415   0.129779
0.126663   0.119715
0.128015   0.128933
0.120638   0.129764
0.12667   0.134412
0.12059   0.131922
0.126348   0.135833
0.127662   0.12605
0.122884   0.123393
0.123854   0.121909
0.125006   0.126402
0.119256   0.132974
0.126251   0.127204
0.119173   0.128033
0.132495   0.130634
0.121677   0.128443
0.126877   0.136176
0.123907   0.134937
0.135664   0.128703
0.12263   0.137632
0.126495   0.132292
0.120117   0.138332
0.120374   0.13803
0.131301   0.12974
0.135452   0.128421
0.191363   0.133503
0.127052   0.137433
0.132119   0.13341
0.127263   0.137459
0.191052   0.129065
0.116612   0.115521
0.124427   0.130519
0.120207   0.130235
0.194122   0.124462
0.130003   0.134384
0.119698   0.118289
0.245927   0.133213
0.123429   0.136212
0.123331   0.130267
0.127892   0.132783
0.129121   0.126772
0.12339   0.132973
0.125388   0.132725
0.126783   0.127847
0.125865   0.128413
0.121203   0.137821
