Tamanho    Peso
1052  33947
1062  34023
1061  33745
1050  33783
1055  33893
1050  33991
1048  33958
1056  34028
1041  33862
1043  34086
1040  33826
1064  33999
1045  33747
1057  34224
1057  33669
1053  33928
1047  33978
1059  33914
1057  34293
1059  34305
1055  34062
1050  34091
1058  34036
1054  33920
1055  33728
1045  33963
1057  33632
1063  33925
1039  33897
1053  33943
1051  33898
1063  34084
1055  33925
1052  34038
1062  33822
1048  34143
1054  34085
1059  34031
1056  33863
1056  34017
1063  34103
1052  33960
1060  33836
1054  33783
1058  33950
1048  34181
1039  34241
1060  33803
1042  34311
1058  33915

Time taken: 61
