Tamanho    Peso
1045  33461
1053  33602
1052  33659
1049  33624
1052  33646
1056  33655
1049  33692
1059  33695
1055  33644
1051  33597
1044  33429
1057  33559
1052  33754
1049  33715
1054  33659
1056  33677
1058  33696
1052  33637
1048  33619
1039  33349
1046  33609
1049  33393
1054  33677
1048  33742
1051  33606
1056  33655
1057  33603
1054  33534
1049  33666
1050  33522
1043  33360
1055  33673
1050  33643
1043  33444
1056  33603
1048  33571
1056  33683
1053  33602
1047  33589
1049  33513
1040  33434
1048  33511
1053  33696
1046  33656
1052  33666
1050  33563
1057  33687
1044  33683
1053  33678
1050  33567

Time taken: 28
