***********CONSTRUÇÃO**************
ANTES | DEPOIS
1.61386   1.34501
1.60871   1.3139
1.6189   1.33992
1.60783   1.3444
1.61737   1.34584
1.61022   1.32012
1.60655   1.34334
1.60974   1.3413
1.61189   1.33847
1.61132   1.34262
1.62169   1.34257
1.61184   1.31405
1.61497   1.34105
1.61946   1.34467
1.61635   1.34316
1.61068   1.32199
1.61426   1.34577
1.60783   1.34563
1.61133   1.33899
1.61275   1.34235
1.60424   1.34196
1.61242   1.31635
1.60761   1.34176
1.60727   1.3439
1.61802   1.34632
1.60763   1.32049
1.61332   1.34308
1.61566   1.34388
1.6049   1.33976
1.61186   1.33956
1.60959   1.33957
1.60632   1.31228
1.61031   1.33914
1.60928   1.3428
1.60674   1.34612
1.61298   1.32018
1.60966   1.34674
1.61746   1.34424
1.60515   1.34158
1.61537   1.34153
1.61117   1.34222
1.61168   1.31415
1.61553   1.34197
1.61692   1.34374
1.61505   1.34723
1.60986   1.32213
1.61032   1.3442
1.62244   1.3426
1.60622   1.34025
1.62146   1.34379
***********BUSCA LOCAL**************
ANTES | DEPOIS
1.4868   1.4686
2.84495   0.984751
2.32294   2.34801
2.48459   1.50362
3.8512   1.48528
1.93725   0.96914
1.38784   1.98022
1.49341   1.49191
2.00009   2.46101
2.42793   2.38026
1.96123   2.8468
1.44223   1.02793
1.86489   1.38993
1.43028   1.44764
1.46351   1.42524
1.44475   0.986287
1.48881   2.56385
2.29992   1.41012
1.95383   2.87212
2.87399   1.91129
1.46982   2.40713
1.4518   1.87267
1.92527   2.9728
2.94841   1.40778
1.45652   1.44
2.50243   0.976017
2.39342   1.95058
1.46121   2.89675
2.35234   1.46488
1.95474   2.49329
2.29832   2.37983
1.45798   1.00639
3.36806   1.85945
1.9482   1.39441
1.4676   1.36746
1.47025   1.02928
1.47903   1.49395
2.55692   2.43229
1.8815   1.48615
1.89079   1.88955
1.92768   1.45204
1.48763   1.00901
1.46854   1.89491
1.46022   1.54557
2.49649   1.45183
2.34271   1.03796
1.84223   1.46893
1.4663   1.43034
1.91324   1.42596
2.04103   1.46567
