***********CONSTRUÇÃO**************
ANTES | DEPOIS
0.391549   0.229963
0.392939   0.222067
0.390226   0.220845
0.391759   0.222238
0.391167   0.220792
0.390953   0.219333
0.390334   0.220086
0.392373   0.220663
0.390855   0.218997
0.391688   0.218646
0.390964   0.224876
0.391593   0.222404
0.393059   0.220719
0.392407   0.221781
0.391472   0.221397
0.391608   0.220242
0.390358   0.220615
0.391134   0.221092
0.391807   0.217949
0.390838   0.219832
0.39117   0.224757
0.392374   0.222834
0.39109   0.221891
0.390799   0.222149
0.389305   0.220548
0.391422   0.219304
0.390042   0.220113
0.393331   0.220624
0.391949   0.217474
0.392337   0.219058
0.390341   0.224168
0.39011   0.223604
0.390972   0.220786
0.391115   0.22217
0.392682   0.221163
0.390946   0.219479
0.390705   0.221959
0.3908   0.220763
0.391432   0.21792
0.391343   0.218721
0.391657   0.22461
0.391066   0.223202
0.391606   0.221427
0.391573   0.22163
0.390712   0.2221
0.392054   0.220841
0.391725   0.22089
0.391216   0.220122
0.391016   0.217979
0.391204   0.218493
***********BUSCA LOCAL**************
ANTES | DEPOIS
0.761737   0.282363
0.477642   0.189618
0.38151   0.385838
0.665421   0.285748
0.855456   0.381223
0.759317   0.283529
0.847633   0.385398
0.657787   0.288778
0.379117   0.286433
0.953505   0.19365
1.05238   0.382374
0.760239   0.191796
1.13251   0.47861
0.573536   0.189183
0.763353   0.289937
0.38662   0.373103
0.771383   0.186399
0.959683   0.289405
0.468457   0.287587
0.566175   0.186872
0.566925   0.278203
0.473762   0.190917
0.380323   0.478626
0.571399   0.381786
0.56552   0.286609
0.666715   0.2889
0.561384   0.57371
0.478254   0.28916
1.04269   0.282045
0.569683   0.287412
0.952491   0.289208
0.855677   0.292371
1.04297   0.285397
0.66867   0.284803
0.573922   0.383782
0.568928   0.188849
0.564027   0.283647
0.854244   0.383384
0.662452   0.3826
0.763002   0.381006
0.664709   0.287711
0.661722   0.192772
0.570451   0.282598
0.479192   0.290966
0.576524   0.384814
0.476596   0.19088
0.849864   0.281607
0.475481   0.286242
0.571171   0.475897
0.948676   0.288026
