Tamanho    Peso
294  7824
293  7941
295  7870
289  7716
293  7778
290  7759
293  7690
295  7820
291  7736
290  7885
296  7799
291  7719
292  7635
291  7768
294  7749
295  7747
292  7809
295  7624
294  7756
293  7682
292  7794
292  7779
294  7939
298  7793
293  7857
291  7759
295  7753
296  7785
286  7559
292  7818
293  7751
298  7903
295  7731
291  7728
263  7682
296  8001
258  7647
297  7875
295  7962
292  7686
291  7752
294  7963
291  7653
293  7789
290  7684
297  7894
297  7890
262  7700
291  7901
292  7748

Time taken: 17
