Tamanho    Peso
1074  35887
1069  35916
1080  35979
1083  36044
1090  36045
1077  35995
1070  35965
1086  36068
1075  35855
1081  35955
1070  35813
1071  35754
1081  35803
1073  35896
1074  35869
1074  35769
1080  35982
1075  36002
1079  35995
1082  35847
1089  35946
1071  35808
1076  35754
1078  35917
1082  36021
1087  36190
1078  35915
1068  35779
1081  36020
1077  35787
1092  35965
1067  35890
1083  35695
1085  35801
1083  35813
1082  36002
1075  35886
1081  35957
1079  36076
1069  35749
1073  35808
1066  35894
1085  36077
1089  36109
1081  36041
1079  35893
1082  36107
1086  36210
1080  35866
1074  35778

Time taken: 34
