Tamanho    Peso
1083  36313
1068  36298
1079  36121
1077  36051
1084  36034
1083  36240
1081  36411
1064  36343
1081  35954
1085  35897
1082  35926
1091  36342
1076  36379
1078  36138
1070  36219
1067  36457
1089  36079
1077  36391
1085  36505
1055  36343
1114  36584
1081  36239
1083  36466
1081  36403
1086  36136
1090  36075
1064  36790
1075  36138
1078  36277
1089  36031
1085  36083
1082  36044
1079  36020
1074  36213
1075  36430
1071  36104
1071  35811
1096  36278
1095  36216
1083  36330
1068  36824
1079  36341
1090  36100
1079  36171
1072  36310
1082  36195
1080  36231
1073  36112
1078  36419
1075  35901

Time taken: 60
