***********CONSTRUÇÃO**************
ANTES | DEPOIS
0.403524   0.225502
0.406101   0.222879
0.405062   0.222622
0.403202   0.224967
0.402678   0.224299
0.403135   0.22165
0.406439   0.223758
0.403907   0.222011
0.404596   0.221041
0.404906   0.220992
0.404036   0.223972
0.405251   0.221427
0.402883   0.222968
0.403803   0.22401
0.401976   0.22456
0.404813   0.223006
0.404253   0.224313
0.407114   0.22199
0.403073   0.221063
0.402345   0.220465
0.403942   0.224312
0.404534   0.221032
0.404985   0.223405
0.403639   0.224734
0.405182   0.224724
0.405379   0.221184
0.40554   0.222022
0.403008   0.220901
0.404938   0.222646
0.403415   0.219027
0.404983   0.22419
0.406903   0.223776
0.404815   0.223431
0.406316   0.22427
0.405125   0.224538
0.405442   0.220849
0.404637   0.224585
0.403085   0.220888
0.404291   0.223433
0.405399   0.220311
0.403323   0.224297
0.40545   0.22335
0.402715   0.224478
0.404681   0.223881
0.405958   0.223613
0.404921   0.220989
0.403638   0.223671
0.40543   0.221611
0.402969   0.222864
0.406327   0.222459
***********BUSCA LOCAL**************
ANTES | DEPOIS
0.593356   0.1953
0.692475   0.490642
0.883647   0.295921
0.493229   0.194541
0.491195   0.296267
0.496468   0.194552
0.895061   0.194095
1.09389   0.394807
0.394921   0.201412
0.49807   0.198015
0.702503   0.199027
1.00096   0.202793
1.09994   0.395239
0.885993   0.195685
1.38793   0.401213
0.690593   0.394874
0.789497   0.495635
0.494188   0.195701
0.491133   0.196727
0.989096   0.19985
0.802802   0.1972
0.690176   0.19815
0.696567   0.296252
0.402262   0.197867
0.589796   0.300965
0.803318   0.198897
0.600146   0.195396
0.501015   0.196197
1.20091   0.29149
0.692768   0.199509
0.589096   0.200801
0.790235   0.389351
0.695067   0.295494
0.495582   0.192589
0.694404   0.396186
0.989822   0.401199
0.700212   0.39281
0.49591   0.200541
0.797066   0.198241
0.590037   0.205446
0.295236   0.396078
1.08306   0.799863
0.898859   0.194395
0.901507   0.196284
0.594351   0.289763
0.889019   0.401724
0.792066   0.200783
0.593299   0.193876
0.69347   0.201451
0.688142   0.503994
