Tamanho    Peso
1092  35627
1091  35615
1084  35418
1077  35597
1083  35411
1079  35444
1096  35393
1099  35432
1060  35768
1088  35521
1100  35589
1087  35395
1076  35192
1082  35372
1099  35280
1088  35361
1072  35277
1072  35528
1072  35678
1086  35241
1077  35465
1086  35416
1077  35344
1079  35688
1081  35519
1090  35519
1086  35315
1084  35656
1096  35389
1079  35526
1085  35317
1089  35458
1082  35323
1075  35471
1078  35340
1092  35251
1084  35353
1091  35785
1092  35516
1088  35406
1056  35799
1087  35199
1094  35417
1092  35360
1077  35540
1067  35307
1088  35403
1075  35478
1092  35429
1077  35473

Time taken: 56
