***********CONSTRUÇÃO**************
ANTES | DEPOIS
1.65633   1.05242
1.65254   1.04426
1.65747   1.04417
1.65817   1.0378
1.65753   1.04812
1.65184   1.034
1.65579   1.03699
1.65865   1.03797
1.65596   1.04174
1.65426   1.03382
1.65496   1.05005
1.65197   1.04371
1.65356   1.04301
1.6538   1.03615
1.65213   1.05099
1.65541   1.034
1.65066   1.04253
1.65421   1.04022
1.65356   1.0472
1.65509   1.03391
1.65475   1.0494
1.65635   1.04274
1.65818   1.04385
1.65422   1.03707
1.65718   1.05007
1.65337   1.03088
1.65528   1.04147
1.65229   1.03916
1.65489   1.04637
1.65133   1.03363
1.65312   1.04441
1.65567   1.04223
1.65412   1.03997
1.6534   1.03642
1.65507   1.046
1.65699   1.03023
1.64857   1.03633
1.65591   1.03956
1.65244   1.04636
1.65189   1.03599
1.64975   1.04956
1.65739   1.04002
1.65534   1.04306
1.65788   1.03779
1.6563   1.05118
1.65167   1.03334
1.65571   1.04233
1.6544   1.04018
1.6525   1.04955
1.65622   1.03392
***********BUSCA LOCAL**************
ANTES | DEPOIS
2.60154   0.876171
3.00583   0.881946
2.5825   0.873953
2.57809   0.87759
1.71664   0.874892
2.12861   0.889321
1.68777   0.881058
2.56163   0.888692
2.17593   0.889385
4.77701   0.874603
2.58487   0.891036
1.71173   0.874297
2.59299   0.86425
2.60249   0.873076
5.17076   0.86983
2.14866   0.872397
2.14928   0.877344
3.45373   0.875274
3.43806   0.86032
5.59204   0.869966
3.01878   0.863939
2.16295   0.874216
1.74049   0.875321
2.56156   0.866612
4.31184   0.87732
2.57322   0.876754
3.85738   0.871046
1.71788   0.885057
3.45272   0.870384
1.71024   0.889007
4.30065   0.890486
3.02697   0.872652
3.44824   0.875665
2.58706   0.877317
2.57442   0.86947
3.01763   0.883487
2.56893   0.882865
3.45245   0.882717
3.44673   0.870183
3.42816   0.881447
2.12412   0.880365
3.03098   0.883478
3.90516   0.892676
3.86211   0.875452
2.98497   0.880082
3.899   0.881734
1.27939   0.883147
2.15094   0.875948
2.56759   0.877018
3.88322   0.883919
