Tamanho    Peso
265  9831
254  9571
269  10008
251  9436
264  10027
274  10120
254  9141
271  10051
275  10280
268  10089
271  10147
259  9700
269  10219
246  9525
259  9783
265  10142
275  10069
268  9985
266  10103
264  9843
250  9327
263  9606
268  9961
249  9689
267  9922
265  9978
270  10003
271  10301
260  10264
270  9888
263  9799
261  9997
263  10027
268  10040
266  9946
259  9593
273  10286
271  10098
275  10205
268  9993
266  10010
270  10144
264  10045
284  10094
267  9944
283  10289
270  10176
254  9347
258  9673
260  9592

Time taken: 19
