Tamanho    Peso
1046  33256
1043  33165
1053  33147
1034  33085
1051  33683
1041  33429
1038  33114
1034  33396
1041  33153
1049  33395
1039  33379
1054  33328
1062  33171
1041  33208
1046  33396
1061  33643
1033  33001
1047  33323
1047  33351
1043  33553
1047  33633
1037  33181
1033  33256
1032  33357
1030  32883
1038  33164
1031  33350
1047  33339
1040  33137
1047  33107
1040  33284
1033  33134
1034  33050
1031  33331
1033  33036
1030  33030
1041  33192
1051  33333
1033  33096
1033  33464
1045  33129
1044  33349
1026  32708
1047  33185
1037  33134
1045  32809
1043  33088
1045  33172
1049  33253
1042  33670

Time taken: 61
