Tamanho    Peso
132  5210
110  4170
100  3921
112  4598
103  4044
117  4606
95  3778
117  4607
103  4192
110  4143
111  4234
99  4075
101  3961
115  4475
112  4420
111  4261
99  3729
105  4094
108  4305
111  4136
99  4041
114  4491
110  4093
114  4572
99  3775
113  4571
115  4379
95  3912
108  4283
116  4488
118  4239
121  4680
118  4587
117  4679
99  3784
96  3771
99  4011
113  4091
110  4464
115  4811
106  4294
101  3879
100  3911
99  3755
110  4428
92  3621
115  4782
109  4215
116  4544
115  4513

Time taken: 192
