***********CONSTRUÇÃO**************
ANTES | DEPOIS
1.65281   1.07803
1.65472   1.07947
1.65327   1.0839
1.65304   1.08442
1.65091   1.08552
1.65902   1.07801
1.65898   1.07486
1.65234   1.07297
1.6587   1.07853
1.64912   1.0717
1.65867   1.07338
1.65138   1.07833
1.65666   1.08695
1.65136   1.08458
1.65714   1.0856
1.65191   1.07979
1.65352   1.07638
1.65417   1.07774
1.65505   1.07718
1.65988   1.07495
1.65674   1.07298
1.64724   1.07611
1.65318   1.08301
1.65471   1.08136
1.65666   1.07747
1.65034   1.07783
1.65733   1.07386
1.64939   1.07549
1.64872   1.07677
1.65812   1.07523
1.65641   1.07287
1.64931   1.08084
1.64702   1.08318
1.65688   1.08499
1.65422   1.08047
1.65633   1.07889
1.65307   1.07589
1.65227   1.0777
1.65084   1.07813
1.65103   1.07322
1.64918   1.07323
1.65534   1.08029
1.65301   1.08741
1.65179   1.08124
1.65288   1.0853
1.65817   1.07872
1.65563   1.07487
1.65002   1.07401
1.65474   1.07581
1.65224   1.07404
***********BUSCA LOCAL**************
ANTES | DEPOIS
1.75176   1.76978
3.49144   0.885976
2.60759   0.876611
2.17379   0.901673
1.30785   1.31365
1.74498   0.87612
1.72701   0.885493
3.92536   0.886839
5.724   1.76984
3.50265   0.894322
3.91036   0.879668
2.16707   0.891025
1.75854   0.875373
2.66398   0.872699
4.36487   0.873392
2.182   0.884833
2.18426   0.871766
3.49416   0.888803
3.93107   0.878435
3.48805   0.883787
3.93935   0.890293
3.05259   0.897805
1.27605   0.900199
2.17607   0.872713
3.50125   0.876611
2.61115   0.890232
3.07185   0.878043
1.30031   0.882685
3.52275   0.883971
1.72304   0.880744
2.17457   0.881492
2.57631   0.89413
3.08932   0.876853
3.04336   0.876298
2.19693   0.888663
3.96431   0.884671
2.61024   0.882121
3.49257   0.884993
1.73846   0.887878
2.18254   0.88807
2.60439   0.899518
2.18058   0.881077
2.61151   0.876113
2.62352   0.884655
3.52762   0.879073
2.18217   0.892858
2.60122   0.882469
3.94946   0.892419
2.64262   0.879943
2.18382   0.869843
