Tamanho    Peso
1711  56578
1711  56263
1718  56410
1715  56236
1716  56453
1712  56378
1719  56337
1699  56214
1711  56548
1705  56310
1713  56500
1709  56467
1718  56213
1713  56304
1733  56587
1719  56547
1712  56612
1714  56311
1714  56286
1719  56378
1713  56485
1710  56359
1710  56177
1709  56399
1707  56280
1713  56604
1706  56515
1702  56257
1716  56412
1718  56364
1710  56547
1715  56421
1715  56419
1712  56247
1715  56389
1719  56426
1712  56394
1712  56517
1716  56417
1714  56374
1710  56422
1720  56654
1716  56431
1704  56545
1722  56619
1718  56143
1702  56280
1705  56230
1713  56573
1714  56350

Time taken: 101
