Tamanho    Peso
1712  57482
1744  57146
1712  57000
1739  57343
1719  57865
1725  57452
1739  57279
1721  57117
1724  56974
1727  57118
1719  56963
1728  57041
1734  57178
1739  57127
1725  56770
1724  57386
1729  57378
1730  57188
1722  56833
1713  56723
1736  57212
1723  57005
1730  57898
1737  57212
1711  56938
1726  57179
1717  56618
1708  58025
1725  56855
1720  57201
1723  57190
1723  57086
1724  57263
1719  56984
1721  57374
1727  56923
1722  57004
1720  57142
1734  57271
1721  57636
1722  56593
1706  56945
1725  57149
1734  57226
1735  57185
1731  57357
1743  57073
1732  56773
1731  57068
1717  56932

Time taken: 222
