Tamanho    Peso
1043  33877
1042  33407
1028  33192
1034  33246
1037  33261
1033  33281
1042  33481
1031  33399
1028  33499
1026  33175
1032  33477
1043  33588
1033  33218
1036  33166
1023  33272
1036  33234
1036  33102
1030  33129
1031  33251
1039  33069
1043  33565
1036  33317
1031  33315
1039  33348
1037  33348
1035  33267
1019  33456
1032  33450
1028  33342
1038  33384
1028  33442
1028  33579
1034  33461
1035  33152
1039  33403
1030  33448
1035  33441
1030  33179
1031  33504
1033  33391
1036  33566
1037  32969
1026  33156
1027  33127
1029  33892
1028  33573
1034  33655
1033  33443
1031  33206
1045  33427

Time taken: 56
