26;7;135 960 1442 1874 1931 2520 3029 3261 3414 3872 3879 3907 4435 6014 6371 6852 7425 7458 8094 9082 9597 9683 9765 9884 9969 10214
26;7;135 738 960 1442 1931 2520 3261 3414 3872 3879 4435 4996 6014 6371 6852 7425 7458 8094 8878 9082 9597 9683 9765 9884 9969 10214
26;7;960 1442 1874 1931 2520 2799 3261 3414 3872 3879 4435 4996 6014 6371 6852 7425 7458 8094 8878 9082 9597 9683 9765 9884 9969 10214
26;7;960 1442 1931 2520 2799 3029 3261 3414 3872 3879 4435 4996 6014 6371 6852 7425 7458 8094 8878 9082 9597 9683 9765 9884 9969 10214
26;7;135 960 1442 1931 2520 2799 3261 3414 3872 3879 4435 4996 6014 6371 6852 7425 7458 8094 8878 9082 9597 9683 9765 9884 9969 10214
26;7;135 960 1442 1931 2520 3029 3261 3414 3872 3879 4435 4996 6014 6371 6852 7425 7458 8094 8878 9082 9597 9683 9765 9884 9969 10214
26;7;960 1442 1874 1931 2520 3029 3261 3414 3872 3879 4435 4996 6014 6371 6852 7425 7458 8094 8878 9082 9597 9683 9765 9884 9969 10214
27;7;135 960 1442 1874 1931 2520 2799 3261 3414 3872 3879 3907 3947 4435 6014 6371 6852 7425 7458 8094 9082 9597 9683 9765 9884 9969 10214
27;7;960 1442 1931 2368 2520 2799 3261 3414 3872 3879 4435 4996 6014 6371 6852 7425 7458 8094 8878 9082 9597 9618 9683 9765 9884 9969 10214
27;7;135 960 1442 1874 1931 2520 3261 3414 3872 3879 3907 4435 4996 6014 6371 6852 7425 7458 8094 8878 9082 9597 9683 9765 9884 9969 10214
