Tamanho    Peso
1076  35659
1079  35377
1085  35394
1083  35308
1083  35443
1093  35485
1071  35770
1092  35339
1070  35563
1078  35506
1069  35393
1083  35332
1084  35320
1095  35401
1091  35241
1081  35292
1084  35266
1085  35489
1093  35435
1082  35669
1080  35154
1075  35415
1087  35446
1092  35257
1079  35414
1069  35699
1087  35384
1093  35746
1077  35430
1075  35308
1079  35600
1075  35400
1085  35161
1075  35587
1083  35201
1081  35339
1079  35419
1074  35628
1074  35231
1074  35502
1081  35428
1083  35360
1086  35462
1093  35581
1076  35273
1096  35350
1082  35502
1084  35589
1069  35490
1084  35463

Time taken: 56
