Tamanho    Peso
1723  55890
1725  56088
1734  56149
1722  56085
1738  56288
1743  55951
1731  56249
1716  55739
1738  56009
1723  55815
1735  56266
1725  55672
1740  56209
1733  56210
1730  56240
1719  55856
1733  56241
1713  55740
1728  55814
1720  55807
1728  56173
1729  55915
1739  56126
1723  56002
1737  56243
1728  55917
1725  56069
1714  55743
1729  56195
1725  55823
1726  56074
1732  56125
1736  56069
1720  56033
1738  56184
1730  55981
1730  56123
1713  55767
1734  56060
1711  55849
1728  55905
1722  55938
1739  56099
1715  55897
1729  56387
1732  55849
1737  56219
1717  55860
1737  56145
1729  55920

Time taken: 98
