Tamanho    Peso
1765  56661
1727  56798
1744  56515
1753  56833
1743  56335
1758  56937
1745  56811
1756  57191
1726  56743
1721  56712
1741  56757
1719  56724
1722  57328
1737  57119
1733  56758
1737  56521
1728  56582
1755  56995
1736  56795
1747  56651
1724  56709
1728  57578
1734  57084
1750  56941
1740  56217
1741  56831
1745  56785
1745  56762
1744  56852
1744  56495
1731  56598
1721  56881
1744  56915
1725  56653
1762  57005
1742  56860
1750  56851
1726  56803
1739  56903
1751  56626
1723  57064
1744  56871
1744  56851
1737  56711
1745  56498
1714  56712
1734  56709
1747  56773
1733  56573
1742  56926

Time taken: 209
