***********CONSTRUÇÃO**************
ANTES | DEPOIS
0.218749   0.17937
0.215643   0.177518
0.218321   0.172126
0.217592   0.171699
0.21426   0.176514
0.217435   0.170285
0.216223   0.179002
0.219454   0.174384
0.218954   0.173284
0.216962   0.179544
0.218388   0.174666
0.218306   0.17967
0.217899   0.172249
0.21967   0.171282
0.216458   0.177529
0.217366   0.170321
0.217756   0.180832
0.214379   0.174178
0.217531   0.175985
0.215182   0.178928
0.217445   0.174656
0.217907   0.17991
0.216692   0.171779
0.21743   0.172685
0.21858   0.176771
0.217049   0.171336
0.216476   0.179632
0.218921   0.173156
0.2166   0.175604
0.218316   0.179446
0.218101   0.175315
0.216135   0.178762
0.216529   0.17151
0.216908   0.172339
0.218032   0.177124
0.216887   0.171204
0.216326   0.177928
0.217642   0.175074
0.21773   0.174867
0.216234   0.179018
0.218212   0.173512
0.215883   0.179277
0.216429   0.172036
0.219408   0.17191
0.217506   0.176224
0.217228   0.171404
0.215882   0.180075
0.219808   0.17345
0.217283   0.175036
0.217314   0.180197
***********BUSCA LOCAL**************
ANTES | DEPOIS
0.168022   0.194803
0.183377   0.376385
0.234524   0.251355
0.123772   0.185588
0.16838   0.190714
0.193204   0.187753
0.244957   0.183642
0.110125   0.194836
0.185806   0.393187
0.10423   0.186605
0.172491   0.193911
0.178495   0.190899
0.218041   0.1882
0.183701   0.192156
0.122681   0.192242
0.230496   0.189255
0.121807   0.194025
0.241012   0.315563
0.126273   0.183104
0.175247   0.506052
0.244041   0.196523
0.229551   0.240152
0.237144   0.166966
0.122575   0.306757
0.119778   0.329487
0.116903   0.190349
0.171104   0.189282
0.121988   0.186801
0.118142   0.309312
0.125752   0.197367
0.174361   0.17449
0.24545   0.247204
0.116294   0.197281
0.189462   0.306931
0.243709   0.183275
0.241001   0.246481
0.229684   0.187741
0.11518   0.262906
0.178967   0.195864
0.247775   0.196954
0.170832   0.194521
0.188016   0.185491
0.114885   0.186896
0.115792   0.242425
0.107993   0.389638
0.221739   0.196202
0.107744   0.185089
0.230291   0.320807
0.11745   0.191345
0.177835   0.176918
