Tamanho    Peso
258  9171
242  8618
252  8952
278  8819
243  8850
252  9004
249  8905
285  9056
246  8761
275  8854
236  8512
250  8742
248  9006
250  8850
276  9034
257  9079
281  9000
249  8903
283  9233
237  8639
252  8789
248  9022
247  8954
285  9465
275  9217
283  9073
242  8829
283  9094
277  8984
279  8927
261  8748
244  8578
278  8852
256  8738
246  9088
259  8866
245  8888
279  9006
250  9000
255  9053
246  8505
245  8898
283  9090
282  9177
283  9029
239  8630
278  9259
238  8260
282  9222
244  8944

Time taken: 20
