Tamanho    Peso
1036  32784
1028  32828
1034  32994
1034  32959
1037  32849
1029  33009
1028  32816
1027  32895
1041  33047
1035  32950
1038  32939
1039  33048
1043  33231
1035  33071
1027  32885
1030  32972
1031  32859
1040  33004
1035  33102
1030  32715
1030  32695
1050  33132
1033  32884
1046  33223
1040  33179
1027  32797
1039  32958
1040  33090
1043  33167
1033  32864
1039  33009
1046  33073
1035  32954
1043  33136
1036  33080
1034  32900
1029  32863
1028  33028
1042  33121
1036  33009
1042  33094
1018  32852
1031  32757
1033  32948
1047  33166
1035  32929
1033  33072
1039  33081
1032  32743
1037  32914

Time taken: 32
