Tamanho    Peso
1033  33453
1048  33367
1037  33454
1044  33620
1034  33246
1035  33549
1034  33486
1039  33349
1032  32958
1043  33356
1027  33639
1049  33716
1034  32924
1034  33226
1035  33180
1040  33174
1037  33371
1040  33340
1036  33156
1034  33041
1044  32906
1043  33294
1033  33009
1042  33430
1044  33172
1033  33270
1023  32943
1030  33201
1038  33411
1043  33372
1045  33145
1042  33238
1028  33457
1033  33124
1040  33535
1035  33637
1049  33384
1031  33355
1034  33208
1039  33158
1035  33223
1041  32953
1035  33229
1048  33466
1041  33236
1042  33396
1031  33205
1033  32956
1045  33204
1052  33196

Time taken: 55
