***********CONSTRUÇÃO**************
ANTES | DEPOIS
1.78261   1.66907
1.78006   1.65844
1.77731   1.66276
1.78899   1.63073
1.77862   1.61971
1.7892   1.65596
1.77858   1.65863
1.776   1.66298
1.78525   1.62662
1.78675   1.66151
1.77412   1.65855
1.77809   1.65438
1.78361   1.65626
1.78725   1.63346
1.779   1.62638
1.77395   1.66324
1.77489   1.66378
1.7826   1.65589
1.77326   1.62519
1.77499   1.66693
1.7819   1.65307
1.78001   1.66126
1.78443   1.6644
1.78266   1.63319
1.7737   1.62379
1.7847   1.6642
1.77242   1.66384
1.77892   1.65098
1.77425   1.63491
1.77637   1.65794
1.77632   1.6552
1.78229   1.65692
1.78081   1.65687
1.77991   1.62758
1.77628   1.61449
1.78061   1.65867
1.77862   1.66084
1.77888   1.65742
1.7848   1.63009
1.77934   1.6705
1.78053   1.6498
1.78151   1.65966
1.77528   1.66554
1.77886   1.62882
1.77614   1.61945
1.77518   1.65491
1.77766   1.65442
1.78441   1.65318
1.77779   1.62789
1.77783   1.66301
***********BUSCA LOCAL**************
ANTES | DEPOIS
1.7209   1.73833
1.77005   1.77651
1.77619   1.78751
1.80707   1.23029
2.33254   3.60238
1.73106   2.41236
1.80304   1.81331
1.74476   3.59696
1.81737   1.77487
1.76767   1.82679
1.80719   1.78659
1.71524   1.7667
1.74476   1.76958
1.82865   1.83147
1.74461   1.80393
2.92244   3.02092
1.79431   1.76445
1.77797   1.80016
1.78844   1.82284
2.3498   1.83079
1.82443   2.98244
1.82565   1.64058
1.78276   1.79527
1.7971   2.40171
1.78812   1.83637
1.725   2.37618
1.77298   1.80242
1.74466   1.73949
1.81605   1.76446
2.85195   2.35216
1.7465   2.3628
1.71155   2.3249
3.53512   1.78471
1.77923   2.41886
1.80874   1.80596
1.77013   2.36697
1.72307   1.82296
2.93022   1.70414
1.75442   1.79956
2.9408   3.53321
1.80595   2.4177
1.82072   1.80324
1.79407   2.97902
1.79501   3.5747
1.78955   1.82154
1.75095   1.76195
1.7639   1.79188
1.68928   1.81681
2.97783   2.40176
1.77996   1.73567
