218 242 416 570 994 1134 1300 1407 1518 1761 1830 1831 2032 2043 2506 2650 2784 2795 2802 2938 3197 3375 3405 3406 3420 3589 3602 3841 3885 3900 3907 3939 3977 4193 4220 4349 4479 4530 4618 4771 4788 4804 4927 5121 5168 5203 5291 5339 5366 5392 5419 5449 5581 5592 5675 5742 5879 6008 6028 6104 6140 6153 6162 6164 6534 6752 6826 6853 7412 7545 7581 7606 7612 7657 7729 7870 8113 8154 8180 8229 8244 8337 8344 8456 8558 8729 8754 8761 8858 8910 8968 9236 9404 9485 9546 9698 9889 9894 9969 10239 10292 
218 455 703 725 877 1134 1300 1463 1518 1761 1830 1973 2032 2506 2650 2784 2795 2938 3197 3375 3405 3406 3407 3420 3488 3900 3907 3939 3977 4193 4220 4479 4506 4530 4771 4803 4804 4927 5339 5392 5419 5592 5879 5975 6008 6028 6097 6104 6121 6140 6153 6162 6164 6190 6245 6534 6752 6826 7478 7545 7581 7612 7657 7729 8113 8154 8180 8244 8304 8337 8344 8456 8558 8729 8761 8858 8862 8910 8968 9236 9404 9412 9464 9485 9546 9698 9889 9894 9969 9977 10221 10239 10264 10292 10311 
214 278 352 690 703 725 791 839 949 964 1134 1300 1518 1830 1973 2032 2043 2232 2275 2506 2650 2784 2795 3197 3406 3420 3559 3589 3885 3900 3907 3939 4193 4220 4479 4506 4530 4558 4618 4649 4788 4803 4804 4844 4927 5121 5339 5392 5419 5449 5592 5879 6008 6028 6104 6121 6140 6153 6164 6245 6534 6826 6853 7412 7478 7545 7581 7606 7612 7657 7722 7729 7870 8113 8132 8229 8244 8337 8456 8558 8761 8858 8862 8910 8968 9236 9344 9404 9412 9464 9546 9698 9889 9894 9969 9977 10033 10221 10239 
214 242 703 839 949 964 1134 1300 1407 1518 1761 1973 2032 2043 2232 2275 2506 2650 2784 2795 2802 2938 2986 3197 3405 3407 3420 3885 3900 3907 3939 4220 4479 4506 4530 4558 4771 4803 4804 4844 4927 5203 5339 5392 5419 5449 5581 5592 5742 6008 6028 6097 6104 6121 6140 6153 6164 6190 6534 6752 6754 6826 7111 7412 7478 7545 7581 7612 7657 7722 7729 7870 8113 8180 8244 8304 8337 8456 8558 8729 8761 8858 8862 8910 8968 9236 9404 9412 9464 9484 9485 9546 9698 9889 9894 9969 9977 10207 10221 10239 10264 10292 10311 
242 278 455 703 994 1134 1300 1407 1463 1518 1761 2032 2232 2275 2506 2650 2784 2795 2938 3197 3405 3406 3407 3420 3841 3900 3907 3939 3977 4193 4220 4479 4506 4530 4662 4803 4804 4927 5203 5339 5392 5419 5449 5592 5675 5834 5975 6008 6028 6097 6104 6121 6140 6153 6162 6164 6245 6534 6625 6752 6826 7296 7478 7545 7581 7612 7657 7729 8113 8154 8180 8229 8244 8304 8337 8456 8558 8729 8761 8858 8862 8910 8968 9344 9404 9412 9464 9546 9698 9889 9894 9969 9977 10207 10221 10239 10264 10311 
214 242 352 690 703 725 877 994 1134 1300 1407 1463 1518 1761 1973 2032 2506 2650 2784 2795 2802 2986 3197 3405 3406 3407 3420 3559 3589 3853 3885 3900 3907 3939 4220 4479 4506 4530 4558 4771 4803 4804 4844 4927 5339 5392 5419 5592 6008 6028 6097 6104 6121 6140 6153 6164 6245 6534 6752 6826 7111 7478 7545 7581 7612 7657 7722 7870 8113 8154 8180 8244 8337 8456 8558 8761 8858 8862 8910 8968 9236 9404 9412 9464 9484 9546 9698 9889 9894 9969 9977 10207 10221 10239 10264 10292 10311 
242 278 416 690 790 791 877 949 994 1134 1300 1407 1463 1518 1592 1761 2032 2216 2506 2650 2784 2795 2802 2986 3021 3197 3375 3405 3406 3420 3488 3885 3900 3907 3939 4220 4479 4506 4530 4771 4803 4804 4927 5121 5168 5189 5339 5392 5419 5581 5592 5742 5879 6008 6028 6104 6121 6140 6153 6162 6164 6190 6534 6826 7111 7478 7545 7581 7612 7657 7729 7870 8113 8132 8154 8244 8337 8456 8558 8761 8858 8862 8910 8968 9236 9404 9485 9546 9698 9894 9969 9977 10033 10239 10264 
242 278 455 690 790 791 928 1134 1300 1407 1463 1518 1592 1761 1830 2032 2043 2232 2275 2506 2650 2784 2795 2802 2986 3197 3375 3405 3406 3407 3420 3488 3900 3907 3939 3977 4220 4479 4506 4530 4558 4649 4803 4804 4927 5121 5189 5203 5339 5392 5419 5592 6008 6028 6104 6121 6140 6153 6164 6190 6245 6534 6826 7412 7545 7581 7606 7612 7657 7729 8113 8180 8229 8244 8304 8337 8344 8456 8558 8729 8761 8858 8862 8910 8968 9404 9412 9464 9485 9546 9698 9889 9894 9969 9977 10033 10207 10239 10292 
278 352 416 690 703 791 877 994 1134 1300 1407 1518 1761 1830 2032 2216 2346 2506 2554 2650 2784 2795 2802 3197 3405 3406 3407 3420 3602 3900 3907 3939 3977 4193 4220 4479 4506 4530 4558 4803 4804 4844 4927 5230 5339 5392 5419 5581 5592 6008 6028 6097 6104 6121 6140 6153 6162 6164 6534 6826 7412 7478 7545 7581 7612 7657 7729 7870 8113 8132 8154 8180 8244 8304 8337 8344 8456 8558 8761 8858 8862 8910 8968 9236 9344 9404 9412 9464 9546 9698 9889 9894 9969 9977 10033 10221 10239 10264 10292 10311 
214 278 352 690 725 839 928 949 1134 1300 1518 1761 1830 1973 2032 2043 2216 2346 2506 2650 2784 2795 2986 3021 3197 3406 3420 3559 3589 3676 3900 3907 3939 3977 4220 4349 4479 4506 4530 4558 4618 4649 4771 4803 4804 4927 5121 5339 5392 5419 5592 6008 6028 6104 6121 6140 6153 6164 6245 6534 6826 7111 7545 7581 7606 7612 7657 7722 7729 7870 8113 8132 8180 8229 8244 8337 8456 8558 8729 8761 8858 8862 8910 8968 9236 9404 9412 9464 9484 9485 9546 9698 9889 9894 9969 9977 10221 10239 10264 10292 
