***********CONSTRUÇÃO**************
ANTES | DEPOIS
0.407855   0.231086
0.408467   0.232483
0.410222   0.232085
0.409389   0.229661
0.40807   0.233382
0.408863   0.22925
0.406829   0.227174
0.409335   0.227599
0.409761   0.226445
0.407188   0.226621
0.408387   0.229602
0.408398   0.232432
0.408793   0.232314
0.409261   0.230759
0.408304   0.233934
0.410134   0.229221
0.407761   0.227982
0.408252   0.227707
0.407795   0.22732
0.408513   0.227539
0.410026   0.229477
0.409265   0.232412
0.408229   0.231587
0.408356   0.230467
0.405729   0.234111
0.407519   0.228539
0.40804   0.227873
0.4099   0.227418
0.408284   0.226677
0.406955   0.22815
0.405736   0.229317
0.406223   0.232033
0.407451   0.232222
0.407423   0.229531
0.407137   0.233905
0.407139   0.23002
0.407043   0.226673
0.405784   0.227573
0.410778   0.227521
0.408727   0.227343
0.408869   0.22951
0.40554   0.231959
0.407325   0.231728
0.407456   0.230358
0.406799   0.234242
0.408961   0.229452
0.406944   0.227327
0.408948   0.227611
0.409655   0.227675
0.40647   0.226857
***********BUSCA LOCAL**************
ANTES | DEPOIS
0.492969   0.300092
0.908778   0.300239
0.799499   0.295868
0.302629   0.203876
0.60917   0.401559
0.495915   0.299308
0.799685   0.201961
0.703964   0.199654
0.402498   0.200472
1.01159   0.20256
0.498219   0.401675
0.905531   0.302232
0.598384   0.198221
1.10568   0.201205
0.801125   0.198419
0.906013   0.205347
0.797322   0.201031
0.69564   0.201227
0.598484   0.196375
0.809024   0.298853
0.796519   0.201631
0.30365   0.192744
0.49986   0.302017
0.796391   0.301134
0.801369   0.195229
0.790745   0.501892
1.59868   0.302863
0.800388   0.203738
0.600473   0.502239
0.301993   0.302037
0.495174   0.305611
0.401046   0.200401
0.795739   0.403001
0.700146   0.205419
0.694555   0.203326
0.904256   0.19859
0.496723   0.20325
0.702894   0.197366
0.69726   0.204584
0.695267   0.403515
1.10156   0.407553
0.796918   0.203719
0.901324   0.199733
0.708506   0.204803
0.899947   0.299617
0.789685   0.503822
0.30147   0.403873
0.692253   0.20149
1.20461   0.300661
0.795173   0.399204
