Tamanho    Peso
1698  55957
1708  56422
1694  55983
1714  56179
1707  56238
1701  56064
1721  56195
1703  56245
1705  56178
1703  56099
1698  55998
1708  56292
1694  55968
1720  56270
1711  56115
1708  56449
1705  56060
1705  56042
1709  56100
1703  56153
1704  55917
1700  56199
1695  55875
1712  56264
1716  56464
1697  56296
1710  56033
1700  56137
1706  56241
1707  56302
1694  55818
1711  56278
1699  55829
1707  56185
1700  56272
1702  56402
1710  56287
1707  56444
1714  56230
1709  55817
1701  55833
1706  56179
1692  55870
1713  56126
1711  56247
1709  56415
1713  56060
1709  56282
1709  56149
1708  56106

Time taken: 97
