Tamanho    Peso
243  7048
239  7168
242  7222
232  7092
217  6951
239  7128
241  7137
210  6914
244  7252
243  7156
247  7275
241  7125
212  6994
218  7358
243  7275
237  7180
236  7037
238  7201
240  7143
240  7334
248  7252
222  7146
223  7321
238  7175
239  7012
216  7126
237  7203
242  7243
235  7128
241  7159
212  6845
239  7190
247  7320
244  7144
247  7265
213  7074
238  7250
240  7227
241  7185
223  7152
244  7252
241  7182
240  7270
239  6970
219  6912
242  7441
242  7134
236  7150
222  7189
214  7257

Time taken: 17
