***********CONSTRUÇÃO**************
ANTES | DEPOIS
0.471339   0.283702
0.469381   0.2817
0.473383   0.280555
0.471087   0.280896
0.470113   0.280101
0.470478   0.281952
0.470989   0.282273
0.470723   0.279321
0.470649   0.27966
0.469703   0.280067
0.471267   0.281109
0.470594   0.28097
0.471918   0.280493
0.470949   0.280981
0.470851   0.280086
0.472536   0.282394
0.469486   0.282555
0.471246   0.279254
0.471631   0.279413
0.469454   0.280906
0.472386   0.281333
0.470402   0.280629
0.470006   0.28075
0.47023   0.28096
0.471148   0.279081
0.470449   0.282014
0.470098   0.281995
0.470371   0.279505
0.470646   0.279466
0.469113   0.280404
0.471556   0.281244
0.47106   0.280629
0.473171   0.281053
0.469965   0.28086
0.471146   0.280011
0.469743   0.282397
0.470093   0.281968
0.470131   0.279752
0.47067   0.279474
0.469547   0.281086
0.470851   0.281364
0.472081   0.281387
0.470051   0.281039
0.469954   0.281252
0.472152   0.279974
0.470999   0.281731
0.47129   0.281591
0.470525   0.27865
0.47052   0.279401
0.472142   0.280295
***********BUSCA LOCAL**************
ANTES | DEPOIS
0.354185   0.247963
0.973539   0.24394
0.486698   0.247935
0.60698   0.246978
0.733856   0.249656
0.73956   0.247829
0.850667   0.251855
0.852003   0.245689
0.861457   0.25381
1.47325   0.238452
0.73754   0.249697
0.852364   0.250118
0.609644   0.245185
0.851359   0.248533
0.971233   0.240296
0.732978   0.247526
0.97926   0.248112
0.363389   0.244526
0.849139   0.247627
0.733543   0.243609
0.730561   0.244642
0.725142   0.24575
1.09609   0.241598
0.482794   0.247105
0.744217   0.365036
0.852471   0.251029
0.488829   0.250065
0.607408   0.244211
0.738655   0.245754
0.853407   0.36723
0.486078   0.248812
0.857723   0.247702
0.736167   0.247111
0.857079   0.25143
0.732016   0.246773
0.866855   0.243961
0.614994   0.248187
0.367323   0.242054
0.612304   0.245857
1.59822   0.246761
1.09518   0.244184
0.368238   0.367809
0.733366   0.252001
0.616309   0.247092
0.486016   0.249119
0.484024   0.251431
1.09959   0.249378
0.48258   0.252354
0.731665   0.250465
0.484998   0.250805
