Tamanho    Peso
1032  32945
1031  32970
1028  32926
1027  33103
1029  32941
1028  33093
1025  32985
1027  32968
1023  32786
1034  33150
1030  32978
1029  33088
1030  32882
1024  33009
1032  33007
1032  33058
1029  32944
1028  32933
1026  32905
1031  33087
1032  33000
1026  33010
1029  32856
1023  32990
1021  32854
1027  33093
1028  32934
1031  32997
1023  32819
1025  33119
1028  32895
1028  33067
1027  32889
1026  33088
1029  32970
1028  33028
1028  32949
1027  32858
1026  32884
1032  33126
1031  32984
1023  33058
1030  32931
1028  33086
1030  32963
1025  33016
1028  32927
1026  32883
1023  32871
1033  33124

Time taken: 27
