Tamanho    Peso
90  3617
116  4301
105  4279
96  3804
99  3694
130  4569
100  4090
97  3514
103  3976
120  4487
107  4174
117  4689
123  4566
106  4024
114  4648
104  3900
110  4121
90  3115
106  4204
122  4535
123  4395
121  4660
98  4093
122  4260
109  3945
101  3564
116  4708
110  4010
104  4092
74  3079
122  4542
111  4057
142  4603
101  4172
97  3678
111  4338
105  4083
117  4462
91  3414
120  4499
96  3869
102  4099
123  4836
91  3490
109  4193
97  3635
99  4253
120  4570
113  4139
118  4441

Time taken: 200
