Tamanho    Peso
1084  36584
1096  36257
1093  35891
1073  36224
1095  36256
1087  35978
1081  36130
1091  36178
1095  35903
1078  35980
1077  36175
1091  36140
1097  36168
1081  36100
1087  36193
1093  36279
1095  36124
1097  36229
1091  36333
1072  36495
1088  36171
1095  36499
1085  36231
1093  36090
1092  36243
1085  36415
1096  36021
1093  35973
1075  36365
1097  36248
1095  36217
1082  36258
1095  36075
1059  36601
1065  36194
1076  36209
1097  36072
1079  36376
1096  36044
1093  36256
1095  36107
1061  36249
1108  36309
1095  36148
1095  35829
1077  35957
1066  36408
1098  36101
1092  36202
1093  36333

Time taken: 53
