Tamanho    Peso
1721  56687
1724  56504
1714  56417
1723  56870
1707  56690
1705  56507
1686  56380
1714  56159
1696  56699
1708  56329
1711  56753
1713  57103
1694  56431
1692  56160
1715  56517
1704  56619
1697  56275
1684  57086
1687  56886
1700  56303
1707  56551
1705  56804
1703  56702
1703  56571
1687  56715
1712  56469
1685  55920
1688  57104
1703  57071
1694  56684
1709  57142
1696  56144
1682  56593
1694  56199
1710  56539
1703  56234
1703  57069
1713  56547
1706  56650
1702  56112
1693  56227
1711  56570
1690  56506
1684  56135
1712  56269
1692  56404
1709  56548
1691  56223
1698  56638
1699  56234

Time taken: 211
