***********CONSTRUÇÃO**************
ANTES | DEPOIS
0.47155   0.283649
0.471253   0.280965
0.471505   0.279782
0.472564   0.275575
0.471604   0.279396
0.470643   0.279391
0.469764   0.277112
0.47112   0.276708
0.469758   0.278787
0.472098   0.274533
0.470371   0.279554
0.470943   0.281275
0.470718   0.27983
0.470052   0.275421
0.470161   0.279074
0.470983   0.279496
0.470326   0.277624
0.469877   0.277125
0.470008   0.279398
0.472498   0.274926
0.469771   0.281044
0.470207   0.280833
0.470729   0.280454
0.469108   0.275158
0.471823   0.279413
0.470716   0.279204
0.471523   0.277538
0.472286   0.277393
0.469976   0.279217
0.470906   0.274646
0.46944   0.280065
0.469669   0.280242
0.471475   0.280048
0.469851   0.27456
0.469107   0.280854
0.469665   0.279501
0.469278   0.276931
0.471206   0.277351
0.46899   0.2786
0.470464   0.275382
0.470561   0.279869
0.470599   0.280654
0.471969   0.2803
0.469921   0.274222
0.471368   0.279737
0.469524   0.278718
0.470724   0.277652
0.471585   0.276625
0.469575   0.278942
0.469996   0.274838
***********BUSCA LOCAL**************
ANTES | DEPOIS
0.731096   0.246451
0.851445   0.364654
0.85687   0.251058
0.607511   0.493096
0.487507   0.498661
0.97197   0.244413
1.34878   0.244974
1.35564   0.247264
0.729662   0.247222
0.979835   0.248265
0.606976   0.244884
0.493498   0.24744
0.846372   0.249898
0.728792   0.240623
0.606876   0.242087
0.734402   0.253587
1.35055   0.248552
0.973589   0.247686
0.72809   0.243396
0.601615   0.250736
0.729699   0.252404
0.604982   0.245491
0.598393   0.249689
0.728771   0.245474
0.604908   0.24689
0.483926   0.248566
1.1043   0.247989
0.36669   0.242497
0.735219   0.487307
0.847076   0.25215
1.22208   0.245385
0.489091   0.248373
1.33622   0.253253
0.963824   0.246502
0.980986   0.244463
0.611485   0.249358
0.610463   0.245362
0.359244   0.248197
0.854721   0.247411
0.728542   0.247592
0.85019   0.243066
0.730702   0.490116
0.841889   0.247206
1.21833   0.244917
1.09464   0.494734
0.840825   0.24905
0.73624   0.246491
0.73243   0.244122
0.611453   0.250551
1.21886   0.246624
