***********CONSTRUÇÃO**************
ANTES | DEPOIS
0.400797   0.221217
0.401246   0.221419
0.400499   0.220068
0.402127   0.21985
0.40145   0.21979
0.401897   0.223049
0.400772   0.21732
0.401157   0.21888
0.401491   0.220811
0.400559   0.220518
0.399722   0.220132
0.401763   0.222329
0.402373   0.22156
0.401845   0.219155
0.40041   0.219381
0.400699   0.221286
0.401812   0.218003
0.401019   0.220051
0.402355   0.221191
0.400725   0.220584
0.401668   0.219325
0.400581   0.222524
0.40176   0.221576
0.402726   0.219225
0.401418   0.218834
0.399374   0.223241
0.400105   0.217282
0.402438   0.219789
0.40131   0.221203
0.401115   0.220881
0.401199   0.218625
0.400439   0.22169
0.402018   0.22025
0.40094   0.219402
0.399784   0.218846
0.399856   0.223136
0.401456   0.216973
0.400038   0.219447
0.400068   0.222219
0.401154   0.221403
0.401413   0.218437
0.400515   0.221623
0.40244   0.220059
0.399903   0.220035
0.401594   0.218417
0.40045   0.222886
0.399498   0.217113
0.400669   0.219286
0.400935   0.220969
0.399957   0.22045
***********BUSCA LOCAL**************
ANTES | DEPOIS
0.77661   0.193212
0.680077   0.196883
0.386692   0.38404
1.06134   0.195415
0.772867   0.19205
0.576045   0.195061
0.773486   0.197038
0.391623   0.195277
0.871766   0.194744
0.871213   0.39531
0.491225   0.197648
0.477343   0.194686
0.970051   0.193151
0.581297   0.198607
0.680411   0.38347
0.88034   0.191423
0.478623   0.197664
0.779034   0.196861
0.677951   0.194619
0.678595   0.198031
0.778055   0.197642
0.873265   0.391663
0.784638   0.19681
0.485288   0.293947
0.479771   0.388784
0.289875   0.191605
0.585882   0.193038
0.482891   0.191434
0.581103   0.19414
0.580593   0.194401
0.777187   0.193329
1.36603   0.194302
0.386526   0.194054
0.680081   0.192911
0.38542   0.193342
0.490866   0.191067
0.774237   0.197215
0.786637   0.198328
0.669222   0.194507
0.393581   0.293409
0.387216   0.193857
0.584892   0.294065
0.487264   0.195721
0.874672   0.192125
0.580895   0.19235
0.387761   0.291239
0.691393   0.195642
0.870366   0.388879
0.964209   0.193951
0.580223   0.193537
