Tamanho    Peso
1789  58276
1786  57775
1792  57659
1795  57668
1783  57432
1796  57574
1782  57667
1802  58017
1781  57400
1812  57876
1803  57874
1805  58001
1772  58643
1815  57920
1792  58177
1799  57697
1803  58010
1785  58406
1799  57997
1790  57892
1795  57884
1784  56992
1802  57612
1792  57439
1801  57693
1792  58180
1785  57923
1760  58865
1786  57559
1773  57663
1776  58766
1809  57544
1802  57595
1802  57712
1775  57509
1795  57902
1798  57997
1797  57690
1783  57934
1797  57399
1806  57657
1783  57682
1792  58587
1799  57663
1772  57839
1773  57446
1792  57880
1785  57324
1792  57773
1789  57997

Time taken: 230
