Tamanho    Peso
230  8564
232  8512
236  8749
240  8732
227  8307
233  8599
229  8645
233  8544
224  8325
247  8970
235  8539
231  8447
238  8883
235  8711
229  8449
232  8514
223  8399
228  8356
224  8360
244  8838
230  8457
235  8687
240  8992
240  8710
229  8516
232  8556
224  8430
229  8569
220  8319
248  8869
230  8609
233  8501
245  8903
238  8698
229  8469
230  8567
227  8409
235  8825
221  8210
249  8884
231  8502
233  8395
234  8675
243  8836
229  8463
229  8453
229  8486
236  8650
221  8306
248  9007

Time taken: 14
