Tamanho    Peso
1098  34448
1084  34646
1099  34902
1097  34577
1102  34396
1076  34909
1094  34636
1094  35213
1101  34664
1098  34569
1095  34451
1091  34085
1094  34704
1093  34533
1097  34501
1097  34813
1087  34395
1098  34539
1096  34559
1088  34728
1103  34477
1095  34692
1098  34639
1087  34413
1087  34686
1102  34419
1091  34464
1092  34717
1087  34279
1098  34649
1105  34770
1095  34584
1097  34844
1103  34777
1102  34631
1084  34483
1104  34972
1090  34548
1091  34550
1096  34422
1093  34540
1102  34830
1100  34846
1106  34593
1096  34438
1096  34389
1093  34484
1105  34708
1098  34586
1091  34505

Time taken: 66
