Tamanho    Peso
140  5702
128  5244
162  6454
158  6568
146  5809
155  6415
158  6135
159  6277
157  6532
149  6082
169  6781
160  6384
160  6392
156  6117
161  6323
159  6323
157  6446
151  6281
149  5950
159  6434
174  6920
153  6186
148  6100
173  6924
154  5871
157  6375
144  5561
156  5888
139  5656
145  5743
148  5855
148  5966
164  6622
160  6297
162  6526
155  5915
128  5296
158  6259
151  6014
145  5547
143  5780
157  6479
129  4948
159  6316
152  6198
161  6327
161  6445
160  6359
158  6333
153  6177

Time taken: 183
