***********CONSTRUÇÃO**************
ANTES | DEPOIS
0.407179   0.242962
0.405484   0.242313
0.40626   0.244647
0.404889   0.239546
0.405092   0.241348
0.404231   0.244284
0.405155   0.240866
0.407097   0.241518
0.404461   0.234628
0.4067   0.240756
0.405969   0.241472
0.406475   0.242687
0.40678   0.244437
0.40553   0.239836
0.405864   0.241483
0.406608   0.244297
0.405159   0.241619
0.407028   0.240125
0.404918   0.23508
0.405363   0.240968
0.405422   0.240334
0.404925   0.242497
0.406478   0.246229
0.406102   0.238252
0.407387   0.240983
0.405909   0.244431
0.404923   0.241626
0.402722   0.241085
0.405458   0.235933
0.40546   0.241169
0.405878   0.241382
0.405756   0.242048
0.406389   0.244588
0.40556   0.239557
0.40742   0.240677
0.406187   0.243979
0.407105   0.241083
0.404519   0.239477
0.405788   0.235417
0.404518   0.24049
0.403349   0.239915
0.405248   0.241908
0.407445   0.244401
0.405844   0.240087
0.405843   0.240596
0.405266   0.242925
0.407286   0.240614
0.407015   0.240196
0.403536   0.235334
0.405317   0.24028
***********BUSCA LOCAL**************
ANTES | DEPOIS
0.487232   0.288608
0.29903   0.594373
1.08234   0.296059
1.29428   0.292049
1.08999   0.200756
0.588584   0.400153
0.390986   0.49367
0.69059   0.196631
0.690275   0.303018
0.586243   0.596456
0.584648   0.293901
0.491349   0.29633
0.593062   0.590094
0.491181   0.196364
0.586399   0.40314
0.494774   0.291312
0.49051   0.198825
0.688749   0.300845
0.481643   0.397575
0.694908   0.396832
0.591191   0.497647
0.587097   0.30087
0.894244   0.199121
0.985488   0.396577
0.592418   0.299036
0.795204   0.295495
0.695217   0.20073
0.490092   0.295062
0.495962   0.396256
0.391098   0.394481
0.692231   0.298798
0.494486   0.299739
0.880803   0.295631
0.495081   0.197276
0.688998   0.296455
0.485168   0.498229
0.398378   0.492881
1.08779   0.403883
0.685661   0.591031
0.678683   0.399342
0.980054   0.303641
0.488764   0.397484
0.389893   0.298586
0.487554   0.392134
1.08843   0.694383
0.492811   0.398517
0.398219   0.597405
0.792476   0.191675
0.588512   0.296854
0.694746   0.497289
