Tamanho    Peso
1096  35943
1079  36204
1095  35688
1087  35638
1094  35719
1100  35825
1081  35966
1099  35811
1107  36338
1087  35894
1083  35900
1091  35985
1096  35860
1095  35887
1091  35783
1076  36154
1098  35796
1090  35721
1098  35940
1094  35955
1086  35878
1089  35710
1086  35892
1098  35905
1088  35867
1091  35783
1089  35771
1094  35875
1094  35926
1085  36007
1092  35902
1086  35938
1092  35816
1094  35997
1098  36050
1079  36011
1080  35699
1102  35762
1094  35753
1092  35740
1082  35558
1086  35734
1082  36235
1089  35831
1092  35562
1096  35916
1081  36085
1087  35720
1083  35974
1099  35808

Time taken: 53
