Tamanho    Peso
1085  35675
1087  35622
1092  35558
1088  35673
1097  35804
1089  35706
1090  35649
1095  35520
1096  35783
1094  35646
1088  35736
1094  35753
1093  35753
1099  35728
1092  35712
1094  35653
1099  35817
1092  35568
1093  35955
1086  35544
1088  35618
1096  35883
1098  35797
1081  35740
1083  35589
1098  35812
1100  35874
1089  35734
1096  35701
1089  35556
1093  35877
1076  35502
1092  35705
1098  35775
1090  35668
1089  35665
1083  35650
1091  35528
1101  35726
1083  35656
1088  35756
1083  35568
1098  35599
1083  35447
1094  35702
1082  35634
1085  35572
1102  35818
1077  35396
1085  35568

Time taken: 30
