***********CONSTRUÇÃO**************
ANTES | DEPOIS
0.217047   0.148916
0.215519   0.138337
0.217395   0.138318
0.217923   0.141853
0.216039   0.137827
0.215438   0.140229
0.219006   0.14124
0.220744   0.139431
0.216451   0.139236
0.215048   0.140975
0.220318   0.142654
0.216847   0.137805
0.215846   0.138823
0.219959   0.141873
0.221845   0.13889
0.219441   0.140003
0.218639   0.141846
0.214953   0.14016
0.216589   0.13934
0.220122   0.141377
0.219318   0.143035
0.217121   0.137187
0.214919   0.138021
0.21654   0.142545
0.21715   0.138171
0.219164   0.139956
0.220221   0.140475
0.216924   0.139715
0.217914   0.139147
0.217254   0.141721
0.216256   0.142521
0.217972   0.138147
0.217472   0.137564
0.220288   0.141362
0.2154   0.13856
0.21695   0.140153
0.21924   0.139827
0.215843   0.139755
0.219943   0.138898
0.216741   0.141285
0.216313   0.142575
0.215503   0.138462
0.219709   0.138491
0.22084   0.142365
0.217859   0.137896
0.216899   0.14028
0.215069   0.141454
0.215944   0.140144
0.215302   0.139201
0.217296   0.14231
***********BUSCA LOCAL**************
ANTES | DEPOIS
0.119683   0.131467
0.120335   0.130412
0.127974   0.128665
0.179037   0.119953
0.134573   0.135692
0.113987   0.129163
0.125334   0.122869
0.132377   0.133625
0.12219   0.129705
0.12866   0.194587
0.236187   0.128437
0.250183   0.126821
0.118416   0.124927
0.117081   0.127845
0.11267   0.130849
0.122521   0.135444
0.12355   0.187437
0.131943   0.192905
0.116424   0.122363
0.132792   0.136707
0.128348   0.132493
0.116701   0.127315
0.124174   0.12312
0.113818   0.124451
0.128483   0.132022
0.113731   0.120885
0.248679   0.250429
0.111683   0.123112
0.187378   0.131722
0.126486   0.128873
0.129113   0.122493
0.124277   0.119039
0.114959   0.187586
0.125137   0.375447
0.114024   0.13432
0.121213   0.118424
0.129581   0.135032
0.115864   0.130282
0.128777   0.127688
0.135452   0.121188
0.129926   0.134884
0.113089   0.129577
0.176488   0.125334
0.119658   0.131603
0.118558   0.129812
0.240158   0.116195
0.117055   0.192714
0.125195   0.190465
0.122383   0.128859
0.18399   0.127114
