Tamanho    Peso
1053  34518
1060  34464
1051  34329
1051  34506
1047  34543
1053  34614
1044  34550
1048  34560
1046  34474
1046  34643
1053  34610
1045  34547
1047  34328
1048  34540
1047  34594
1048  34346
1049  34461
1048  34505
1046  34607
1048  34683
1048  34564
1049  34506
1042  34318
1045  34508
1047  34683
1051  34596
1048  34680
1054  34615
1042  34483
1048  34492
1054  34668
1045  34572
1052  34534
1045  34603
1042  34474
1046  34593
1049  34432
1047  34429
1047  34392
1052  34506
1050  34686
1049  34465
1045  34545
1047  34567
1044  34484
1050  34463
1049  34495
1051  34527
1045  34432
1054  34615

Time taken: 28
