4941
70	2
55	3
78	1
7	1
63	1
98	2
85	1
90	1
87	3
5	4
49	2
69	2
91	1
25	4
76	2
49	1
78	1
27	1
83	1
33	3
84	2
57	2
33	1
83	1
65	1
82	1
18	1
17	1
1	1
4	1
88	2
25	2
7	1
72	1
35	3
38	1
38	3
87	1
91	1
40	1
59	1
20	1
23	3
36	2
28	1
3	1
95	1
31	4
30	1
93	1
10	3
86	2
76	2
20	2
44	1
25	1
83	2
78	2
83	2
32	1
55	2
28	3
13	1
49	1
64	1
61	1
24	1
23	1
22	5
69	4
4	2
19	2
41	3
44	1
12	1
37	1
61	3
67	1
75	1
70	2
9	2
63	2
28	2
34	1
31	2
67	1
100	2
20	1
85	8
19	1
42	1
66	1
20	1
26	1
100	6
83	2
76	2
43	1
34	6
5	2
82	2
97	3
11	1
77	3
35	3
95	2
50	2
77	2
44	1
66	2
48	1
2	1
97	3
79	3
24	1
45	1
9	2
42	1
62	1
18	2
12	2
24	1
23	2
86	5
54	3
61	2
52	1
28	1
10	1
82	2
44	1
90	3
19	1
23	1
100	2
80	2
3	1
76	1
6	3
95	2
65	5
64	3
22	2
67	3
1	1
16	3
26	2
100	1
39	3
28	2
65	2
100	1
65	1
95	6
41	4
81	2
1	1
72	4
38	1
4	1
38	1
86	1
75	1
58	1
58	1
2	1
47	2
92	2
81	1
33	2
79	1
77	2
8	1
52	2
37	1
35	2
26	2
40	1
56	2
17	2
38	1
86	1
72	1
99	1
14	2
24	1
43	1
75	4
99	2
47	1
86	1
65	1
100	2
15	2
53	2
71	2
50	1
27	1
84	3
76	1
56	1
45	3
2	2
52	1
2	2
90	4
78	1
49	4
58	1
35	1
95	2
52	1
12	1
20	1
55	1
47	3
49	2
11	1
67	1
53	1
11	1
54	3
48	2
68	2
69	1
66	2
10	1
10	2
47	1
71	2
27	1
14	2
13	1
76	1
90	1
98	1
22	2
92	1
56	2
25	1
65	1
39	2
59	3
99	1
81	2
10	1
39	5
86	2
52	1
33	6
41	1
45	5
84	6
34	2
48	1
15	1
100	1
38	6
6	1
19	1
58	3
97	1
4	1
2	1
96	1
99	1
15	2
2	2
80	1
88	2
45	1
90	1
8	2
57	1
68	7
50	1
56	1
24	1
33	2
17	5
10	4
15	1
10	1
25	1
55	5
67	2
14	1
98	1
88	1
85	2
81	2
31	1
85	2
98	1
82	1
96	4
81	1
18	2
82	2
31	2
53	2
90	1
57	4
91	1
92	1
50	6
14	1
60	1
37	2
18	3
23	2
60	1
78	2
45	5
18	1
98	3
27	7
89	1
73	1
31	3
58	1
41	3
64	1
24	1
61	1
70	3
57	2
38	2
58	1
45	2
12	1
46	1
81	1
74	2
68	2
70	4
88	2
100	2
13	2
4	1
16	2
9	1
54	1
11	2
32	2
39	1
1	1
85	1
73	1
87	1
66	4
17	4
69	1
4	3
92	2
54	4
84	1
83	2
60	1
52	1
4	3
89	2
25	1
37	1
83	1
37	1
82	2
1	1
21	2
83	2
67	1
71	2
50	1
90	1
50	1
55	1
31	1
60	1
16	4
56	1
23	1
98	2
49	1
6	4
58	1
33	1
76	2
25	1
59	1
89	2
7	1
12	5
37	5
97	2
20	3
55	2
96	6
50	1
54	1
64	1
95	1
86	1
50	6
50	1
75	1
68	5
84	2
71	1
55	1
77	1
22	1
19	1
86	1
64	4
76	1
1	1
75	5
44	1
95	1
85	1
83	2
3	1
35	1
90	1
91	1
14	2
100	4
81	1
5	2
24	1
23	5
1	5
62	2
74	1
89	1
78	2
13	3
40	2
4	1
88	3
47	1
57	1
38	2
84	1
33	2
21	1
83	1
4	2
17	1
5	3
38	1
27	2
13	1
98	2
47	1
61	3
38	1
92	3
6	1
68	2
85	2
96	2
13	2
16	2
80	2
33	2
53	1
68	1
76	1
32	3
1	1
68	1
60	3
17	1
37	1
6	1
76	1
40	2
5	1
16	1
26	3
1	4
10	2
94	2
36	1
60	3
68	1
79	1
41	2
44	1
31	5
1	2
55	1
94	1
99	1
42	2
61	1
6	1
66	1
8	2
76	1
90	3
97	1
23	1
14	4
17	2
19	3
3	1
9	1
83	1
57	1
36	5
23	1
88	1
92	1
89	1
13	1
63	1
49	1
49	1
54	3
7	5
33	1
97	1
56	2
53	2
8	3
82	1
80	3
17	1
67	1
91	1
87	3
91	1
41	3
50	2
55	2
18	1
68	3
32	5
98	1
87	2
75	1
86	4
40	3
30	2
11	4
36	2
24	6
37	2
16	4
9	1
93	2
61	1
93	2
34	4
28	3
46	1
40	3
60	1
36	1
37	1
60	1
48	1
98	3
98	2
73	2
35	1
85	3
28	3
39	2
18	1
33	1
71	1
97	1
56	3
19	2
30	1
64	2
13	1
64	2
79	1
69	3
4	1
12	5
81	2
44	1
67	4
64	1
52	1
19	1
95	1
51	1
20	1
5	6
31	1
94	1
8	6
26	1
14	1
94	1
38	1
43	1
17	1
44	3
21	1
79	1
4	1
44	1
46	3
6	4
72	1
89	4
61	2
95	4
2	1
72	1
29	1
98	2
24	1
64	1
8	1
12	2
22	1
85	2
6	1
96	2
41	1
9	3
50	1
80	3
42	1
94	5
69	1
66	1
84	1
41	3
71	3
5	1
10	1
12	2
83	1
92	1
94	1
28	3
54	3
98	1
10	1
17	2
33	1
74	1
12	1
11	2
17	4
78	1
60	2
93	1
99	4
17	5
36	1
39	1
3	1
36	3
78	1
93	1
87	1
31	3
32	2
83	3
12	1
78	1
1	3
65	2
6	1
96	1
77	1
33	2
74	1
94	1
25	3
65	6
4	5
60	1
40	1
88	1
2	3
74	1
87	1
6	1
71	4
36	1
38	2
29	2
40	1
62	1
60	1
26	2
73	1
50	1
79	1
18	1
54	1
86	4
34	1
83	3
95	1
55	2
89	1
43	1
57	1
44	1
34	1
30	3
6	2
21	1
20	1
68	2
81	1
64	3
48	1
22	6
67	1
26	4
10	1
36	1
24	6
33	6
100	1
14	1
46	1
93	1
76	1
90	2
69	1
22	2
3	1
61	1
70	1
76	3
55	1
97	1
42	1
39	1
95	3
98	2
38	1
57	1
6	1
20	3
54	2
41	3
87	1
29	2
40	2
39	1
67	1
27	1
67	2
100	5
17	2
53	1
92	1
70	3
58	1
23	3
34	1
19	1
68	1
80	1
3	1
56	2
56	4
28	3
99	1
87	1
76	1
72	2
52	3
16	2
34	3
73	2
4	1
38	1
42	4
82	1
86	2
64	3
72	1
67	1
69	2
89	1
44	1
63	1
5	4
9	2
19	2
56	1
75	1
46	1
62	2
11	3
16	1
92	2
16	3
13	2
62	1
81	1
12	2
53	1
25	2
5	1
93	3
65	2
5	1
35	3
89	2
64	1
19	2
47	1
12	2
70	1
59	1
31	2
97	2
90	1
47	1
15	1
6	3
57	2
93	2
27	1
36	3
89	2
97	6
91	1
93	1
85	1
66	3
24	1
1	2
86	1
59	1
37	1
84	4
77	1
88	1
61	1
44	2
80	3
83	4
100	1
35	1
29	1
3	3
14	9
17	3
2	1
51	3
42	2
35	1
14	3
72	1
97	2
74	1
7	1
99	2
34	1
93	1
32	1
17	1
2	1
96	2
11	1
44	2
84	4
73	3
5	1
22	2
63	1
29	1
54	1
78	2
11	1
52	2
21	1
91	4
5	1
76	1
84	1
71	1
1	1
15	3
91	3
58	3
34	3
25	3
17	1
25	2
75	1
73	2
95	2
68	2
1	5
66	1
14	1
2	1
30	1
71	1
3	1
76	1
65	1
74	1
53	2
12	1
25	1
26	1
51	1
22	2
88	3
39	1
26	1
19	1
60	1
79	1
16	1
2	1
54	3
65	2
73	3
38	1
63	3
73	1
8	1
69	2
33	1
52	1
99	2
65	2
58	1
73	4
50	1
57	2
1	1
13	1
48	2
75	3
17	2
75	1
92	1
23	3
2	4
34	5
96	2
62	5
45	3
30	1
12	2
53	1
58	3
37	2
67	1
15	1
9	1
10	1
84	1
28	1
59	1
88	1
63	3
59	2
35	2
57	1
26	1
10	1
25	1
40	3
9	1
77	2
95	1
73	3
71	2
66	2
13	1
86	1
6	3
86	1
37	1
90	3
2	1
97	3
97	1
21	3
42	1
77	1
83	1
69	3
50	1
33	1
91	2
89	1
15	2
88	2
19	1
64	2
28	2
49	8
49	4
32	1
66	1
30	1
58	5
5	3
36	1
20	1
59	2
73	1
37	1
27	1
90	1
78	3
55	1
93	2
95	3
96	4
84	4
64	1
27	1
51	1
8	2
87	1
34	7
91	3
71	1
77	2
12	4
81	1
33	2
20	1
100	1
91	1
44	1
28	1
73	1
83	1
5	2
98	1
31	2
60	2
10	2
65	1
43	1
38	1
21	5
53	1
27	1
8	1
48	3
43	2
17	2
52	1
97	1
11	1
89	2
33	5
58	1
22	3
46	3
26	2
19	2
90	4
25	1
67	3
84	5
44	2
86	1
73	1
48	1
14	1
56	1
86	1
94	2
17	2
18	3
9	2
25	2
85	2
95	1
73	2
13	2
81	3
15	2
84	3
39	2
50	1
94	2
60	1
45	3
30	4
22	2
2	2
88	4
95	2
89	4
63	2
87	1
3	3
48	4
15	2
35	3
32	2
2	1
19	1
71	1
60	1
90	2
90	1
47	2
62	6
54	1
88	2
19	1
46	1
27	1
3	2
28	1
41	1
77	1
27	1
11	2
43	1
99	1
29	4
67	1
32	2
66	1
16	1
12	4
49	1
25	1
3	1
38	4
32	1
5	3
65	3
49	1
16	1
90	1
44	1
38	3
79	1
97	1
39	5
7	3
97	2
43	1
34	1
93	4
45	3
28	3
65	7
67	3
74	3
27	4
15	3
43	1
20	1
92	1
50	2
97	1
29	1
97	9
18	2
31	1
91	3
75	2
85	3
86	2
1	3
27	2
80	1
13	1
64	1
9	2
1	2
12	1
96	1
95	1
1	1
79	1
87	3
97	1
51	1
81	2
50	1
70	2
33	1
80	2
85	2
61	2
44	2
18	2
32	3
56	2
41	2
75	1
43	3
49	5
57	1
96	2
93	2
86	1
99	1
72	1
4	1
20	1
56	1
90	3
5	1
23	1
83	5
23	1
71	1
70	2
5	1
84	1
33	1
25	2
86	1
66	2
32	2
93	1
78	4
78	2
31	1
79	2
48	1
41	2
77	3
49	2
78	1
29	1
6	1
45	3
52	3
84	2
51	2
23	2
10	2
62	2
100	2
4	1
94	2
69	4
6	2
2	2
54	3
49	3
86	1
1	2
7	1
20	3
60	1
89	1
94	1
60	1
42	1
43	1
59	3
56	4
33	1
2	1
90	2
44	3
96	1
12	2
28	2
63	5
77	3
60	3
52	2
14	4
34	2
32	2
19	3
7	4
48	1
36	2
11	1
64	1
75	1
11	1
10	3
93	1
75	1
55	3
24	1
24	4
75	3
1	1
46	2
96	3
19	2
83	2
66	1
86	3
73	1
46	2
21	2
67	5
94	7
78	1
40	1
26	1
59	3
59	1
36	1
50	1
42	1
83	1
29	3
99	1
17	1
34	2
85	6
36	2
72	2
47	3
17	1
29	1
1	4
32	1
45	1
91	2
16	1
93	5
45	2
49	1
86	2
2	1
34	3
100	1
54	1
72	4
22	3
97	1
90	3
59	1
12	1
72	1
25	1
75	2
6	2
34	3
56	3
13	1
28	1
50	8
62	2
2	1
24	4
58	1
78	5
47	2
68	1
68	3
86	2
65	2
16	4
86	2
37	1
16	2
14	7
48	3
89	3
10	2
52	1
25	1
34	1
22	3
93	2
45	3
35	1
74	1
59	2
78	1
9	2
63	1
10	2
100	1
64	3
62	3
76	3
99	1
60	2
62	1
66	1
35	2
15	2
54	2
66	1
20	3
76	3
51	3
45	1
86	1
12	2
26	3
32	1
100	2
48	2
96	2
19	1
65	1
89	3
58	1
53	2
84	1
11	2
16	2
36	7
66	1
100	1
86	3
19	1
74	3
98	3
31	1
2	1
1	1
16	1
48	2
87	2
51	2
16	1
56	2
71	2
98	1
64	2
52	1
72	2
99	2
98	3
37	5
27	2
93	2
99	1
14	4
22	2
86	1
82	3
41	2
61	4
73	3
25	2
57	2
2	4
16	2
88	1
2	3
94	5
9	7
38	4
29	2
90	4
1	1
54	1
27	1
30	1
42	5
24	2
1	2
57	1
27	4
73	2
59	1
27	1
57	2
44	1
27	1
2	1
9	1
19	1
73	1
86	1
6	4
15	1
37	1
75	1
68	4
96	3
64	2
96	2
89	4
9	1
24	1
94	3
69	3
19	1
65	1
58	4
17	2
28	2
95	1
20	1
100	2
39	3
36	9
87	1
73	1
92	1
8	3
80	2
1	1
16	2
53	1
35	1
97	1
74	2
16	1
5	1
8	1
34	1
77	2
71	4
66	1
48	1
51	3
49	1
76	1
68	2
41	7
49	4
67	2
31	1
67	1
53	2
78	3
72	2
5	1
6	1
8	1
46	1
32	3
61	2
62	1
39	2
33	2
94	1
13	1
33	2
59	1
56	1
70	2
93	2
22	5
99	2
2	1
87	2
90	1
44	1
78	1
56	2
73	3
60	1
24	2
16	2
80	2
69	1
99	1
26	1
10	2
48	2
20	2
48	3
36	1
11	2
77	1
74	2
18	1
86	2
29	1
75	2
25	1
61	2
8	1
46	1
62	1
80	1
31	1
41	4
22	2
31	1
20	2
51	2
93	1
30	1
41	2
82	1
50	3
91	2
32	1
26	1
81	3
78	1
36	3
80	3
69	1
59	2
18	1
77	1
49	1
83	2
13	3
6	2
10	2
71	2
32	1
86	2
53	2
74	2
34	1
49	1
15	4
94	3
68	2
93	1
80	2
5	2
43	1
7	2
57	2
97	1
73	2
51	3
49	1
16	2
81	2
36	1
72	1
30	1
3	1
7	1
53	1
27	1
24	4
51	1
9	2
20	1
81	1
9	2
50	1
63	1
89	2
28	5
78	1
2	1
34	1
15	1
74	1
34	1
73	1
29	3
83	1
14	2
73	1
95	2
98	2
55	1
58	2
1	2
42	2
20	1
14	1
14	2
74	2
36	1
34	2
30	2
15	2
82	1
69	2
13	1
37	2
8	1
1	1
34	2
62	1
70	3
38	1
15	5
33	2
60	3
66	2
34	1
36	2
71	1
47	2
73	1
3	2
82	3
88	1
97	1
19	2
76	3
52	2
18	2
40	2
2	1
17	1
88	3
5	2
7	1
94	2
87	1
11	2
98	2
34	2
51	1
64	1
59	2
16	1
51	2
56	1
63	2
42	2
76	2
12	3
50	2
65	1
52	2
55	2
77	2
48	1
43	1
5	3
78	1
80	2
78	1
84	2
58	2
93	2
24	2
71	3
61	1
12	1
14	1
14	1
9	3
21	1
23	3
55	1
96	1
33	3
72	1
64	1
45	1
66	1
13	1
44	2
74	1
85	3
24	2
82	2
62	2
34	1
27	1
41	2
25	2
47	1
40	2
77	2
18	1
56	2
81	2
55	2
6	2
45	1
93	2
65	2
80	2
94	1
90	2
31	2
58	1
62	1
39	2
34	5
83	2
90	1
40	1
21	2
38	1
31	1
43	2
88	1
45	4
31	1
15	1
1	1
90	2
21	1
4	2
39	2
47	2
53	2
75	2
35	1
37	1
46	1
12	1
4	1
14	2
42	2
47	2
3	2
8	2
67	1
81	2
100	1
85	1
65	2
24	1
75	1
16	1
43	1
5	1
34	1
32	1
49	2
21	2
17	2
27	3
94	1
92	1
86	2
97	1
38	1
100	1
85	3
37	1
93	1
25	1
63	3
6	1
86	2
14	1
10	1
89	2
51	1
48	2
7	1
85	1
17	1
13	2
51	1
31	1
93	1
73	2
16	1
18	2
8	1
7	1
75	1
71	2
27	1
60	1
15	1
34	2
31	1
35	2
46	1
28	1
24	2
45	2
82	1
44	1
44	1
9	2
97	2
94	1
49	1
13	1
100	1
49	1
43	1
63	1
52	1
29	2
94	1
18	1
38	1
15	1
10	2
51	1
1	1
34	3
49	2
68	1
43	1
79	1
51	1
76	1
35	2
81	2
81	2
2	2
58	2
51	2
90	1
77	2
98	2
43	1
59	2
46	1
79	1
89	2
69	1
83	2
20	1
34	1
60	2
69	2
2	1
39	2
25	1
32	1
29	2
19	1
89	4
92	2
40	5
95	1
96	2
14	4
91	1
18	1
33	2
22	1
58	2
28	1
28	1
55	1
90	2
99	1
41	2
96	3
23	1
44	1
71	2
37	2
8	1
15	2
92	1
78	5
48	1
34	2
21	1
87	1
65	2
39	1
27	1
41	3
27	1
23	1
94	3
10	1
64	1
93	1
11	2
56	3
32	1
37	2
29	2
13	1
60	1
54	1
88	2
91	2
78	2
63	1
23	1
24	1
47	2
41	2
90	1
19	1
38	1
24	2
30	1
63	1
38	1
79	1
61	1
91	1
33	2
13	1
76	1
40	2
4	1
82	5
29	2
66	3
60	2
83	2
77	1
82	1
16	1
43	2
80	1
67	1
89	2
18	1
67	1
41	1
89	2
66	2
26	1
34	1
24	1
78	1
17	5
17	1
70	1
9	1
95	1
64	2
57	1
50	1
41	1
44	2
16	2
98	2
92	2
78	2
4	1
66	1
65	1
52	1
93	2
34	2
90	2
22	1
81	1
69	2
65	1
2	1
74	3
73	2
87	1
84	2
56	2
9	1
31	2
5	1
76	2
63	2
38	2
12	2
11	1
90	1
96	3
59	2
95	1
38	1
84	1
22	1
21	3
62	3
46	1
79	2
7	2
87	3
28	2
65	2
29	1
18	1
50	1
97	2
11	2
28	2
6	2
37	1
82	2
30	2
16	2
49	2
52	2
18	1
84	1
21	2
88	2
92	2
18	1
32	1
74	2
25	1
59	4
10	1
59	1
20	2
98	1
99	4
6	1
79	2
2	1
4	2
41	1
78	4
84	2
89	1
72	1
40	2
26	2
74	3
39	3
61	1
64	1
88	2
79	1
9	3
22	3
21	1
60	2
24	2
10	1
3	2
77	1
15	1
43	3
38	2
85	2
73	1
62	1
69	3
31	2
24	1
41	2
65	4
93	3
94	4
52	1
87	1
91	2
34	1
44	1
18	4
26	2
80	1
3	1
30	2
28	1
36	3
48	1
72	2
40	2
46	2
14	1
74	4
88	2
40	4
83	1
63	2
100	3
46	1
93	2
86	1
80	1
92	1
72	1
71	1
81	1
5	1
51	1
49	1
90	1
72	3
49	2
31	2
27	2
1	2
54	1
43	1
10	1
64	2
49	2
96	2
1	1
74	1
83	1
92	2
14	3
95	1
97	2
62	1
52	1
94	2
52	1
90	1
21	1
94	1
38	2
50	2
42	2
92	2
1	2
47	1
97	1
28	1
65	1
20	1
54	2
24	1
100	1
66	3
17	2
93	1
48	2
43	1
22	1
16	2
68	1
36	4
54	1
9	1
55	2
37	2
44	1
65	1
25	1
67	2
88	2
47	3
5	2
28	2
23	2
48	8
57	1
7	1
1	1
80	1
47	1
14	1
77	2
85	2
59	3
94	1
61	3
86	1
30	2
43	6
8	1
46	1
76	1
27	2
71	2
82	2
22	1
6	2
25	1
3	1
92	1
34	1
88	3
22	2
83	1
73	2
6	1
59	5
74	1
9	1
42	1
64	1
37	2
65	1
63	2
49	1
67	1
10	1
52	2
23	1
95	1
80	2
68	6
32	2
74	3
88	4
82	2
83	1
72	2
35	1
18	2
39	1
68	2
37	1
31	1
57	1
57	1
76	1
26	3
17	2
51	1
18	1
7	2
54	2
51	2
15	2
75	2
51	2
54	3
65	2
50	2
13	1
8	2
82	1
99	2
36	1
7	2
33	3
57	1
95	2
78	1
26	3
14	1
97	1
66	1
55	1
33	1
25	3
6	1
77	1
8	1
6	2
69	2
31	2
28	1
35	1
37	1
60	2
87	1
21	2
21	2
71	1
45	1
97	1
52	1
59	2
37	2
77	2
53	1
81	1
35	2
88	1
26	2
74	1
7	2
68	2
25	1
83	2
36	1
23	2
57	1
98	1
44	1
50	2
33	1
32	2
49	2
91	2
70	4
38	2
61	1
6	1
46	1
6	2
24	1
19	2
9	2
24	1
95	3
4	1
55	1
98	2
7	8
28	3
3	2
4	1
21	1
100	1
53	2
98	3
85	2
7	1
37	5
100	3
55	2
9	2
39	3
63	4
46	1
72	1
59	1
16	1
88	2
49	1
24	2
20	2
15	2
4	2
56	1
33	2
58	1
71	1
99	2
44	2
28	2
97	2
94	2
17	2
78	3
25	2
64	1
12	2
69	1
80	1
22	1
39	2
4	2
79	1
46	3
51	2
89	1
63	1
62	1
67	1
48	11
44	1
86	1
40	1
22	1
83	11
82	1
73	1
33	1
40	3
25	4
55	2
40	1
47	2
100	1
91	2
56	2
58	1
41	2
100	1
20	2
8	2
6	1
38	4
35	2
68	1
70	1
75	2
91	1
13	1
39	2
37	1
41	1
87	1
94	3
46	1
71	1
14	3
89	3
66	2
32	6
85	5
7	2
14	3
32	2
39	1
33	2
16	1
72	1
58	2
92	2
30	4
60	2
42	2
98	5
22	6
43	3
81	1
17	2
3	2
24	3
18	1
20	3
81	1
38	3
8	3
94	1
43	1
32	2
5	1
94	2
9	3
36	1
41	1
35	2
51	3
84	1
66	1
4	1
45	3
88	2
22	3
42	1
38	1
51	1
54	3
23	3
84	2
3	6
61	1
67	1
99	2
83	1
56	6
14	1
80	5
4	5
34	1
17	1
18	3
16	1
63	1
84	3
48	3
21	1
76	1
71	1
40	2
42	2
92	3
47	5
55	2
23	1
95	1
62	7
58	4
86	2
67	2
17	2
7	9
25	9
28	1
60	1
1	2
62	1
7	3
66	1
9	8
53	5
31	3
18	3
95	4
59	1
76	2
78	1
67	2
68	1
49	1
61	3
31	1
44	6
33	7
49	1
1	3
48	2
19	3
70	1
24	1
25	1
58	3
84	1
55	1
18	3
81	1
56	3
3	1
99	2
64	1
79	2
100	4
46	1
47	5
82	7
46	2
20	1
11	1
79	1
58	3
73	1
25	1
1	4
31	3
65	2
98	7
10	3
73	2
71	1
74	3
88	1
62	1
26	2
13	1
94	4
99	2
12	2
97	2
1	3
14	4
22	1
60	1
65	2
90	1
2	1
39	4
87	1
99	1
77	1
68	3
85	2
87	2
93	1
59	1
10	1
62	2
87	3
18	1
4	1
86	2
22	1
45	4
76	4
24	1
57	1
73	3
60	3
88	3
94	2
49	2
70	1
90	2
82	2
59	1
65	1
41	4
19	1
46	1
83	1
50	1
63	7
32	1
85	1
78	1
69	2
37	1
87	1
97	1
84	5
56	5
50	3
86	1
84	1
19	1
56	1
9	3
94	1
93	1
62	2
60	1
48	1
71	1
73	2
6	2
26	3
8	3
9	1
48	1
80	1
14	2
85	2
54	2
13	4
9	1
67	2
8	6
64	2
52	1
97	2
96	1
69	2
2	3
47	1
25	1
18	1
14	1
59	1
84	2
16	3
48	4
12	1
100	1
85	1
14	3
11	3
7	1
15	1
60	2
8	2
40	2
73	2
83	2
71	3
5	2
10	3
19	2
7	3
99	2
72	3
23	1
77	1
13	2
89	1
4	1
55	4
25	3
47	3
61	1
25	1
54	1
16	1
58	1
46	1
16	2
71	1
51	1
72	1
90	1
34	1
60	1
88	1
18	1
95	1
3	1
42	1
56	2
84	2
35	1
20	2
99	1
93	1
41	1
12	1
27	2
23	1
37	1
75	1
95	2
84	1
40	1
9	1
86	1
8	2
73	1
75	1
21	1
72	1
34	2
43	3
31	6
98	1
78	3
73	2
93	2
73	1
32	4
30	1
25	2
42	1
68	3
20	4
86	3
53	2
25	3
82	1
12	1
74	8
55	4
14	6
1	3
82	1
19	1
1	2
52	1
91	2
9	1
59	1
52	2
16	4
58	2
83	1
81	5
63	1
1	2
38	1
65	1
84	1
34	6
25	5
26	1
4	1
77	3
80	1
25	5
8	2
97	2
55	3
97	1
15	1
44	1
49	2
75	1
91	2
69	2
93	3
87	5
80	5
62	1
95	4
11	1
72	3
92	2
35	1
95	1
37	6
5	2
98	1
22	1
38	1
8	10
35	7
31	1
8	1
30	1
82	1
5	5
46	2
30	1
88	1
84	1
14	1
14	1
18	1
51	1
76	2
38	1
55	1
28	1
63	3
17	2
96	2
48	1
72	3
24	1
57	1
88	1
47	3
33	3
39	1
72	5
45	3
27	6
80	3
65	1
11	3
38	1
5	1
99	1
18	1
40	1
34	1
96	3
31	2
96	2
15	2
86	1
79	1
61	2
66	1
4	1
6	1
35	1
29	1
91	1
11	1
73	1
8	6
24	1
100	1
58	1
90	1
76	1
54	6
30	2
61	5
48	1
77	4
33	1
70	1
55	1
52	3
24	3
99	1
100	1
70	2
15	2
51	2
30	1
25	1
75	1
47	2
56	1
59	1
80	2
62	9
61	2
65	1
75	4
35	1
64	3
82	4
66	2
67	6
35	1
58	1
80	1
87	2
79	1
26	1
26	1
43	4
51	3
21	1
73	1
50	3
10	2
13	1
62	7
74	3
74	1
62	1
86	1
92	1
45	2
73	1
4	5
55	2
26	3
83	2
82	4
86	2
15	3
18	2
81	1
76	3
25	1
11	4
37	2
26	2
22	1
3	1
18	1
83	1
36	1
45	5
48	2
61	1
81	2
90	1
25	2
19	1
6	2
11	1
86	2
26	1
39	2
84	2
41	1
2	1
34	4
45	1
29	3
95	1
39	5
73	1
100	1
11	1
23	1
98	2
10	2
67	4
55	1
55	2
19	1
71	2
6	7
84	1
24	1
46	2
13	1
76	1
61	1
69	2
59	1
43	1
94	2
67	1
10	1
43	1
81	1
83	1
31	2
24	1
48	1
19	1
39	1
77	3
84	1
87	1
15	2
10	2
42	2
56	2
49	1
83	2
14	1
66	1
87	1
54	1
62	1
47	1
70	1
3	1
19	1
94	1
22	1
41	1
83	1
17	2
45	1
63	1
68	3
6	1
21	2
88	1
82	1
81	1
8	1
3	1
76	3
60	3
55	3
11	3
100	2
71	1
78	2
6	1
13	1
51	1
21	1
14	2
28	2
5	2
81	1
13	1
59	1
57	2
76	2
2	1
99	1
22	1
5	1
25	1
89	1
49	2
68	1
63	2
8	1
82	1
77	2
48	2
70	1
49	3
76	3
23	1
74	1
1	1
71	2
47	1
3	2
20	3
9	2
17	1
100	2
8	2
96	1
63	1
11	1
13	1
65	2
11	3
82	2
68	2
88	1
63	2
62	1
65	4
15	2
90	1
31	2
93	1
3	3
94	2
70	2
3	2
44	3
76	1
77	1
29	1
61	2
6	1
28	2
96	2
3	2
59	1
85	1
14	1
10	1
4	1
64	1
17	3
72	3
35	2
87	1
11	3
57	1
25	1
90	2
77	1
8	2
80	1
90	1
30	1
51	1
30	1
92	2
24	1
38	1
62	1
73	2
27	1
92	2
17	1
22	1
29	1
32	1
72	1
1	1
24	1
38	2
17	1
51	1
43	1
51	1
16	5
28	1
56	2
44	2
4	1
18	1
97	1
93	1
74	1
73	1
96	1
49	6
91	1
57	2
40	1
41	1
81	1
53	1
90	1
61	2
65	1
30	2
78	1
81	2
18	1
47	1
66	1
30	3
47	2
45	1
96	1
96	1
4	2
64	2
96	1
42	3
53	2
72	1
96	1
81	1
8	1
79	1
75	2
33	2
45	3
62	1
13	2
19	1
57	1
13	1
10	1
63	1
29	1
93	1
90	1
89	1
4	1
74	1
26	3
2	1
35	2
13	1
24	1
15	1
66	2
83	3
37	1
37	1
82	1
40	1
58	1
20	1
47	1
91	1
51	1
94	1
11	1
85	1
90	1
13	1
30	3
29	1
43	1
82	2
98	2
47	1
53	1
68	1
62	1
24	2
5	3
50	1
75	1
48	3
36	1
70	1
58	1
34	1
68	6
28	1
40	1
24	1
43	2
43	1
52	1
68	1
87	1
75	2
2	1
77	1
86	5
6	2
96	1
99	4
6	1
80	2
51	3
41	1
45	1
96	1
53	1
7	5
32	4
51	1
55	2
75	1
77	2
38	2
19	4
39	4
61	3
21	2
24	1
55	1
96	5
67	3
66	4
38	2
6	1
34	2
71	2
3	1
88	3
22	7
76	2
82	2
81	1
51	5
67	2
75	1
59	4
13	3
18	1
25	1
94	1
34	2
18	4
62	4
75	1
62	3
47	2
90	2
2	1
35	1
48	3
34	3
2	1
34	2
100	1
93	10
68	3
8	2
13	2
41	1
3	2
41	1
1	1
80	2
73	2
70	3
74	1
30	1
100	2
97	2
25	1
43	1
66	1
80	1
70	1
17	1
26	1
25	1
38	2
28	1
21	1
81	1
3	1
73	1
26	1
5	1
10	1
46	1
49	1
57	1
97	1
94	1
29	1
99	1
78	1
27	1
26	1
97	1
22	1
34	1
90	3
100	2
88	2
79	3
70	2
58	1
60	1
39	1
25	1
58	1
67	5
53	3
95	2
72	1
69	2
66	1
46	1
62	2
10	1
21	1
78	1
48	2
32	1
77	1
27	1
59	1
21	1
84	1
63	1
35	2
63	1
93	5
18	3
93	2
49	1
58	1
42	1
15	1
95	1
81	1
28	1
13	1
53	1
68	1
55	1
50	2
6	1
81	1
100	1
50	1
37	1
26	1
67	1
54	1
83	2
81	1
25	3
15	1
93	1
96	1
87	1
19	1
87	1
67	1
23	2
85	2
26	1
92	5
3	11
5	2
32	1
99	2
82	2
37	1
98	1
76	1
77	1
29	1
45	1
52	1
63	2
30	1
51	1
84	2
19	1
41	1
78	5
57	2
56	1
89	2
78	1
90	1
10	1
21	2
64	2
26	2
12	1
70	4
28	2
18	1
45	1
47	3
50	2
37	2
49	1
10	1
88	1
31	1
20	1
4	1
75	2
13	1
35	2
100	2
39	3
60	1
27	1
61	1
14	1
85	1
21	1
39	1
97	2
9	1
20	1
3	1
44	2
83	2
49	1
45	2
3	1
26	1
14	1
57	1
82	1
88	1
90	3
13	2
47	1
6	1
85	2
63	2
23	1
59	1
31	2
14	3
10	1
61	1
24	1
50	1
13	1
10	2
67	1
40	1
96	1
34	1
53	2
12	2
45	1
2	1
76	1
7	2
54	3
61	2
40	5
38	2
51	1
54	1
74	1
86	2
90	1
52	2
67	3
21	2
89	1
37	1
37	2
54	1
14	1
24	2
75	3
4	1
60	2
47	1
55	1
53	2
51	2
38	1
24	2
80	2
31	2
28	3
11	2
62	1
46	1
28	1
97	1
98	2
93	1
41	2
75	1
42	2
2	1
95	1
40	1
88	1
42	1
42	2
100	1
80	2
91	2
66	2
43	2
95	1
58	1
33	2
81	2
57	1
57	2
58	1
29	2
18	2
12	2
26	1
13	1
9	3
17	1
94	3
40	1
93	2
75	1
28	3
50	1
40	1
39	2
54	1
94	1
41	1
82	1
68	2
23	1
1	2
53	1
49	2
33	1
88	3
17	1
66	2
56	1
24	3
54	2
13	3
100	1
4	1
70	3
26	1
51	1
35	2
71	1
47	2
76	1
63	2
53	1
63	2
85	1
54	2
15	1
89	2
22	2
98	2
67	1
87	1
53	1
71	2
9	1
78	2
3	2
80	2
68	1
67	2
32	1
94	1
89	2
63	3
26	2
4	2
34	2
60	1
16	1
61	1
99	2
11	2
30	1
60	1
84	1
52	1
49	1
12	3
32	1
98	2
37	1
1	1
95	1
60	2
42	1
85	3
10	1
45	2
90	3
39	2
33	1
40	2
39	1
69	1
29	1
31	1
71	1
87	1
42	1
27	3
18	1
80	1
58	4
21	2
80	1
72	1
1	4
93	2
17	1
13	1
79	1
14	1
25	1
65	2
50	1
5	1
54	1
98	4
8	1
62	1
29	2
50	1
47	1
24	1
7	1
12	2
82	1
85	1
76	2
75	1
92	3
45	2
15	3
59	1
64	2
64	2
4	1
77	2
59	2
17	1
39	1
49	1
4	6
77	5
38	1
8	1
35	1
25	2
50	1
75	3
55	2
9	2
3	1
60	2
37	2
26	6
7	2
95	1
63	3
40	6
27	2
80	4
3	1
13	8
39	2
17	2
29	3
2	3
62	3
44	2
40	1
78	1
100	4
55	4
47	2
14	2
46	5
85	3
1	5
52	1
88	1
35	2
44	6
99	2
49	2
60	2
15	2
34	1
60	2
28	5
38	1
83	3
37	3
35	2
69	1
79	1
5	2
24	3
49	1
9	1
15	1
36	2
56	3
95	1
61	2
26	1
18	2
85	2
79	1
95	3
56	1
55	1
38	2
63	2
99	1
34	1
91	1
46	2
42	9
18	1
66	2
4	1
54	2
90	1
6	3
31	2
9	1
24	1
14	3
84	2
9	2
29	1
91	1
2	1
66	2
38	2
13	2
19	1
28	1
50	1
95	1
97	1
17	2
54	6
9	3
94	1
58	3
21	2
48	2
84	1
40	1
48	1
61	4
21	3
77	1
76	1
3	2
31	2
95	1
49	2
72	1
72	1
16	2
81	2
13	1
80	2
84	1
7	3
97	1
87	1
98	3
100	2
85	2
70	1
13	1
34	6
13	1
18	3
49	2
95	1
14	2
65	1
52	3
45	3
50	4
25	3
45	1
50	2
6	3
60	2
90	2
58	1
49	2
33	1
25	1
10	1
52	3
86	1
100	6
55	2
65	2
100	1
59	2
37	1
21	1
85	3
40	1
63	3
69	1
89	1
26	3
82	2
27	1
84	2
1	1
28	1
73	1
25	1
76	3
46	1
9	1
57	1
25	1
41	3
70	1
90	1
31	1
23	1
94	3
83	1
1	1
63	2
89	1
56	2
49	4
64	2
35	3
57	4
43	1
56	4
78	3
58	1
19	4
16	2
90	1
11	1
12	2
67	1
60	1
68	2
26	2
69	3
2	3
71	2
74	1
7	2
74	1
14	1
48	1
9	1
31	1
31	1
43	2
94	2
70	1
14	1
43	1
7	2
59	1
92	1
7	2
38	1
66	1
77	1
31	1
2	2
55	2
56	2
80	1
3	1
14	1
47	1
50	2
4	2
35	2
43	2
46	1
25	3
34	1
76	1
37	1
26	1
60	1
92	1
85	1
43	1
62	2
6	1
94	2
23	1
56	4
73	1
49	1
16	1
50	1
99	1
19	2
29	1
8	3
20	4
65	4
42	1
2	1
42	3
59	3
27	2
33	5
19	1
48	4
68	2
76	2
34	2
41	1
23	1
33	1
43	3
3	2
28	4
82	1
4	2
84	1
7	2
81	1
2	1
11	1
28	1
34	2
80	1
27	2
25	2
96	3
60	1
3	2
6	1
59	2
76	1
91	1
63	2
11	1
2	2
84	1
58	1
93	1
94	1
91	1
30	1
88	1
87	1
80	2
26	1
53	3
32	1
87	1
65	1
61	2
69	1
98	4
12	2
15	1
61	2
78	2
94	1
31	2
59	2
24	2
99	1
89	1
71	3
28	3
75	4
57	1
32	3
68	3
97	1
4	1
90	1
99	4
51	1
67	1
42	1
97	5
18	4
22	1
15	1
80	2
90	2
31	1
42	1
20	2
84	2
99	1
9	5
60	1
81	1
71	1
67	1
13	1
7	1
29	2
36	1
61	1
95	1
49	1
93	1
78	3
44	1
52	2
28	4
14	1
40	2
29	1
7	1
47	1
28	1
86	1
86	1
91	2
41	5
20	3
59	2
60	2
77	3
57	3
78	1
12	4
58	1
79	3
34	1
80	5
3	1
27	1
15	2
20	3
7	3
39	7
88	3
19	5
12	2
69	1
49	1
62	1
24	1
25	8
17	2
21	3
21	2
59	1
15	1
93	1
16	4
39	3
80	6
20	1
88	1
84	2
23	1
46	2
37	7
55	3
27	1
23	1
26	1
86	1
10	4
14	3
61	2
33	4
64	1
83	1
95	9
92	1
15	2
63	1
59	5
7	2
97	1
36	2
14	2
14	1
2	4
1	4
82	2
54	1
88	2
1	3
6	2
50	2
80	1
23	5
86	3
27	1
63	2
55	1
38	1
99	5
47	1
5	1
35	1
30	1
46	1
7	1
73	1
71	1
73	1
94	1
27	1
91	1
86	1
16	1
13	1
67	1
69	1
44	1
81	2
29	1
54	1
76	3
44	1
29	1
44	1
25	1
95	1
62	1
11	1
7	1
95	1
87	1
48	1
19	1
2	1
53	1
34	1
84	1
78	1
96	2
86	1
94	1
38	1
64	1
84	1
24	1
47	1
41	1
91	1
21	1
10	1
2	1
4	1
24	1
96	4
6	1
43	1
65	1
54	1
80	2
50	1
67	1
16	1
41	1
70	1
53	1
37	3
73	1
38	1
25	1
15	1
19	1
30	1
40	1
63	2
72	1
26	1
11	1
96	1
51	1
15	1
95	1
9	1
94	1
63	1
84	1
49	1
37	1
36	1
12	1
48	1
13	1
20	5
18	1
77	1
32	1
76	1
93	1
46	1
34	1
5	1
89	1
22	5
82	1
5	2
7	1
28	3
77	10
46	6
66	1
66	1
65	3
28	1
29	1
96	1
32	2
83	3
56	2
49	4
13	5
33	5
57	10
91	2
59	1
30	1
10	1
25	1
40	1
36	3
24	2
34	1
86	1
79	6
71	3
81	7
32	2
55	3
25	2
24	1
84	3
58	3
52	1
24	5
86	6
63	3
93	3
17	6
63	6
70	10
74	6
69	2
14	3
44	3
19	1
72	1
23	2
51	11
16	1
70	4
84	9
62	4
80	4
5	1
25	1
75	1
75	1
6	8
17	9
78	1
19	1
93	9
83	3
71	1
69	6
50	2
24	2
80	4
41	3
96	2
10	1
66	1
17	2
24	3
23	6
72	2
55	1
38	2
59	1
86	5
100	1
78	2
50	5
29	2
93	1
59	2
46	1
37	1
99	1
48	1
66	1
66	1
35	2
8	1
63	1
19	1
31	1
88	2
57	1
23	1
91	1
2	3
9	1
51	3
2	1
33	2
68	1
38	2
5	2
46	1
41	3
32	1
64	6
4	1
38	7
72	1
10	1
64	1
62	1
78	1
63	1
82	3
11	1
84	2
16	15
85	2
45	1
32	2
38	4
31	1
64	1
55	1
26	1
95	2
36	2
55	4
85	2
80	2
7	1
14	1
45	3
83	1
18	3
49	1
52	3
34	1
33	1
91	2
10	3
97	3
13	1
46	3
39	3
97	2
93	1
23	2
60	1
77	2
22	2
37	1
8	1
91	2
62	2
49	1
71	1
19	2
100	5
84	2
93	1
39	3
42	1
73	1
70	2
82	1
30	3
16	3
40	1
80	2
91	1
23	1
78	1
48	1
8	2
71	1
63	1
37	1
21	8
8	1
63	2
33	2
59	2
33	2
57	3
50	1
92	2
60	2
16	1
50	1
38	3
76	2
80	5
55	3
73	2
94	2
51	2
31	2
77	3
59	2
26	1
80	1
32	1
90	2
98	2
23	2
62	1
86	3
9	1
45	2
54	2
20	3
67	4
65	2
64	1
27	2
36	1
59	1
98	1
66	3
39	3
82	2
85	2
45	3
11	2
79	3
30	2
67	2
100	1
90	2
11	1
52	4
22	1
64	2
10	1
18	2
69	1
51	3
21	1
3	3
87	1
94	1
30	2
11	2
48	1
44	1
16	2
55	2
9	3
12	2
99	1
69	1
83	1
77	1
18	1
86	1
11	2
72	1
43	2
73	2
34	4
99	1
14	1
41	3
23	2
43	2
84	1
44	1
86	2
21	3
50	1
58	2
88	2
4	1
63	2
72	2
43	1
100	2
27	1
82	3
44	1
74	1
91	1
45	1
89	2
82	2
74	2
50	1
72	1
95	1
80	2
33	1
41	2
81	1
23	1
20	1
90	1
45	1
13	2
7	1
57	1
91	4
78	2
46	2
48	1
34	1
59	3
52	3
1	1
17	2
98	2
89	2
32	3
70	3
73	1
49	2
67	1
14	1
82	1
97	1
100	1
7	1
100	1
8	1
94	1
75	3
64	1
29	2
48	2
95	2
77	1
53	2
34	2
90	3
78	1
96	2
68	3
86	1
64	1
70	1
68	1
99	2
60	1
82	1
28	2
79	2
19	2
98	4
2	1
20	3
25	1
59	1
21	3
62	4
88	1
93	2
28	1
42	1
22	1
45	1
50	2
5	2
59	1
73	1
94	2
42	2
62	5
14	2
95	1
71	1
10	2
40	1
58	1
27	1
55	2
81	2
47	1
25	2
43	1
68	1
44	1
58	3
12	1
39	1
1	2
91	5
76	1
51	2
15	1
16	2
1	1
77	3
85	1
7	1
1	1
67	2
86	2
1	4
50	1
6	1
52	2
12	2
29	1
63	1
92	1
16	1
26	2
94	4
45	2
41	2
77	1
41	2
86	3
62	2
83	1
84	1
66	1
64	2
10	1
89	3
57	1
48	2
47	1
44	1
92	1
36	3
94	2
33	2
72	1
13	3
64	1
92	1
95	1
74	1
33	1
8	1
69	1
71	1
47	2
58	1
1	2
9	1
72	2
24	1
38	1
49	1
35	1
33	1
46	1
85	1
24	2
71	3
99	1
12	1
58	1
39	1
14	2
3	2
92	1
32	1
65	1
86	1
23	1
81	1
77	1
2	1
61	1
96	1
65	1
9	1
28	1
32	1
98	1
81	1
16	2
23	1
47	1
84	1
78	1
41	1
32	1
58	2
66	1
56	1
64	3
5	2
14	3
35	2
26	3
5	2
31	2
74	1
38	2
98	1
72	1
73	1
83	3
99	2
87	1
83	2
21	1
92	1
26	1
50	2
92	1
97	3
84	4
51	2
78	1
88	2
37	1
7	1
94	1
19	2
11	2
33	1
39	1
22	4
53	3
72	1
28	1
70	2
89	1
83	2
67	2
18	6
35	1
74	1
81	2
12	2
93	4
27	2
72	3
51	3
70	4
20	2
89	4
59	3
61	2
94	1
15	2
34	1
39	2
33	2
99	3
62	4
39	3
77	3
39	2
86	2
49	2
56	2
50	2
66	1
59	1
42	4
74	3
78	2
82	1
31	2
5	1
26	2
36	1
57	2
29	2
34	2
2	2
67	1
7	2
14	1
43	1
93	1
29	1
80	1
31	1
45	2
6	1
82	1
24	1
66	2
83	2
81	1
92	2
87	3
83	2
66	2
54	1
93	2
28	1
48	1
86	2
45	1
14	2
83	2
67	1
41	1
51	1
36	1
72	2
