4941
95	3
63	1
74	1
8	1
96	1
37	2
18	1
30	1
77	3
4	3
90	1
49	1
62	1
93	5
18	5
84	1
51	1
37	1
45	2
73	3
44	2
52	1
99	1
52	1
33	1
25	1
17	2
79	1
65	1
75	2
13	2
45	2
56	1
38	1
29	2
91	2
75	4
37	1
26	1
99	1
98	1
84	3
47	3
44	2
37	1
96	1
76	1
63	2
25	1
82	1
13	3
29	2
18	1
11	1
56	1
5	1
83	3
67	1
54	2
96	1
32	2
90	2
35	1
41	1
51	1
16	1
50	1
2	1
60	3
13	3
21	3
67	2
10	2
37	3
48	1
57	2
27	3
90	2
50	2
72	2
4	4
67	1
82	1
23	3
33	1
7	1
4	3
60	2
11	1
32	1
32	1
40	1
37	1
71	1
11	5
38	1
33	2
70	2
24	6
7	2
26	2
13	1
91	1
98	3
72	1
62	1
68	1
12	1
82	1
42	1
29	2
9	3
35	1
79	1
21	1
18	2
51	1
79	1
53	1
93	1
57	2
78	1
6	1
33	2
76	3
82	3
57	1
68	1
19	1
52	7
84	1
37	3
50	1
78	1
95	1
78	2
23	2
80	2
49	2
19	4
41	5
31	3
42	1
87	2
48	2
51	1
59	1
68	1
53	2
63	1
14	2
51	2
99	2
20	4
97	7
22	2
89	1
34	4
54	1
42	1
62	1
84	2
78	1
33	3
48	1
29	1
90	1
1	1
64	1
87	3
9	4
97	2
12	1
79	2
5	1
18	2
63	1
91	3
3	3
25	1
73	1
63	2
36	1
2	1
86	5
11	1
49	2
42	3
40	2
77	2
43	1
63	2
46	3
100	1
79	2
2	1
82	1
16	1
30	1
68	2
58	1
60	3
89	2
69	1
25	1
77	2
42	1
28	4
95	1
39	1
55	1
27	1
55	1
5	1
11	2
50	1
54	2
29	1
13	1
23	1
46	1
8	2
89	2
26	1
65	1
7	2
7	2
7	1
78	1
48	1
87	1
12	1
9	2
34	1
38	2
62	1
6	2
22	1
7	3
28	2
15	4
43	2
70	4
34	1
64	2
40	1
82	2
93	2
43	1
16	1
34	2
67	2
98	6
37	1
87	2
27	1
2	1
75	1
22	2
23	2
93	2
90	2
64	1
17	2
60	1
38	1
60	2
37	2
44	1
61	1
89	1
83	1
8	1
14	1
69	7
69	1
49	1
39	2
91	1
22	5
38	3
96	2
15	5
6	1
8	6
40	3
57	1
91	2
83	1
96	2
43	2
15	1
73	1
6	1
60	1
65	3
39	2
99	1
95	1
63	1
74	1
3	1
75	2
97	1
48	1
11	2
59	2
32	1
31	3
45	2
68	1
91	2
21	3
11	1
97	3
22	3
26	2
3	2
68	3
13	3
94	1
8	2
52	2
34	1
79	1
76	1
39	1
4	1
59	1
27	2
38	3
80	2
75	3
19	2
32	2
60	3
5	1
28	3
9	1
90	1
90	3
85	1
35	1
40	1
2	1
51	2
17	2
6	1
63	1
36	1
6	2
22	3
65	3
67	1
13	2
11	1
73	2
82	2
36	1
51	1
38	1
80	3
82	1
48	1
13	1
41	1
81	1
29	2
14	1
69	1
2	3
79	2
27	1
80	1
33	1
2	1
82	1
28	1
71	3
58	1
62	1
53	2
59	1
91	1
79	4
49	1
43	3
6	1
40	1
34	2
19	1
94	5
68	3
15	4
1	3
77	5
22	6
8	1
14	1
56	1
10	1
24	1
84	4
72	1
67	1
46	5
91	1
89	1
17	3
52	2
80	1
82	2
57	1
33	3
40	2
13	1
45	1
4	1
18	1
54	3
31	4
72	1
42	1
83	1
16	2
78	3
62	1
47	2
53	2
91	1
20	4
44	1
92	2
47	1
73	1
44	4
50	1
75	1
27	2
53	3
92	1
88	1
94	2
75	3
66	2
89	1
20	1
4	3
82	1
23	2
1	2
8	1
33	2
45	2
91	2
5	1
84	1
39	2
78	1
74	1
29	1
83	2
49	1
63	2
87	2
35	2
3	1
41	2
27	3
98	3
86	2
3	1
45	2
49	1
57	1
69	2
87	1
86	3
89	2
68	2
85	2
14	2
95	4
26	2
91	2
91	5
76	2
49	1
38	1
47	1
23	5
31	1
18	1
48	4
68	1
82	1
17	4
95	1
1	1
36	1
47	1
70	2
75	1
95	1
19	4
9	1
7	3
1	3
59	1
83	3
15	1
34	2
62	1
97	1
100	1
8	1
62	1
21	1
99	2
99	1
59	4
61	3
99	1
93	2
13	1
39	1
42	3
61	1
51	2
69	1
42	1
1	1
58	3
91	1
87	1
29	1
100	2
13	1
2	3
59	5
80	1
45	1
20	2
77	2
67	2
72	2
77	4
14	2
44	1
42	2
97	2
78	5
10	2
46	1
96	2
78	4
4	2
100	3
31	2
92	2
77	1
56	4
87	1
87	3
77	1
12	2
1	2
73	1
32	3
73	2
25	2
5	1
28	1
50	1
84	1
55	1
8	3
13	1
35	3
29	1
30	2
36	2
33	2
43	1
77	4
42	3
21	1
80	5
3	1
6	1
74	1
46	1
25	1
31	1
60	2
23	1
3	1
22	4
70	1
51	1
83	1
51	1
90	1
51	1
63	2
30	2
19	1
72	1
84	1
55	3
13	3
83	1
38	3
50	2
19	2
57	1
43	2
57	1
88	1
76	1
67	1
41	1
31	3
32	1
67	4
8	1
66	1
94	1
97	1
14	1
94	2
21	1
76	4
20	1
35	2
69	1
52	2
38	2
74	1
48	6
59	3
18	1
97	1
31	1
5	1
13	1
14	1
38	1
9	2
9	1
4	1
96	1
86	4
90	1
53	1
98	1
44	1
39	2
78	4
38	1
65	1
84	1
82	2
24	1
30	2
36	1
8	1
40	3
15	4
4	1
18	1
82	3
21	1
57	1
93	1
84	2
95	1
39	2
92	1
69	1
45	5
6	4
87	1
98	1
78	1
21	1
54	1
59	1
26	1
24	4
61	1
78	1
30	6
35	1
30	3
94	1
60	2
79	1
96	2
99	1
80	1
71	1
77	4
59	1
96	1
23	1
45	1
64	1
68	2
95	2
53	1
24	1
39	2
62	2
33	1
58	1
35	2
45	1
9	3
64	1
89	2
64	1
37	1
59	1
29	1
54	5
45	2
97	1
34	1
69	1
21	1
77	1
6	1
17	1
29	2
74	1
69	2
54	1
68	2
10	2
68	3
80	1
43	1
96	6
37	6
41	1
42	1
64	1
42	5
65	1
64	5
91	1
27	1
38	2
7	1
93	1
13	2
38	6
4	2
82	1
49	1
1	1
42	2
89	1
49	1
53	1
43	2
44	1
38	1
66	1
31	2
22	5
34	5
1	1
44	1
80	1
7	3
85	1
49	2
32	1
31	1
60	2
31	1
98	4
40	1
16	1
25	3
17	2
99	1
98	2
51	2
37	1
9	1
6	2
99	1
57	1
76	1
57	1
76	1
78	2
17	3
37	1
33	1
2	6
71	3
77	1
27	1
30	1
38	2
96	1
27	1
68	1
21	1
60	1
30	3
62	1
81	1
90	1
52	1
48	3
41	2
46	1
40	3
55	2
14	2
69	2
2	2
43	1
65	3
69	2
43	1
92	1
81	1
40	5
24	2
5	1
14	2
31	5
77	1
86	1
35	1
31	1
43	2
62	1
30	1
52	1
64	2
95	3
76	4
27	2
24	1
62	1
33	4
93	1
29	7
3	1
85	1
3	3
9	1
89	4
97	2
10	2
35	1
56	2
93	2
60	1
17	1
56	1
65	1
62	2
31	1
60	2
49	1
97	2
77	1
99	1
24	3
86	1
16	5
71	1
27	1
28	2
55	1
44	4
84	1
16	1
21	1
32	1
89	1
29	1
12	2
91	2
88	2
97	1
20	3
15	2
49	1
94	1
78	1
25	1
46	2
78	1
68	6
38	1
88	1
21	1
45	1
37	1
90	1
91	1
52	1
12	1
99	1
6	1
93	1
40	1
22	1
7	3
77	2
45	1
14	1
14	1
80	1
46	1
35	1
82	1
92	3
89	1
49	3
70	1
28	2
83	2
30	1
38	2
37	2
74	2
50	2
12	4
42	1
2	1
44	4
66	3
80	3
77	2
52	4
73	2
8	1
79	1
49	2
95	4
1	1
87	1
60	3
83	5
58	1
28	1
23	1
87	1
99	2
33	2
62	2
32	2
65	1
57	3
30	1
49	4
24	2
84	1
36	3
35	3
54	1
45	2
7	1
29	4
47	1
58	3
19	2
28	1
98	1
95	1
39	1
9	3
30	1
96	2
10	3
62	1
96	3
91	2
89	1
58	1
33	1
94	2
3	3
85	1
57	1
31	3
25	1
9	4
82	2
23	1
38	2
7	2
41	1
86	1
20	2
68	4
57	6
54	1
86	1
62	1
20	2
89	2
30	2
50	1
56	3
7	3
7	2
29	1
13	2
33	2
56	1
36	2
65	4
74	2
31	3
44	2
79	7
95	1
84	1
24	1
68	10
36	2
94	2
77	1
78	2
90	1
61	2
49	2
19	1
27	1
10	1
51	3
58	1
48	1
93	1
33	1
52	4
37	2
84	1
55	2
22	2
47	2
25	4
11	1
21	1
96	3
63	1
70	1
95	1
14	1
92	2
98	2
65	1
92	4
99	1
62	2
93	2
6	2
6	2
12	3
57	1
56	2
5	3
91	3
46	2
37	3
1	1
31	1
19	1
66	1
71	2
90	1
86	4
33	1
15	1
69	6
3	3
93	3
53	3
57	2
39	2
86	3
78	2
9	1
90	3
65	6
52	1
76	2
53	1
31	2
3	1
93	2
28	5
63	1
20	2
30	4
63	1
2	3
83	1
88	2
35	1
85	2
10	2
78	1
19	2
32	3
11	1
78	4
60	2
70	4
11	2
42	1
65	1
65	1
56	4
72	2
55	2
79	2
19	3
77	2
15	1
9	4
35	1
67	3
78	3
78	3
38	4
12	1
65	1
54	1
27	4
13	1
84	3
97	3
50	1
90	2
37	1
93	3
84	2
18	2
99	2
52	2
17	2
43	1
91	1
4	1
24	1
2	3
10	4
12	1
76	2
26	1
98	4
83	1
30	1
45	2
98	8
16	4
11	1
98	2
57	1
69	1
72	1
90	1
21	1
91	3
1	3
7	1
87	1
83	1
93	1
47	2
27	1
60	1
24	1
89	1
62	1
64	2
32	1
66	1
6	1
99	4
77	2
9	1
50	1
82	3
22	1
37	3
94	1
89	3
5	2
50	2
39	1
52	1
18	2
25	2
29	2
34	1
83	2
71	2
36	1
27	1
84	2
62	1
10	1
46	1
79	2
33	1
12	1
90	1
56	1
56	2
40	1
93	1
34	11
55	2
71	2
31	1
95	2
35	3
93	4
70	4
27	2
92	1
89	1
70	2
99	1
81	1
66	1
13	1
40	1
21	1
51	3
68	5
94	3
100	2
34	2
9	2
23	2
1	1
86	2
8	2
47	4
74	1
64	1
64	2
56	3
18	6
38	2
2	1
39	2
20	1
75	1
35	1
33	1
60	1
56	1
1	3
6	3
67	1
12	1
77	2
65	2
25	2
30	2
36	1
32	4
91	2
35	1
54	2
59	3
36	2
32	1
69	3
63	2
11	1
16	3
45	1
80	2
85	5
48	1
29	3
78	1
88	1
96	2
83	1
6	2
72	3
59	6
79	4
78	1
98	1
75	1
76	1
64	1
66	1
83	3
45	2
17	1
25	1
24	2
21	1
29	2
71	6
36	1
59	1
89	1
58	1
3	1
20	3
45	2
28	1
83	2
40	2
55	1
14	3
74	10
11	3
78	1
89	1
33	3
79	2
60	3
35	1
69	4
27	1
91	1
45	2
29	2
75	3
99	3
64	2
25	2
74	1
11	1
68	3
66	3
16	1
33	5
38	2
4	2
19	2
21	2
18	2
98	1
87	2
83	8
19	2
28	2
62	1
59	4
34	1
78	2
100	2
99	3
15	2
52	1
100	1
99	2
76	3
65	2
91	6
11	2
55	2
6	3
29	1
96	2
39	1
10	3
34	3
78	3
67	1
85	3
56	3
39	2
79	1
92	4
51	2
83	2
44	1
24	3
3	3
37	1
95	1
82	1
59	1
28	1
43	1
94	1
96	2
28	3
88	3
47	2
76	6
46	1
68	2
95	1
91	2
62	3
30	1
64	3
57	1
16	3
56	2
96	1
45	3
28	1
45	2
73	3
55	5
92	2
90	1
44	3
69	2
64	1
100	2
41	3
71	1
7	2
21	1
80	3
77	1
49	3
33	3
42	1
91	5
14	1
22	2
12	1
14	3
44	2
6	1
22	5
44	2
5	4
82	2
29	6
43	4
32	1
1	1
18	2
9	1
23	1
40	3
24	3
12	1
18	2
4	2
97	2
71	2
63	2
37	4
10	3
71	3
10	1
65	1
14	2
10	5
7	3
73	1
5	2
49	4
5	3
13	2
51	2
3	1
87	1
7	1
22	4
41	1
99	1
57	1
82	1
99	2
70	2
69	1
7	1
97	1
21	3
64	1
96	1
87	2
57	2
81	1
21	2
8	3
78	1
31	2
86	1
98	2
52	1
29	2
35	3
73	1
38	2
30	4
54	6
18	1
61	2
39	1
23	3
1	1
13	5
10	1
64	1
5	1
72	4
29	1
62	1
14	1
89	1
87	3
11	1
55	4
5	2
53	3
42	3
78	1
87	2
8	1
45	8
18	2
48	3
27	1
99	1
11	1
34	3
84	1
4	1
16	1
34	2
87	4
24	1
84	1
55	2
12	1
54	2
20	3
79	2
62	2
37	1
19	1
73	2
18	2
91	3
37	1
4	2
54	1
91	1
89	1
80	2
97	2
33	1
86	3
65	1
39	2
24	2
74	1
10	1
72	2
76	2
27	2
83	2
10	1
68	3
22	3
50	1
32	2
37	2
44	1
68	1
53	2
90	1
91	2
70	5
50	2
74	1
28	2
7	2
32	2
87	2
73	2
23	2
21	2
24	2
12	1
49	2
38	1
43	2
88	1
94	4
8	2
16	1
74	2
73	1
100	1
10	1
99	2
79	1
96	3
35	1
49	1
75	3
73	1
66	3
80	2
1	1
25	2
75	2
42	2
55	3
9	1
16	1
52	2
78	2
99	1
58	2
46	2
34	2
1	2
30	1
10	2
19	2
49	3
36	1
91	2
82	2
57	1
58	1
42	1
7	1
50	1
88	2
48	2
65	1
75	2
79	2
27	2
22	2
90	4
17	1
98	1
84	1
99	1
66	2
80	1
33	1
40	1
76	2
96	1
38	1
86	3
6	1
66	1
92	1
35	1
39	2
62	2
89	2
67	1
53	2
31	2
78	1
8	2
61	2
46	1
24	2
18	3
47	1
7	1
90	2
50	1
76	2
2	1
23	1
75	4
69	1
63	5
78	1
51	5
24	3
40	3
31	2
80	1
40	1
19	1
31	1
8	1
82	1
27	3
32	1
31	1
57	2
46	2
15	2
24	2
96	1
38	1
19	2
6	1
7	2
90	2
95	2
100	1
10	1
81	2
26	1
93	1
56	1
67	2
38	1
61	1
52	1
62	2
18	1
32	3
95	3
18	2
23	1
17	1
42	2
77	1
64	2
52	2
59	3
41	2
60	2
80	1
2	3
85	1
12	2
48	3
42	2
98	1
81	2
99	1
67	1
44	4
45	2
1	1
64	1
51	1
46	2
86	2
75	3
18	3
90	2
47	3
81	1
98	2
14	1
86	1
24	1
14	1
75	1
22	2
59	1
13	2
54	1
50	2
72	2
69	2
84	1
96	1
10	1
25	1
93	4
8	1
91	2
87	1
87	2
56	1
32	1
48	2
70	1
68	1
16	1
5	2
2	2
64	2
97	2
39	1
2	1
57	2
66	3
62	5
55	2
48	1
36	1
27	1
92	1
49	1
82	1
58	2
53	2
99	1
13	1
90	1
86	2
10	2
92	1
7	1
39	1
37	2
49	1
83	1
9	2
50	3
37	1
26	2
80	1
90	2
64	2
10	1
80	1
3	1
42	1
69	1
63	2
58	1
20	1
54	1
76	2
18	1
62	2
52	1
22	1
37	1
75	2
37	2
17	2
77	2
48	2
41	1
54	3
72	1
95	1
100	1
80	2
33	2
16	3
86	1
81	2
26	1
20	1
13	2
6	2
45	1
37	1
67	2
36	1
62	2
15	2
51	2
35	2
86	1
22	1
39	2
46	2
13	1
83	1
53	2
65	2
92	1
34	1
91	1
48	1
2	2
69	2
7	2
38	1
53	2
15	2
65	3
11	1
77	2
53	1
80	1
25	1
18	2
81	1
79	2
15	2
41	1
84	2
86	3
43	2
37	5
33	1
69	3
82	1
88	1
73	2
51	1
90	1
7	2
31	1
2	2
70	1
80	1
93	1
30	1
7	1
44	2
19	1
34	2
56	1
85	1
39	2
28	1
6	1
3	1
76	2
85	2
50	1
1	1
81	1
29	1
100	4
78	3
35	4
21	1
35	2
21	1
92	2
6	1
87	2
37	1
63	2
58	1
37	3
7	1
92	1
56	1
59	2
13	1
100	1
35	1
39	1
12	1
55	2
31	1
76	1
2	1
92	2
6	1
21	2
97	1
99	2
7	2
89	1
1	3
5	1
27	1
42	3
76	3
6	1
89	1
78	1
74	3
1	1
49	2
43	1
84	1
52	1
49	1
62	1
33	2
36	2
60	1
48	1
25	1
93	1
37	1
54	1
91	1
41	2
78	1
39	1
76	1
56	2
82	1
78	1
34	2
24	1
42	3
79	1
75	2
82	1
45	5
73	2
93	1
77	1
48	1
83	1
5	1
52	1
54	2
52	1
41	1
83	1
98	2
3	3
85	1
83	2
71	1
16	1
71	2
32	1
11	3
46	2
4	1
4	1
25	2
48	1
82	3
3	1
44	1
2	1
89	2
60	2
42	3
73	3
23	1
35	2
74	1
99	1
28	2
87	2
61	3
72	2
68	2
24	2
31	1
42	1
61	1
81	3
32	2
18	1
12	2
38	2
35	2
15	2
42	2
17	2
38	2
47	1
66	2
20	1
94	1
66	2
67	2
8	2
2	2
56	1
29	2
51	3
81	2
77	1
17	2
27	1
37	2
11	1
94	3
98	1
44	1
45	2
65	2
63	2
28	1
84	3
11	2
23	3
50	2
16	2
47	1
23	2
18	2
86	2
68	3
1	1
2	1
76	1
48	1
85	2
56	2
87	4
53	2
8	1
11	2
23	1
68	2
93	2
82	1
47	2
16	1
63	2
44	2
36	2
76	1
22	2
39	1
48	1
21	1
96	2
33	2
93	1
66	2
36	1
18	4
48	3
32	1
50	1
100	1
70	1
56	1
9	1
3	2
36	2
66	1
7	1
4	2
49	1
87	3
69	2
17	2
36	2
30	1
75	3
74	2
8	1
39	2
27	1
28	1
16	1
97	2
43	2
24	1
70	2
75	2
65	3
57	4
92	1
90	1
68	2
14	1
96	2
47	4
96	2
37	3
20	2
37	1
85	2
5	3
22	2
95	1
75	1
39	2
90	1
35	1
42	1
35	1
3	1
12	2
8	1
14	2
32	1
92	2
62	1
74	1
80	2
22	1
72	2
23	2
87	1
21	1
57	2
69	1
88	1
61	2
27	2
25	2
76	3
79	1
17	1
72	2
24	2
53	1
52	1
59	1
35	2
70	1
34	1
54	2
70	1
20	2
92	1
58	2
64	1
55	2
40	2
79	1
23	3
10	2
9	1
16	2
99	2
38	1
75	2
56	3
9	1
91	3
23	2
18	5
88	1
66	2
2	1
94	2
27	1
51	1
74	1
30	2
55	2
55	1
10	1
24	7
89	1
17	1
18	1
97	2
10	2
84	3
9	3
87	1
31	3
22	1
7	3
28	1
22	1
41	3
97	1
1	1
81	1
48	2
55	1
56	2
61	2
75	1
20	1
56	1
50	1
6	1
83	2
68	3
20	1
36	2
23	2
52	3
57	3
53	1
98	1
75	1
51	2
79	1
14	1
19	2
14	2
22	1
62	2
100	1
96	1
48	3
75	1
72	3
2	1
94	1
84	1
9	1
73	2
55	1
24	2
4	2
2	1
32	1
65	1
95	2
22	1
29	1
92	4
31	1
29	1
96	1
48	2
50	3
94	2
10	2
29	1
5	2
38	2
96	3
71	1
66	2
31	1
40	1
99	1
19	2
98	1
42	1
21	1
17	1
99	2
82	7
92	1
61	1
26	1
35	4
98	1
40	4
47	4
54	1
53	1
75	1
38	2
47	2
11	1
76	2
93	1
39	2
47	1
17	1
7	2
20	1
3	2
83	1
94	1
45	1
61	2
100	1
39	2
12	3
13	1
61	2
97	1
41	1
50	3
67	1
59	2
59	2
100	2
62	1
29	2
92	1
29	1
43	1
89	3
19	2
93	1
57	1
30	4
84	1
57	2
34	3
91	4
29	3
36	1
35	2
48	1
57	2
69	1
47	1
5	1
61	1
96	3
86	2
18	1
55	1
74	2
89	4
83	1
57	1
59	1
35	1
17	1
34	3
42	1
45	1
98	1
94	5
74	1
70	1
3	1
64	1
16	2
43	1
73	2
20	5
91	1
89	2
49	1
48	3
6	1
39	2
49	1
48	2
63	2
64	1
92	1
93	1
83	3
9	1
86	2
90	2
86	1
87	2
52	1
27	2
77	3
12	1
48	3
98	1
27	1
27	1
92	2
29	1
57	10
33	2
68	3
70	1
52	1
90	8
93	3
64	1
84	1
98	5
85	2
93	1
8	3
32	1
41	1
25	3
100	3
92	1
31	3
76	1
21	3
37	2
85	2
38	2
26	7
52	6
31	1
72	1
15	1
89	1
67	3
4	5
73	1
90	1
60	1
38	3
82	1
96	1
74	2
87	1
69	3
61	5
33	3
92	3
91	1
58	2
96	1
28	1
8	1
24	1
33	3
98	1
86	3
85	1
78	4
10	6
64	4
100	1
57	2
47	4
23	1
57	4
16	2
39	4
4	3
93	1
74	6
54	2
87	7
70	3
64	1
66	1
4	2
75	1
56	3
59	1
76	1
1	1
2	1
70	3
52	1
93	4
56	3
35	1
88	1
9	4
86	2
78	4
91	1
1	1
24	1
28	1
78	1
93	2
18	3
84	4
28	1
97	4
25	1
28	4
39	6
63	1
62	1
65	2
43	2
49	3
28	1
16	1
8	5
83	6
74	7
98	7
97	1
35	1
30	7
85	2
49	3
96	2
38	3
13	3
29	10
45	1
42	1
12	1
20	1
78	2
16	1
45	4
22	2
86	3
92	1
22	2
69	1
2	3
30	1
38	2
79	1
66	1
46	3
73	1
75	5
61	1
77	1
7	2
87	2
52	4
13	1
21	1
91	1
91	2
40	1
29	3
65	10
42	1
75	2
78	1
67	3
43	3
46	2
93	5
92	2
13	9
70	1
41	1
7	1
31	3
62	2
68	4
5	1
40	1
26	3
31	2
7	5
87	2
74	5
88	2
28	1
74	3
34	1
60	1
97	2
38	1
100	2
88	5
17	2
86	3
97	2
85	1
90	3
59	2
55	3
80	1
99	1
82	5
19	2
23	1
82	1
24	3
68	1
41	2
91	1
77	1
94	1
93	2
85	2
50	2
50	2
24	1
86	1
83	1
97	4
70	3
69	2
14	1
8	3
24	2
32	2
88	2
13	1
12	1
84	3
87	5
93	3
84	5
66	2
33	2
22	2
95	1
47	2
82	1
14	1
4	1
8	1
74	1
23	2
21	1
1	1
42	6
21	3
23	1
42	2
52	1
9	1
57	1
55	1
60	1
94	1
17	1
6	1
74	1
78	2
86	2
5	3
22	6
4	1
12	1
3	1
12	3
61	1
17	4
58	2
87	1
43	2
5	1
44	2
27	1
75	1
50	2
43	3
5	3
19	3
94	1
82	1
35	1
74	1
61	1
30	3
34	3
1	1
71	1
19	2
16	2
61	2
25	7
92	1
100	1
48	2
34	2
51	1
75	2
22	6
6	2
34	2
75	2
29	5
30	1
94	1
93	1
14	1
61	1
97	1
18	1
58	1
76	3
22	2
31	1
90	3
50	2
27	1
57	2
20	1
55	1
36	1
24	1
63	1
58	1
48	1
54	1
30	1
12	1
35	1
50	1
82	2
47	1
74	2
15	1
93	1
10	1
67	1
81	1
69	1
39	2
64	4
21	2
25	1
48	1
30	1
83	2
47	1
22	1
87	2
64	1
9	1
11	1
10	2
4	1
80	3
46	5
38	1
40	2
1	2
73	1
35	1
92	2
39	1
4	2
54	1
8	3
45	2
37	3
61	1
84	1
87	3
88	1
98	8
38	5
66	8
80	2
16	1
85	1
88	2
30	1
59	1
55	2
60	1
61	1
35	1
64	2
76	1
49	5
78	3
22	1
47	1
94	1
76	1
19	1
18	3
56	2
89	1
31	3
52	1
20	5
38	1
11	1
86	2
85	1
44	1
57	1
59	1
3	1
32	3
48	2
21	3
28	5
12	5
9	4
52	2
54	1
62	4
1	4
75	1
13	1
95	2
12	1
71	1
38	2
39	2
54	5
40	3
19	1
91	1
66	1
58	1
83	4
35	1
70	1
72	3
78	1
51	1
70	1
55	3
26	3
43	1
3	1
12	1
85	1
4	2
47	2
73	3
32	1
64	2
67	1
36	1
52	1
85	5
11	2
79	3
35	4
19	2
7	2
13	3
35	1
44	3
29	1
14	1
74	4
13	1
15	2
88	1
38	2
86	2
66	2
87	2
36	2
40	1
86	2
84	1
72	1
5	1
47	2
11	1
98	1
64	1
23	1
77	6
26	3
59	1
77	1
90	1
50	1
58	3
85	2
59	1
20	4
7	2
32	1
39	1
40	1
92	3
5	2
26	3
81	1
73	1
82	1
21	1
95	1
70	1
70	1
38	5
43	1
60	2
60	1
7	10
3	4
66	3
66	3
41	1
27	2
55	1
78	2
91	3
56	1
54	1
92	1
19	1
34	1
13	1
79	1
45	1
17	1
44	1
4	1
81	4
100	1
90	1
62	3
49	1
44	1
94	1
45	1
21	2
93	2
23	2
52	1
56	1
80	2
54	1
86	4
66	3
21	2
61	1
39	1
2	1
15	2
68	3
11	3
88	1
73	1
26	1
29	4
44	3
31	1
44	3
83	2
100	1
15	1
40	1
73	2
34	1
40	1
97	1
42	1
54	1
95	4
90	2
64	1
83	1
33	2
62	2
86	1
73	1
25	1
53	1
5	2
88	4
92	4
46	3
73	1
50	3
82	1
93	2
75	1
90	1
5	7
74	1
64	1
91	1
10	1
41	1
33	1
10	1
17	1
60	1
6	1
7	2
100	1
83	1
78	1
34	1
23	1
25	1
57	1
29	1
61	1
32	3
50	1
21	1
48	4
58	3
42	1
91	2
66	1
71	3
96	1
78	1
15	1
7	2
68	1
89	1
57	1
73	1
13	2
27	1
26	1
64	1
99	1
63	2
78	2
11	1
89	3
43	1
41	2
74	1
89	1
40	1
34	1
6	2
57	3
58	3
67	1
52	2
27	1
80	1
48	1
30	1
82	2
91	1
25	1
34	2
29	1
13	1
37	1
13	2
1	1
79	2
43	1
83	3
44	2
26	1
9	1
31	1
30	2
64	3
36	1
71	2
22	2
30	1
5	2
55	3
12	1
76	1
14	1
75	1
25	1
100	1
6	1
74	1
2	2
42	1
87	1
53	1
51	2
22	2
76	1
65	2
12	1
44	1
50	1
82	3
22	2
10	2
15	1
67	1
21	2
57	8
23	4
70	1
43	2
81	1
18	3
8	3
84	1
6	1
21	1
11	1
72	1
74	1
4	1
7	1
99	2
34	1
24	1
46	1
46	2
87	2
22	1
96	2
44	1
43	2
39	2
11	1
25	1
53	1
75	2
55	1
73	3
45	1
95	2
65	1
20	1
6	1
96	1
99	1
53	2
60	1
45	1
6	1
5	2
49	1
68	3
55	4
43	1
92	1
45	1
28	2
11	1
58	2
86	2
49	1
100	1
34	1
29	1
65	5
100	2
67	2
69	1
10	1
24	1
100	1
61	1
84	1
12	1
80	1
100	6
40	1
88	1
47	1
63	1
53	2
28	1
80	1
44	2
59	1
94	1
87	1
88	2
76	1
15	3
53	1
35	3
17	2
16	2
43	1
77	2
91	1
18	1
4	1
62	2
80	2
23	1
8	1
88	1
66	1
42	1
19	2
61	2
50	2
1	1
5	2
39	1
86	3
16	2
69	1
3	1
32	1
66	1
91	1
26	1
58	1
25	1
94	1
63	1
12	2
87	2
93	1
62	1
85	2
18	3
54	1
5	2
49	1
27	1
27	1
47	1
22	1
13	1
60	1
11	1
42	1
39	1
74	1
63	2
77	2
14	1
4	1
66	1
93	1
43	1
48	1
7	1
63	1
84	1
98	2
45	2
43	1
25	1
82	1
25	2
71	1
91	2
60	3
78	1
52	4
75	1
12	2
19	2
52	1
100	1
100	1
39	2
26	2
9	2
2	5
69	1
75	2
98	2
19	1
90	2
51	1
20	1
96	1
41	1
93	1
99	4
84	4
86	2
4	5
20	2
31	7
81	1
52	1
90	2
57	4
92	2
94	2
22	1
1	5
40	4
53	1
89	1
80	2
49	2
19	1
40	2
60	1
5	6
1	3
33	1
77	2
17	4
86	2
12	1
3	2
31	1
41	1
95	1
44	1
55	3
62	5
15	6
65	2
36	4
66	1
26	2
43	2
64	3
83	4
67	7
78	5
44	1
16	1
42	8
32	1
25	2
41	3
18	4
11	2
73	1
73	2
69	1
92	2
96	3
11	1
11	1
10	2
10	2
43	1
88	3
46	1
19	1
51	1
94	1
41	1
88	1
68	3
81	1
93	1
86	1
41	1
43	1
54	1
79	1
54	1
22	1
77	1
88	1
75	1
92	1
2	1
81	1
40	1
81	1
92	1
38	1
65	1
85	2
35	1
18	3
28	2
90	3
78	1
88	1
13	1
71	1
62	1
36	1
67	1
88	4
33	2
93	2
9	1
71	2
44	2
35	2
26	1
80	1
57	1
10	1
97	2
84	1
87	1
63	1
86	2
15	1
76	1
70	3
89	1
31	5
27	2
55	2
46	2
10	2
52	2
71	2
52	1
11	1
76	1
43	1
23	1
34	1
17	1
86	4
95	3
88	1
37	1
77	1
28	1
84	1
58	1
32	2
12	3
50	2
14	3
52	1
54	1
38	1
92	1
26	1
43	3
12	1
7	1
13	3
78	1
66	4
53	9
47	1
90	2
3	1
93	1
91	2
94	1
67	1
3	1
24	1
60	1
76	1
74	2
53	1
35	1
38	2
18	3
3	1
85	2
61	1
14	1
26	2
32	1
44	3
87	1
83	3
53	1
64	3
49	1
30	1
89	3
21	1
7	3
64	2
31	1
19	1
80	2
3	1
87	1
100	1
65	1
23	1
91	1
95	3
6	3
73	2
95	2
52	2
20	1
44	2
43	1
46	1
10	1
36	1
46	2
73	2
69	1
78	3
84	2
50	1
48	1
35	1
20	2
47	1
52	1
41	1
55	1
68	1
86	2
12	2
43	2
44	1
82	1
22	1
46	2
6	1
98	1
91	4
77	1
7	1
30	1
74	1
86	2
100	2
49	1
6	1
98	1
53	1
74	1
95	1
50	1
16	1
91	1
67	2
46	3
95	2
72	5
10	1
61	1
28	1
71	2
51	1
85	1
46	2
82	1
29	1
92	1
33	1
53	3
49	1
23	1
76	1
15	2
51	2
46	1
88	2
14	1
84	2
45	1
9	2
74	2
60	1
85	1
99	1
42	1
39	2
94	1
11	1
51	2
35	1
43	1
65	2
63	2
10	3
81	1
85	2
7	2
23	3
88	1
31	2
68	2
98	1
87	2
21	2
72	3
37	1
80	2
26	1
53	1
50	1
5	1
91	2
82	1
53	1
33	2
3	1
56	1
66	3
11	2
30	2
45	2
52	1
19	1
66	1
63	1
8	1
53	1
81	2
14	1
55	1
68	2
50	1
60	1
16	1
5	1
56	1
63	1
72	1
87	1
8	2
56	1
20	1
16	2
42	2
85	1
79	1
57	3
78	2
47	4
38	1
89	1
51	1
3	1
37	2
63	1
41	3
11	1
26	2
12	2
7	1
67	2
99	1
64	1
90	2
20	2
64	1
23	2
11	4
88	1
65	1
95	2
68	2
17	1
34	1
64	2
75	4
76	2
56	1
52	2
53	1
24	1
79	1
82	1
23	1
40	3
19	2
97	2
42	2
83	1
45	3
15	1
32	1
96	2
85	2
85	1
18	2
6	1
6	2
88	3
8	1
20	3
64	3
15	2
80	1
80	2
100	2
95	1
39	1
70	2
88	2
13	1
66	2
4	1
8	1
3	5
22	1
44	2
37	2
94	3
12	3
92	1
70	1
93	1
79	1
36	1
20	1
23	1
69	1
8	1
22	4
95	2
32	1
32	1
100	2
36	2
50	1
25	1
65	2
84	1
32	2
62	1
66	1
88	1
14	2
13	2
4	1
82	1
97	1
7	1
90	4
11	1
21	1
15	1
4	3
33	1
16	2
90	1
33	1
70	1
71	1
85	2
89	2
13	1
31	1
84	1
12	2
63	3
81	1
70	1
26	2
23	1
99	3
77	2
88	3
29	2
28	6
35	4
31	7
4	4
69	2
85	3
33	3
65	1
28	1
100	6
87	1
98	2
85	3
67	2
72	2
81	3
13	1
18	1
18	1
56	3
59	2
19	3
38	1
55	1
68	2
22	1
28	1
42	1
96	2
84	3
7	1
21	1
36	3
14	2
62	2
91	1
60	1
63	1
43	1
66	1
24	2
67	1
57	2
63	2
20	1
23	1
67	2
97	3
85	3
6	2
30	2
18	4
9	1
37	1
50	2
65	2
40	1
23	2
91	1
52	2
88	2
40	2
20	2
7	1
49	3
2	3
12	2
70	1
51	3
24	1
12	2
24	2
71	3
99	1
88	2
75	1
75	1
80	2
53	2
50	2
49	2
82	2
73	1
33	1
9	2
27	2
95	1
70	2
53	2
79	4
69	1
66	1
71	1
89	1
82	3
28	2
92	2
42	1
12	2
91	2
29	2
91	2
24	2
41	1
32	2
19	2
75	1
95	3
80	1
72	1
72	2
42	1
59	4
78	2
9	1
41	2
90	1
65	2
43	1
88	1
27	4
25	6
41	2
50	1
53	2
84	2
23	2
38	1
60	1
3	2
88	1
58	1
74	1
89	2
78	1
93	6
33	2
56	1
88	1
48	2
29	2
16	1
7	2
84	1
72	1
39	2
80	1
35	3
69	1
24	1
50	2
53	1
85	2
10	2
17	2
63	2
39	1
100	1
35	1
16	1
72	3
17	2
1	1
60	1
26	1
70	2
51	1
13	2
81	1
58	1
31	1
46	4
50	3
66	1
79	6
93	2
86	5
52	2
12	2
58	3
46	1
67	1
48	3
82	1
5	1
29	1
10	3
7	2
18	3
46	1
57	2
97	1
99	3
80	1
63	1
50	2
64	8
55	1
47	2
44	1
26	1
37	2
46	4
46	2
20	1
63	2
82	1
70	1
11	2
42	2
87	1
33	1
59	1
65	2
75	2
60	2
84	1
36	4
44	1
95	2
76	1
38	1
20	1
41	2
9	2
3	2
76	3
48	2
75	1
44	3
76	1
1	1
51	2
39	2
21	1
8	2
42	1
57	2
57	1
43	1
30	1
11	1
84	1
43	2
26	1
11	2
41	1
60	3
99	2
89	1
36	3
66	1
93	1
90	2
18	3
65	4
80	1
8	1
37	4
73	1
40	1
15	1
46	1
74	1
77	4
62	2
58	3
40	1
1	2
3	1
64	2
21	1
94	2
59	2
29	2
43	1
66	2
51	2
84	1
6	1
38	2
71	1
45	2
49	2
43	1
67	1
69	2
1	1
66	1
43	1
94	2
66	1
95	1
21	1
92	1
89	2
44	2
76	1
72	1
37	1
26	1
72	5
93	1
8	4
35	2
55	1
36	2
38	2
40	1
59	2
87	1
60	1
57	1
21	1
11	5
46	1
63	1
83	1
44	3
16	2
92	3
57	1
94	3
60	4
7	1
16	1
16	1
74	5
62	4
4	1
3	1
13	1
69	3
24	1
88	1
42	4
14	4
10	5
48	4
44	1
91	1
99	2
85	1
30	1
18	1
23	7
37	1
90	1
85	1
69	1
56	2
55	3
11	1
80	1
90	2
64	3
33	2
86	1
33	1
67	1
4	3
23	1
27	1
45	2
76	3
87	2
26	2
4	1
61	6
94	3
57	2
30	5
70	1
10	2
34	3
5	1
17	2
30	3
90	1
6	6
91	1
100	6
36	1
4	4
38	2
98	1
58	1
87	1
46	2
30	8
24	3
20	2
64	3
34	1
79	1
69	1
82	4
36	1
24	2
18	1
41	1
59	1
46	1
77	3
45	3
73	2
43	2
59	1
97	1
10	1
31	6
43	3
99	1
86	1
74	1
86	1
21	9
63	1
42	1
60	4
97	2
6	1
81	1
97	4
56	1
52	1
37	1
55	1
28	3
60	2
46	1
66	1
41	2
36	1
20	3
20	6
83	3
7	1
40	3
92	3
62	1
86	3
88	1
84	1
31	2
68	1
39	1
93	1
14	1
13	1
79	1
100	1
60	1
76	1
62	1
47	1
9	1
72	1
75	1
15	1
97	1
32	1
68	1
14	1
8	1
65	1
62	1
98	1
74	1
73	1
39	1
61	1
54	1
47	1
86	1
84	1
47	1
69	1
42	1
46	1
60	1
34	3
78	2
95	1
56	1
38	1
37	1
45	1
30	1
69	1
56	1
49	1
18	1
68	1
50	1
8	1
27	2
35	1
76	1
54	1
95	1
78	3
41	1
72	1
65	1
36	1
43	1
25	1
52	4
18	1
57	1
63	1
70	1
38	1
77	1
28	1
82	3
53	1
79	1
43	1
67	1
66	1
14	3
20	1
34	1
18	1
66	1
76	1
80	1
31	1
55	1
26	1
15	1
61	1
5	3
87	1
33	1
31	1
46	1
14	1
39	1
24	1
15	1
90	1
63	5
50	2
30	1
5	1
57	1
37	3
20	6
84	1
31	2
1	8
64	2
58	1
49	1
57	1
31	1
58	3
66	1
62	1
86	5
91	8
34	4
56	1
7	1
8	1
5	2
13	1
26	2
74	2
3	3
37	1
76	1
78	2
57	3
40	1
56	2
36	2
61	1
94	3
34	3
4	1
61	2
10	2
89	2
11	3
14	1
24	4
97	11
34	1
91	1
95	3
54	2
38	1
77	1
33	3
36	7
99	2
55	6
85	1
44	4
86	3
94	1
97	1
13	1
43	1
6	4
4	9
23	1
26	1
76	7
60	5
98	1
10	6
18	2
99	2
41	5
69	7
49	2
76	4
99	2
20	1
11	2
16	6
17	1
83	1
2	2
7	2
52	3
7	1
62	1
82	2
45	2
87	2
19	2
59	1
37	2
74	2
1	1
84	1
33	1
61	2
60	2
89	1
34	1
31	1
51	1
48	2
14	1
41	1
1	4
53	3
28	2
35	1
70	1
49	1
84	2
40	1
79	1
5	2
74	2
59	1
99	1
23	3
93	1
47	1
13	1
29	1
81	1
73	2
81	2
4	1
82	2
10	5
22	2
24	1
100	1
23	3
89	1
13	1
60	1
25	1
15	2
16	1
67	5
97	2
61	1
14	1
95	2
53	3
40	1
15	5
59	1
41	1
86	1
31	2
17	1
20	1
59	3
29	2
27	7
76	2
78	3
80	1
16	2
92	1
9	2
98	2
47	3
17	1
96	2
28	1
53	3
46	2
87	1
39	4
99	1
52	1
7	1
100	1
15	2
80	2
49	1
93	2
20	2
79	1
7	1
78	3
6	2
73	1
96	2
8	3
77	1
74	3
94	1
8	1
68	1
35	4
69	2
15	1
88	2
54	2
52	1
5	3
5	1
100	1
40	2
50	2
70	1
3	4
100	1
74	1
54	3
35	3
87	3
13	1
42	3
67	2
100	1
1	1
52	2
7	2
11	2
11	1
32	1
46	2
28	1
50	3
27	3
54	4
84	1
38	2
35	2
70	1
79	1
37	1
26	3
24	3
3	2
19	5
100	2
69	2
35	3
11	2
5	1
77	4
33	2
65	1
69	3
100	2
9	1
80	1
82	2
74	1
90	1
74	1
60	1
19	2
63	2
6	1
44	2
55	2
47	1
42	3
5	2
18	3
80	1
51	1
4	1
1	1
19	1
33	1
68	2
23	1
79	1
97	2
61	2
49	3
22	1
78	1
34	3
43	2
95	1
26	1
20	1
43	2
52	3
68	1
78	2
50	2
70	1
82	3
97	2
41	1
24	2
95	1
64	2
70	3
33	1
60	1
25	1
42	3
30	2
95	1
98	1
19	2
42	1
49	1
35	2
59	1
10	1
15	1
94	2
34	1
35	2
78	2
48	3
87	1
79	1
87	1
29	2
95	2
10	1
11	3
87	4
53	1
25	2
20	4
56	2
44	1
50	5
1	1
43	1
77	1
71	1
48	1
73	2
20	2
40	1
77	3
2	1
21	1
100	1
48	1
49	1
97	1
15	2
99	1
35	1
29	2
90	2
4	2
22	2
95	1
9	2
39	1
56	2
40	1
3	2
62	2
30	1
1	3
6	1
5	1
25	4
44	2
14	3
28	1
74	1
100	3
97	2
43	1
50	2
59	1
22	3
55	1
29	1
99	1
57	1
73	2
89	1
47	2
15	2
40	5
49	2
21	2
30	1
49	1
49	1
82	1
78	2
73	2
94	2
39	1
74	3
83	1
78	1
19	3
55	3
83	1
50	1
100	3
70	1
61	5
58	2
40	2
30	1
44	2
82	5
77	2
96	2
21	1
39	1
69	2
50	2
48	1
10	1
33	1
50	1
48	1
34	1
97	1
50	1
90	2
73	4
39	2
76	3
93	1
2	1
11	3
15	1
53	1
61	1
54	1
77	1
73	1
92	2
77	1
61	2
25	1
83	1
53	1
25	2
28	1
9	1
29	1
100	2
51	1
18	1
27	1
62	1
9	1
68	1
98	1
55	1
14	2
88	1
99	2
15	1
91	2
15	1
50	1
4	1
31	1
61	1
68	1
55	2
26	3
64	1
55	2
97	1
7	1
85	1
49	1
82	1
26	1
61	1
66	1
79	1
90	1
4	1
12	1
36	1
85	1
65	1
17	1
58	1
49	1
79	1
45	1
39	1
59	2
96	1
68	1
72	1
65	1
65	1
38	1
66	2
98	1
64	1
94	1
88	1
66	3
91	2
25	3
83	1
81	4
60	1
5	2
56	1
10	1
49	2
71	3
20	2
47	4
34	3
55	1
83	1
39	1
34	1
54	1
50	3
47	1
85	1
44	3
23	2
11	1
100	1
37	1
1	1
54	2
76	1
58	1
32	2
34	1
63	1
86	3
77	2
25	1
86	2
53	4
72	6
31	1
44	1
94	2
55	2
81	3
6	1
43	1
86	1
7	3
19	2
64	7
75	2
57	1
7	2
71	1
72	2
53	1
73	3
63	1
92	3
12	4
86	1
38	2
33	1
23	2
39	2
47	2
25	1
76	1
63	3
12	2
100	3
6	3
61	4
54	1
15	2
53	1
22	2
23	2
38	2
5	1
82	2
93	1
57	1
40	1
66	2
58	1
19	1
40	1
34	1
35	1
61	1
100	1
32	2
88	2
18	3
49	1
47	1
56	1
60	1
74	1
50	2
42	2
45	1
50	2
30	1
79	2
26	1
24	1
4	2
78	1
55	1
72	2
