4941
87	3
92	4
6	1
86	1
40	1
28	2
10	1
64	1
45	1
38	4
23	1
30	1
86	1
9	5
51	2
63	1
91	1
1	1
86	2
56	2
85	2
89	1
45	1
15	1
82	1
30	1
25	4
30	1
51	1
64	1
69	1
93	2
32	1
58	1
30	2
94	5
100	6
59	1
86	1
84	1
82	1
23	5
24	1
67	2
93	1
78	1
60	2
24	5
14	1
59	1
46	3
8	2
39	2
92	2
95	2
95	2
92	1
33	1
72	3
92	2
81	2
77	2
42	2
34	1
82	1
49	1
49	1
28	1
26	5
14	2
98	3
48	2
28	2
8	3
31	1
15	2
24	4
55	2
91	2
24	1
33	4
55	1
32	1
71	2
4	1
81	2
44	3
43	2
59	3
22	1
5	1
5	3
26	3
46	1
47	5
44	3
45	1
11	2
83	7
89	1
17	1
88	2
100	1
34	3
35	2
52	3
90	2
20	2
14	4
88	1
37	1
43	3
81	1
62	1
38	1
49	2
23	4
17	1
21	1
32	3
5	2
47	1
90	1
66	3
34	4
20	2
83	1
55	1
19	1
78	8
70	1
62	1
14	1
65	1
81	2
93	1
83	1
83	3
56	1
80	5
52	1
63	2
12	1
1	1
85	1
39	1
56	2
97	2
30	1
6	1
9	1
99	1
89	2
16	5
33	1
37	1
45	2
74	3
16	1
86	1
4	1
57	2
76	1
83	1
65	1
19	1
39	2
69	1
1	1
75	1
82	1
21	2
10	2
81	2
20	1
28	1
42	2
38	1
40	3
78	3
9	1
82	2
16	1
77	1
85	5
49	2
63	2
43	1
14	2
1	1
41	2
61	2
16	1
55	2
18	1
11	2
79	2
76	1
93	6
10	1
56	1
46	1
30	2
93	1
11	1
80	6
73	1
37	5
90	2
42	1
75	3
37	1
96	1
99	1
68	1
17	3
69	1
96	1
2	2
93	1
33	1
67	1
64	1
92	1
98	1
11	2
90	1
78	1
63	1
25	2
36	2
9	2
8	2
54	1
44	1
73	1
21	3
81	1
93	1
40	3
10	3
15	1
1	3
87	2
67	1
97	1
57	4
10	1
8	1
24	5
12	2
28	1
86	4
72	3
84	1
21	1
13	1
95	5
78	1
80	2
97	1
50	4
80	2
68	1
25	2
91	1
87	2
71	2
81	1
2	1
5	1
61	1
60	1
34	1
41	1
85	1
89	1
41	2
96	3
60	3
98	4
59	2
23	4
8	1
75	3
19	4
83	1
99	2
39	1
31	1
98	3
19	1
52	1
58	1
66	1
70	4
70	1
99	1
8	4
47	1
66	2
64	1
48	3
42	1
99	1
20	2
42	4
85	1
96	1
91	1
63	3
28	4
39	1
28	2
83	2
32	3
43	4
48	1
9	3
80	1
16	1
54	3
89	1
1	1
85	1
49	1
54	1
35	3
53	1
41	1
92	3
34	2
71	1
28	1
25	3
90	3
9	4
48	3
85	1
33	1
42	1
72	1
8	3
38	2
72	2
98	1
6	2
49	1
16	1
59	1
86	4
80	4
94	3
43	3
27	3
51	5
7	2
15	2
32	1
77	1
34	3
70	2
57	5
67	1
98	1
11	1
72	2
30	2
21	2
96	2
99	1
66	2
72	1
75	1
84	1
61	1
77	1
60	1
1	1
56	1
51	1
33	2
60	1
92	2
86	4
78	1
36	2
92	1
75	1
65	2
21	1
78	1
56	2
81	5
16	1
5	1
53	6
92	1
51	1
43	1
21	1
23	1
15	7
67	1
84	1
50	2
9	2
52	1
68	4
71	2
19	1
53	1
16	2
87	5
79	1
54	1
1	1
59	1
95	1
7	2
61	2
82	3
87	2
84	1
17	3
41	2
32	3
10	1
88	2
14	3
78	3
21	4
47	2
49	1
8	1
71	3
63	2
88	2
36	3
6	3
76	1
91	2
90	2
55	3
48	2
47	2
90	1
59	1
50	1
29	3
13	1
77	3
2	1
75	2
87	1
93	3
78	3
21	3
87	1
97	2
46	2
63	1
62	2
24	1
31	3
19	2
51	1
70	1
63	3
41	2
28	1
14	1
20	1
73	1
61	2
44	1
15	1
94	2
30	1
38	2
20	3
2	1
55	2
74	1
19	4
69	2
3	2
51	1
21	1
32	1
47	5
91	1
32	3
89	4
52	1
20	1
87	4
93	2
96	1
14	2
36	1
12	2
68	1
12	1
41	3
21	2
70	2
48	2
47	2
62	2
67	1
73	6
7	1
97	1
87	1
68	1
96	1
12	1
44	1
3	1
18	4
71	5
37	4
89	2
58	1
85	2
35	3
28	1
26	2
95	1
38	2
86	1
44	5
100	1
72	2
23	2
28	3
28	1
62	3
51	6
70	2
95	1
95	2
97	3
51	1
37	1
8	6
25	2
71	5
89	2
77	2
82	3
55	2
71	2
29	1
40	1
59	1
54	2
8	1
30	2
44	1
50	2
91	1
5	2
49	3
6	2
8	1
32	1
1	1
82	2
27	4
79	1
7	1
94	2
85	1
76	3
92	1
82	1
50	2
95	2
82	2
26	1
92	4
51	1
10	6
72	2
5	1
77	2
85	1
76	2
97	1
52	1
27	2
22	1
22	6
77	1
21	1
44	3
10	1
55	1
30	1
59	1
28	1
96	1
9	4
37	3
74	1
44	1
25	1
32	3
86	2
53	1
62	2
69	1
42	1
42	1
100	2
56	1
39	1
43	1
74	1
55	1
70	1
50	1
68	1
96	1
93	1
10	1
96	1
76	1
52	2
60	1
74	5
30	1
18	3
63	1
6	2
41	1
71	1
25	7
23	2
94	1
19	1
20	1
32	1
4	3
69	1
86	1
82	2
5	1
90	2
94	1
40	3
21	3
77	1
100	1
16	1
18	1
48	2
1	1
36	1
66	1
22	1
97	1
69	2
7	1
24	3
4	4
86	3
25	2
73	1
65	2
20	4
26	1
70	1
50	2
33	2
13	1
17	1
62	2
63	5
46	5
71	1
1	1
76	1
22	1
100	1
40	3
19	1
38	1
43	1
46	3
53	5
33	1
19	1
57	1
65	3
71	1
2	2
48	1
47	1
29	1
7	4
68	1
36	1
13	1
95	2
57	1
20	1
67	1
87	1
23	1
76	3
42	1
15	1
6	1
58	1
62	1
5	2
40	1
38	6
70	1
66	4
79	1
70	1
75	7
20	3
11	1
93	3
24	1
41	1
71	1
14	2
65	1
64	3
9	1
60	1
85	1
59	1
62	3
11	4
36	1
36	2
29	6
50	2
86	1
32	1
43	1
91	2
66	2
62	5
7	1
56	2
99	1
5	3
94	1
48	2
97	2
27	3
11	1
76	2
69	1
56	3
55	3
17	2
52	1
46	1
4	1
49	1
18	1
61	1
69	4
93	3
91	1
42	3
47	1
100	1
76	3
78	2
53	2
2	6
76	2
66	1
51	3
80	1
20	2
83	1
52	3
56	1
98	2
46	1
66	4
62	1
4	1
22	1
37	4
64	1
21	1
91	1
95	1
95	2
66	1
57	1
56	2
11	1
13	1
52	1
58	2
70	1
56	1
69	1
18	4
3	2
64	1
65	3
19	3
76	1
88	2
53	1
97	1
99	2
76	1
39	1
66	1
93	2
55	1
64	3
96	1
15	1
15	4
70	1
90	7
69	1
29	1
71	1
40	2
38	1
70	5
47	2
39	1
60	2
4	1
70	1
93	4
11	3
66	1
44	5
76	2
83	6
37	1
33	1
25	1
91	5
49	2
33	3
80	3
33	2
66	2
35	2
89	1
70	3
28	2
13	1
77	1
11	3
100	1
40	1
65	1
22	1
71	3
1	1
45	3
37	1
38	2
72	3
19	2
83	1
6	2
53	5
42	1
46	1
6	3
68	2
19	3
36	1
94	1
94	1
24	1
52	1
5	1
90	1
68	2
73	2
19	1
54	1
40	2
56	1
87	1
19	1
64	1
45	3
41	1
47	5
21	2
76	1
24	1
100	1
41	1
63	1
49	1
22	1
18	1
37	1
3	1
61	1
9	1
75	1
48	2
17	2
74	1
44	1
61	3
40	1
20	1
11	1
74	1
60	2
12	1
99	6
2	4
32	3
17	2
63	1
82	2
83	3
74	1
3	2
73	2
86	1
100	4
64	4
31	1
67	3
70	2
56	2
77	2
85	1
96	1
60	4
29	1
83	2
71	2
88	2
83	1
39	2
73	1
58	2
28	1
45	3
41	1
72	2
90	1
13	2
54	2
65	2
65	2
87	1
35	2
83	3
51	1
2	1
27	3
25	1
87	2
55	3
24	1
96	2
85	1
1	2
32	3
23	1
63	2
83	1
35	2
18	1
90	1
59	2
82	3
25	1
56	3
47	1
8	2
44	2
1	4
81	2
61	1
80	1
64	5
24	2
31	1
34	2
17	2
39	2
26	2
18	1
46	5
12	4
57	1
97	1
50	1
93	2
32	1
37	2
37	1
96	2
57	2
38	3
24	1
23	2
43	1
34	1
55	3
92	1
3	3
71	4
17	2
66	7
38	1
46	2
17	1
41	3
73	2
98	1
10	2
48	4
59	2
43	1
29	1
75	1
22	1
87	1
12	2
89	1
57	2
24	1
78	1
98	4
98	3
1	2
15	4
11	9
81	2
90	1
40	1
92	1
14	2
3	1
33	3
74	1
29	1
66	4
65	2
12	1
10	2
21	1
12	1
54	2
89	2
6	1
63	7
92	1
79	1
53	1
89	2
4	2
79	3
78	1
83	1
56	4
1	1
69	1
12	3
8	2
68	1
79	1
62	1
58	2
68	6
2	2
92	3
28	5
73	10
64	1
94	4
100	3
99	6
9	2
45	2
13	5
29	2
94	1
65	2
81	2
65	3
43	1
87	1
25	10
74	4
19	2
11	3
12	1
41	1
71	1
89	1
96	1
78	1
11	5
93	2
25	1
73	1
65	1
88	1
23	2
29	3
28	1
62	1
51	1
63	2
38	1
56	1
24	1
74	1
26	1
24	1
27	2
20	2
60	3
31	1
67	1
78	1
1	2
37	1
92	2
24	3
6	1
13	3
15	1
62	4
8	2
45	1
37	2
76	4
22	3
81	1
69	1
86	2
48	2
25	2
77	1
71	3
83	1
62	2
74	1
41	3
63	1
15	2
1	10
95	2
100	1
14	2
85	9
42	2
25	1
75	2
17	1
34	2
81	1
100	3
21	1
34	1
28	1
83	2
42	2
54	1
8	1
61	1
18	2
77	2
19	1
43	2
48	3
38	4
75	1
81	1
80	2
31	3
18	2
87	1
93	1
4	3
59	1
45	4
70	2
70	1
75	1
27	3
93	5
50	1
53	3
14	1
49	1
92	1
8	2
29	2
22	1
5	1
99	3
7	1
73	4
8	4
93	1
69	2
2	1
3	1
53	3
91	1
60	1
70	2
11	2
72	2
33	4
63	4
28	2
51	1
50	1
98	2
96	2
78	2
89	1
55	4
48	1
45	1
26	3
79	2
16	1
20	2
77	2
31	1
56	2
55	2
43	1
98	2
70	2
87	1
6	2
2	3
38	3
13	6
64	1
3	1
92	3
30	1
9	1
23	1
46	1
20	1
80	1
78	5
43	2
11	1
8	1
5	1
62	3
60	1
59	1
7	3
88	2
69	3
1	1
59	2
19	2
85	2
98	1
52	3
29	4
92	2
26	2
81	1
65	2
16	2
6	1
73	1
63	1
89	1
84	1
12	1
81	2
52	3
62	2
22	3
17	2
26	1
12	2
33	1
50	2
99	1
75	2
100	3
63	2
3	5
90	2
52	6
61	2
100	2
10	2
64	1
37	3
19	3
99	1
24	2
4	1
59	2
96	2
66	3
49	2
60	1
81	9
60	3
65	1
19	3
83	1
51	2
74	2
19	2
25	11
77	3
19	1
57	3
45	3
75	3
89	1
83	2
96	4
13	2
57	1
86	3
64	2
62	1
10	5
14	3
25	2
65	2
76	3
8	2
42	1
65	1
20	2
50	3
93	2
28	2
45	5
41	1
53	2
97	2
86	3
51	2
3	2
5	3
35	1
50	1
98	2
5	5
13	1
85	2
68	3
6	1
28	2
71	3
52	3
98	2
81	3
50	1
63	1
14	1
70	2
25	1
29	3
36	2
35	1
49	1
83	1
17	1
52	1
43	2
59	1
43	1
40	1
74	1
98	1
52	1
54	2
86	2
57	2
78	3
93	1
49	2
80	3
37	2
5	2
90	1
23	3
1	1
77	3
16	1
17	1
41	3
95	5
55	2
98	3
46	4
10	2
69	1
60	1
76	1
88	3
78	2
98	3
23	2
56	2
99	3
57	3
94	1
68	1
54	1
36	2
59	4
45	1
86	1
84	1
19	1
78	2
84	1
26	3
100	2
48	1
5	1
89	5
59	1
3	1
74	2
63	3
35	6
63	1
63	1
32	2
20	1
29	2
88	1
12	3
86	3
38	2
68	5
93	2
34	2
90	1
84	1
95	2
10	3
89	2
54	2
5	1
34	1
79	3
86	2
60	2
53	1
65	2
27	1
98	3
55	1
71	1
90	1
60	1
73	1
23	1
73	2
2	2
59	3
30	4
21	4
18	2
90	2
45	3
43	2
28	2
80	2
88	2
66	1
20	1
47	3
15	2
68	1
80	2
99	1
73	2
3	3
96	8
76	2
8	1
34	1
16	3
84	3
34	5
53	3
90	1
46	3
74	4
23	1
42	2
15	1
91	2
8	2
8	2
79	3
1	2
1	2
29	1
22	2
88	5
67	1
78	3
32	5
29	1
56	1
26	1
36	1
38	2
7	1
26	1
64	1
100	3
94	1
52	1
43	1
93	2
16	1
25	2
21	7
5	2
76	2
98	1
51	1
54	1
84	1
93	2
56	2
64	2
72	1
20	1
6	2
79	2
82	2
73	2
60	1
81	1
59	1
46	1
17	1
65	1
81	2
47	1
1	2
41	2
77	1
42	3
71	2
7	2
74	2
57	1
56	1
20	2
67	2
23	1
15	1
35	7
48	1
35	3
95	2
75	1
34	3
56	2
87	2
8	1
41	1
98	2
53	1
62	1
34	1
6	2
26	2
47	4
25	2
24	2
7	1
93	3
66	4
47	1
62	1
65	2
22	3
50	1
30	2
45	2
50	1
63	3
94	2
48	1
93	2
88	2
22	1
94	2
80	1
91	5
98	1
95	1
68	1
44	1
59	2
12	1
43	1
84	2
86	2
54	1
6	2
80	1
73	1
18	1
13	1
44	2
15	2
80	1
35	1
31	1
63	1
5	3
20	1
93	2
23	2
35	2
90	4
11	1
87	2
17	2
87	1
12	3
51	1
83	1
18	1
33	1
59	2
89	2
77	3
36	1
30	1
83	2
36	1
85	1
72	1
25	1
13	2
11	3
83	1
51	1
9	2
32	2
73	1
98	2
4	3
4	1
2	1
3	2
30	2
12	1
40	1
62	2
28	4
67	2
16	3
62	1
4	2
44	2
16	1
77	1
25	1
3	2
17	2
67	2
96	1
2	2
70	3
39	1
39	1
59	3
25	2
82	1
69	1
56	1
69	1
7	2
15	1
23	2
19	1
32	1
19	1
53	1
100	2
36	2
99	2
95	1
19	1
55	1
5	1
75	1
98	2
18	2
43	1
47	3
81	1
30	1
15	1
38	2
24	2
3	2
19	2
1	2
26	1
28	1
69	1
55	2
83	1
31	1
64	2
41	2
7	2
94	1
4	2
87	1
56	4
5	2
91	3
15	1
12	1
97	2
95	2
50	3
28	2
58	2
9	2
39	1
21	1
40	4
67	2
55	1
20	2
99	1
16	2
77	1
6	1
11	1
76	1
30	2
92	1
98	1
37	2
18	2
19	1
33	2
88	1
58	1
98	1
68	1
21	2
44	4
68	1
79	1
66	2
98	5
98	1
8	1
82	1
43	1
38	1
37	1
18	1
35	2
3	5
32	2
49	1
53	2
81	1
12	1
42	2
54	1
8	2
78	1
90	1
41	1
99	3
56	2
76	2
82	2
96	2
4	2
41	2
12	1
39	1
19	1
84	3
72	2
85	1
83	2
20	2
56	2
53	2
37	1
5	2
9	1
36	1
95	2
68	2
48	1
81	2
39	2
90	2
58	2
10	1
51	1
16	1
51	2
69	2
99	1
57	1
24	3
70	2
19	1
76	1
48	1
84	3
72	2
47	1
98	1
74	1
88	2
6	1
60	2
77	3
98	2
68	1
29	1
90	1
78	1
65	2
74	1
62	1
73	1
78	2
19	1
70	1
43	1
48	2
48	2
63	3
61	1
17	2
19	1
39	1
24	2
73	2
4	1
45	2
98	1
98	1
77	2
74	3
94	1
73	2
97	1
90	2
17	1
49	1
65	1
35	2
91	2
88	1
96	2
73	2
58	1
9	3
42	1
58	1
55	1
32	2
69	2
60	2
80	2
76	1
48	2
35	2
72	2
35	2
57	2
60	1
33	1
53	2
54	2
65	2
91	1
59	3
69	2
49	1
31	2
95	3
38	2
67	1
54	1
76	1
63	1
77	2
7	4
73	2
38	6
20	1
33	2
91	5
100	1
1	1
67	2
11	1
28	2
64	1
81	2
43	1
79	2
91	1
99	1
49	5
52	2
68	1
49	2
36	2
53	1
34	4
35	1
74	6
73	2
94	1
80	2
1	1
7	2
99	1
57	2
93	1
18	4
95	2
74	3
18	1
70	1
96	1
48	2
65	2
9	2
77	1
47	1
50	1
71	1
10	2
98	2
39	3
66	1
85	2
68	1
64	1
57	1
93	1
79	1
28	3
19	2
80	2
85	1
70	1
81	1
86	1
85	2
97	1
10	2
41	1
86	1
17	1
67	1
50	5
70	2
89	3
33	2
5	1
48	1
23	1
56	1
58	1
85	1
95	1
86	2
74	1
95	3
65	1
51	2
63	1
43	2
59	1
18	1
43	3
40	2
45	2
26	1
40	2
7	1
7	2
72	2
14	2
73	1
32	1
97	1
46	2
44	1
66	1
71	1
29	2
77	1
62	1
26	2
15	2
38	2
75	1
4	1
27	1
71	1
3	1
3	3
5	2
57	1
58	2
82	1
93	1
11	2
64	2
6	1
20	2
51	1
56	1
87	1
34	1
92	2
23	1
89	2
92	1
1	1
75	1
87	2
43	3
73	1
38	2
36	1
25	1
55	2
43	1
14	1
49	1
65	1
50	1
2	1
49	1
42	3
87	1
42	1
29	1
39	1
49	3
27	2
63	1
57	1
74	3
33	2
78	2
45	1
1	1
20	2
99	1
76	1
44	1
69	1
35	1
42	1
84	3
60	1
1	2
55	2
89	2
99	1
40	2
44	1
40	2
93	1
79	2
26	2
88	1
47	2
5	1
9	1
56	1
38	3
87	4
85	3
35	1
92	1
78	2
17	2
2	1
59	1
28	1
3	3
82	3
90	1
88	1
79	1
18	2
2	2
12	2
31	2
21	2
71	2
61	2
18	1
100	1
95	2
64	1
94	1
49	1
35	1
85	1
83	1
81	2
9	2
22	2
89	1
65	2
43	1
1	1
91	2
88	5
79	3
85	3
47	2
59	1
21	1
46	1
100	1
38	1
69	1
51	1
4	1
71	1
43	1
6	1
71	1
70	1
95	1
25	3
39	1
74	1
29	1
13	2
97	2
87	1
61	2
74	1
55	1
62	1
68	2
35	1
11	2
91	2
10	1
50	2
1	1
7	1
94	1
60	2
22	1
8	1
87	1
98	1
29	1
94	2
26	2
38	2
84	1
97	2
46	1
41	2
21	2
78	2
71	2
56	1
34	4
73	2
48	2
65	1
30	2
76	2
38	1
47	1
44	1
13	4
41	5
38	6
5	1
27	1
51	1
66	2
49	2
60	3
60	2
75	4
33	1
100	2
18	2
90	2
41	1
53	1
60	2
94	2
4	2
38	3
54	2
94	1
92	3
1	1
28	2
96	1
81	4
82	7
93	1
11	1
77	1
66	1
5	2
99	2
31	2
66	2
90	1
89	1
63	1
89	1
68	2
1	2
79	2
97	2
57	1
7	4
74	1
21	1
36	1
89	1
59	2
2	1
16	1
33	2
83	3
19	1
5	2
53	2
5	1
57	1
60	3
98	3
39	3
14	2
40	2
40	2
8	2
50	1
86	3
53	2
55	2
21	1
94	1
97	1
74	1
63	1
19	1
69	2
29	2
31	1
35	1
70	1
14	1
17	1
53	2
19	1
91	1
21	3
16	1
35	1
21	1
25	1
9	1
48	1
78	1
61	1
100	1
58	1
49	2
65	8
42	1
63	1
78	1
21	3
51	1
34	6
55	3
62	2
7	1
4	1
39	1
1	2
46	1
4	3
32	3
99	2
54	1
9	2
96	2
77	1
35	1
69	2
72	2
4	2
91	3
67	1
75	1
19	2
76	2
66	2
89	1
84	1
30	1
26	4
73	1
23	2
63	1
100	2
73	1
17	2
66	1
96	5
1	4
12	2
36	2
35	1
97	1
22	2
61	2
3	1
100	1
96	2
20	1
53	1
2	2
59	1
55	2
59	2
20	1
82	1
51	2
34	3
37	1
25	2
54	1
86	3
55	3
20	2
28	1
19	1
44	4
48	1
83	3
4	1
28	3
60	2
5	2
77	1
100	1
42	1
31	2
11	2
8	1
11	5
53	1
68	1
10	2
45	7
73	1
97	2
36	1
82	2
52	2
85	2
62	2
9	2
5	1
29	1
100	1
51	1
72	1
51	2
85	1
76	2
46	2
13	2
31	2
25	1
56	1
37	1
34	2
9	1
15	11
3	3
32	3
21	1
75	1
87	7
69	1
19	1
85	1
99	2
78	2
100	2
31	3
2	2
33	2
6	1
51	5
17	1
65	3
88	1
12	3
49	2
87	1
98	5
50	8
89	4
70	1
12	1
25	1
68	3
75	1
60	3
85	1
11	1
18	3
91	3
24	1
13	1
57	1
33	3
58	4
37	2
10	1
79	1
13	2
46	3
23	2
16	1
34	1
7	1
77	3
31	5
87	4
62	1
6	5
53	2
68	1
42	1
89	2
66	5
70	1
92	3
68	3
50	3
85	1
3	2
56	5
65	2
29	1
89	1
24	3
48	1
82	1
71	1
14	3
71	4
99	1
27	1
21	1
19	3
84	1
22	1
6	3
33	1
15	1
67	5
13	3
81	5
56	3
65	1
39	2
3	1
1	1
3	3
9	1
81	3
93	4
82	2
39	1
84	6
86	2
44	1
69	3
45	1
75	8
44	2
47	1
2	2
31	9
71	6
28	1
30	6
5	1
23	1
29	7
1	3
60	4
16	4
19	1
3	9
20	6
11	1
48	1
17	1
20	2
16	5
91	3
19	1
11	5
42	1
99	2
57	2
37	1
90	2
84	1
53	2
42	1
21	1
78	3
70	1
77	1
44	3
85	5
65	4
7	3
86	3
100	1
14	1
65	1
96	1
99	1
3	4
14	10
32	1
64	1
40	1
37	1
10	1
48	1
15	6
33	2
10	1
45	4
72	2
30	1
9	1
66	2
19	3
38	1
22	3
50	5
45	1
95	4
58	2
32	4
100	1
76	1
100	3
36	1
82	1
38	1
45	1
53	3
86	12
65	1
94	1
71	1
52	2
48	1
10	2
34	3
47	1
70	1
81	4
68	1
22	2
4	1
64	1
82	2
49	1
59	1
12	1
36	1
45	2
25	2
65	2
15	3
70	3
12	1
92	3
12	4
88	2
32	1
74	3
51	5
62	2
68	1
37	2
89	1
37	1
87	3
26	1
68	2
88	5
45	1
58	1
44	1
75	1
48	7
91	1
22	1
7	1
78	1
43	1
28	1
34	1
84	4
18	3
53	2
81	1
36	5
10	1
88	1
10	2
36	1
85	1
4	3
50	1
39	1
50	1
75	2
32	3
93	1
60	2
58	1
47	1
31	1
75	4
43	2
4	4
36	4
88	1
32	1
24	5
33	2
39	1
8	2
17	2
23	2
45	2
69	3
24	1
98	1
68	1
86	1
71	3
11	1
63	2
50	1
15	1
59	1
90	2
27	3
17	6
34	1
80	2
56	2
52	1
57	1
98	1
94	6
66	3
81	1
50	3
66	5
12	3
73	1
93	1
59	1
52	3
22	1
46	1
38	5
35	1
20	3
91	2
3	5
20	2
36	1
64	2
37	1
28	2
28	1
60	1
80	1
30	1
47	1
83	1
71	1
82	1
4	1
54	1
80	2
92	2
46	1
19	1
30	2
43	1
17	1
95	1
17	3
49	4
98	3
51	1
3	1
62	2
55	1
63	3
93	1
52	1
9	2
72	1
67	1
99	1
71	1
31	4
69	5
54	1
66	1
39	4
87	2
74	3
19	1
31	1
42	1
1	1
4	2
91	1
89	3
5	1
35	2
50	3
18	3
21	1
59	3
2	1
11	8
43	3
63	1
40	1
55	1
57	1
15	3
33	1
88	1
17	1
76	4
77	1
22	1
79	4
56	2
81	5
7	1
94	1
48	1
76	1
28	4
64	2
30	1
48	3
85	1
91	5
83	2
56	1
64	1
87	1
65	1
88	1
94	3
91	1
18	3
47	2
1	1
39	4
58	3
100	4
2	2
5	1
57	4
39	2
45	1
42	2
97	3
32	1
61	1
35	2
92	2
75	1
42	4
74	1
50	1
44	1
15	1
35	5
11	1
94	1
51	3
16	1
67	1
40	1
72	2
9	1
6	1
59	1
47	1
98	1
57	3
99	1
41	3
45	1
11	2
58	1
76	1
11	1
23	3
20	2
28	3
61	4
62	3
80	1
55	1
56	3
19	3
85	1
91	1
14	1
18	1
13	2
96	1
86	3
77	1
65	1
85	1
36	1
96	2
6	2
45	3
12	1
18	1
77	2
76	1
61	1
62	1
37	1
100	3
79	2
78	1
83	1
20	1
12	1
38	5
16	1
29	4
48	3
26	8
58	1
66	1
45	1
96	3
88	1
6	3
27	1
61	1
49	2
79	3
46	1
76	1
1	1
91	4
53	1
76	2
68	1
33	3
72	4
96	4
26	3
28	1
35	2
13	4
19	1
94	3
11	1
28	1
76	1
11	2
85	1
95	1
30	1
67	1
6	1
63	1
66	3
87	3
30	2
35	1
41	6
64	2
1	1
14	1
9	1
61	2
13	2
49	1
81	2
95	2
33	3
72	1
47	4
99	3
60	2
25	2
65	1
55	4
31	1
94	3
43	3
37	2
60	2
49	1
4	4
29	1
99	1
87	2
14	2
74	1
73	1
25	3
37	1
55	1
99	3
59	1
5	2
100	1
83	4
55	1
42	1
27	1
38	1
90	1
1	1
24	3
12	1
62	1
31	2
19	1
15	2
27	1
75	2
34	2
26	1
48	3
74	1
11	1
38	1
62	3
14	1
62	1
37	1
77	1
43	1
100	1
76	1
80	2
4	2
59	2
53	1
51	2
31	1
90	1
13	2
9	1
88	1
3	1
98	1
46	3
74	1
49	1
75	5
50	3
94	2
10	1
66	2
24	1
74	2
16	1
16	2
64	1
47	1
82	1
45	1
35	1
24	2
70	1
64	1
28	1
80	1
54	2
2	1
93	1
42	1
12	1
85	1
63	1
42	1
78	1
71	1
8	1
47	2
96	1
48	2
66	2
65	3
76	1
49	2
44	1
80	2
99	1
82	2
98	1
57	1
61	1
39	1
76	2
96	1
47	2
47	2
22	3
83	3
80	1
17	1
25	1
77	2
64	1
35	1
85	1
40	1
73	1
16	2
66	1
20	1
55	1
28	2
80	1
25	1
45	1
81	1
40	1
43	1
19	2
68	1
24	1
100	1
88	2
44	1
79	1
21	1
32	1
12	2
61	3
21	2
28	1
77	1
10	3
22	2
100	10
83	1
99	3
70	1
2	1
95	3
80	1
64	1
14	2
26	3
63	1
83	1
99	1
9	1
30	1
40	1
23	1
3	2
8	2
11	2
89	3
40	1
71	1
84	1
30	3
62	1
55	2
33	1
2	4
13	2
28	1
63	3
78	1
75	1
41	1
98	1
94	1
49	1
44	1
52	2
41	1
68	1
8	1
52	2
97	1
44	1
20	4
26	1
23	1
86	1
89	1
96	1
75	1
3	2
28	1
46	1
71	1
66	1
17	6
39	1
34	1
89	1
41	1
54	1
17	1
30	1
25	1
92	1
68	1
21	2
99	1
14	2
31	1
99	2
1	1
63	1
71	1
90	1
68	1
74	1
85	1
94	1
79	1
12	1
78	1
45	1
49	2
49	2
41	1
81	1
83	1
26	2
98	1
64	1
62	2
54	1
43	1
7	1
31	1
19	1
1	2
39	1
24	3
32	1
33	1
57	1
8	2
21	1
2	1
74	1
25	1
61	1
73	1
92	1
37	1
66	1
76	2
91	1
91	1
63	2
86	1
91	1
6	1
2	1
98	1
21	1
54	1
93	1
53	1
33	1
45	1
30	1
54	1
70	1
46	1
20	1
4	1
80	2
72	1
19	1
7	1
43	1
24	3
38	1
70	2
17	1
71	1
37	2
70	5
21	2
90	1
49	1
1	1
5	1
60	1
92	1
62	5
26	1
72	1
13	1
36	1
58	2
78	1
31	1
100	1
13	3
42	1
34	2
41	2
65	2
61	1
67	4
94	1
62	1
11	1
10	1
6	1
4	1
65	1
82	7
36	1
56	3
60	1
18	1
79	2
52	2
42	3
16	2
66	1
3	2
3	2
73	2
83	3
43	2
10	3
62	2
71	2
26	1
58	2
33	1
29	4
78	9
6	2
4	5
73	3
98	2
70	2
35	1
47	2
98	2
53	1
5	1
28	1
56	3
78	5
72	1
77	2
76	1
45	2
57	3
89	1
44	3
76	1
62	6
6	5
82	4
22	1
85	8
20	1
37	1
33	2
3	4
60	4
42	3
60	2
73	2
4	1
59	3
97	1
53	1
35	1
64	2
71	1
9	1
41	1
87	1
5	1
81	1
70	1
20	1
72	2
30	1
63	1
5	1
11	1
65	1
90	1
54	1
28	1
3	1
59	1
92	1
82	1
80	1
98	1
32	1
47	1
95	1
48	1
68	1
8	1
56	2
11	1
61	1
22	1
58	2
8	1
48	1
73	1
91	1
81	1
90	1
35	1
36	3
87	1
45	1
38	2
94	2
60	1
38	1
21	1
17	1
49	2
68	2
94	1
43	1
85	1
53	1
72	3
5	2
42	1
3	1
52	1
79	1
54	1
96	2
67	1
54	2
80	1
88	2
84	1
99	1
65	1
90	1
39	2
93	1
95	1
63	3
47	3
61	1
61	1
26	2
72	1
42	1
53	1
75	1
10	2
7	2
77	2
10	1
42	1
99	1
53	1
87	1
54	1
50	1
55	2
93	2
59	2
76	4
14	7
50	2
75	1
48	2
3	1
18	1
63	1
33	1
29	1
65	1
17	1
48	1
93	3
48	1
25	1
65	1
25	2
12	2
21	1
2	2
68	2
20	1
38	1
48	2
74	1
53	2
30	3
13	2
92	1
25	7
87	4
6	1
55	3
13	1
80	1
2	2
36	2
81	1
76	3
44	1
92	1
43	1
99	1
95	2
18	2
10	1
59	4
66	1
35	1
92	1
44	1
14	1
66	1
57	1
22	1
94	2
99	1
34	3
94	1
39	2
50	1
67	2
14	1
25	1
62	2
14	1
9	1
37	1
21	1
66	1
44	1
7	1
46	2
90	3
72	2
2	1
79	2
82	4
51	1
44	1
22	1
70	1
36	2
55	2
50	2
1	1
31	1
38	2
100	2
19	1
11	1
44	1
39	1
85	1
31	3
53	2
88	2
33	1
79	1
82	3
58	3
24	1
42	1
16	1
92	2
15	2
5	2
42	1
35	5
35	2
57	1
20	2
13	1
71	2
90	2
23	2
87	2
87	1
59	2
72	2
39	2
3	2
96	3
89	2
22	1
99	2
15	1
27	1
70	1
70	1
1	2
11	1
91	1
66	2
51	1
51	1
75	1
36	2
49	1
52	2
99	1
53	2
21	1
92	1
27	2
53	1
5	2
14	1
12	1
96	1
68	2
54	2
50	2
64	1
65	1
73	1
21	1
80	2
55	1
35	3
35	1
8	1
2	1
38	2
5	1
78	1
82	2
18	1
20	1
82	1
51	2
50	2
78	1
12	1
3	1
64	2
85	1
33	1
97	1
2	2
7	1
76	2
9	2
71	2
77	2
67	1
57	3
99	1
49	2
69	2
60	2
45	1
8	1
33	1
50	2
8	3
64	1
96	1
28	2
4	2
70	2
31	2
90	2
12	1
43	1
42	2
64	2
97	1
14	1
26	1
14	1
23	3
20	1
100	1
87	1
2	3
29	2
34	1
17	2
56	1
28	1
12	1
86	2
14	2
92	3
66	2
28	1
33	1
57	1
45	2
91	1
51	1
83	1
89	2
32	1
10	2
45	1
2	1
33	2
81	2
11	2
33	1
85	2
85	1
53	1
87	1
27	1
14	1
76	1
8	2
98	1
18	1
89	1
71	1
38	3
49	1
100	2
38	1
49	4
28	1
2	2
97	1
7	1
37	2
64	1
41	2
64	1
54	1
81	1
77	4
79	2
70	1
9	1
66	1
32	2
59	1
63	1
13	1
16	1
4	2
97	1
91	2
6	3
65	2
72	3
7	1
70	2
31	2
86	1
87	4
93	3
50	1
3	1
76	1
15	5
49	4
75	1
24	1
87	4
17	2
32	2
59	1
3	3
35	2
37	1
57	1
70	2
36	2
71	2
42	1
90	2
97	1
34	2
95	7
11	2
30	7
85	4
47	2
29	4
79	2
53	2
98	2
92	2
98	1
96	4
47	3
33	1
100	2
66	2
38	4
8	3
22	1
54	1
83	2
52	5
100	1
95	1
30	1
82	2
99	1
17	1
13	1
40	2
67	2
9	3
85	2
70	2
11	2
25	2
10	1
5	1
84	1
57	1
88	1
43	3
66	3
32	1
12	1
93	2
80	1
82	1
20	1
22	1
79	1
27	1
26	2
48	2
34	1
73	2
46	2
8	5
26	1
93	1
65	1
67	1
90	2
61	1
4	1
43	1
32	1
21	3
1	2
18	2
75	3
7	1
9	1
35	2
56	2
23	1
63	1
17	1
41	3
65	1
62	2
77	1
28	1
55	3
68	2
66	1
14	1
14	2
90	1
8	3
74	2
17	2
23	3
44	1
65	2
11	2
19	3
24	1
88	2
78	2
1	3
49	1
66	1
89	1
10	3
52	1
30	1
76	2
5	1
18	1
31	1
47	2
19	3
98	2
99	13
12	1
69	3
66	2
75	1
41	1
53	2
71	3
64	4
37	2
69	2
40	1
86	1
51	2
60	2
13	2
23	1
10	1
37	1
29	1
32	1
98	5
13	1
70	3
18	2
47	2
16	2
36	2
25	2
9	1
34	1
46	1
98	3
50	1
33	1
48	1
100	2
52	1
65	2
92	1
30	1
20	2
76	2
99	1
41	1
88	1
28	1
81	1
92	3
62	1
61	1
92	1
6	1
23	3
67	2
56	2
56	2
93	1
31	1
35	3
2	2
45	2
6	3
58	3
59	4
25	2
28	1
82	4
10	1
6	1
70	3
75	2
37	1
8	1
62	3
37	2
67	3
96	1
62	2
73	1
71	2
43	1
12	1
34	2
80	5
52	2
53	2
78	1
97	3
7	1
30	3
25	1
80	2
20	2
24	1
64	2
88	1
96	2
34	1
75	2
73	1
18	2
3	1
17	2
84	2
10	3
69	2
61	3
6	2
92	2
75	1
75	2
65	3
64	1
4	2
15	2
15	2
4	3
79	1
69	2
94	1
28	2
11	1
62	2
24	1
97	1
60	1
12	1
93	1
26	1
17	2
27	2
24	1
52	2
1	1
16	4
97	1
8	1
35	4
75	1
25	2
7	1
94	2
13	3
45	2
38	1
82	5
95	1
46	1
58	1
66	2
92	2
20	3
22	1
71	2
15	2
71	1
83	1
91	2
53	1
37	1
99	2
6	2
74	2
40	1
48	3
8	1
19	1
89	2
85	2
92	1
10	2
73	2
77	2
91	1
50	1
23	1
96	2
41	4
30	1
3	1
89	1
68	1
90	1
51	2
71	1
25	1
55	1
23	1
12	3
63	1
43	3
60	1
16	2
10	2
84	5
74	1
75	4
83	1
100	2
89	1
74	1
49	1
66	4
62	4
88	1
41	4
61	3
20	1
5	1
25	2
94	4
64	2
90	1
83	2
30	4
59	5
88	1
34	1
82	2
82	3
70	1
4	2
27	2
10	3
4	3
74	4
31	1
16	1
86	1
12	1
73	1
21	2
81	2
65	2
48	1
87	1
25	2
99	2
65	1
85	1
93	2
69	2
51	5
46	2
86	1
55	1
31	1
69	3
81	1
77	2
36	2
97	3
5	2
62	2
7	1
88	1
59	2
26	2
44	3
97	4
33	4
38	1
77	3
26	2
43	1
37	2
16	2
37	1
32	7
40	2
47	1
42	1
87	1
66	1
42	1
10	1
64	2
37	1
5	3
49	2
67	1
77	1
70	1
6	5
15	1
43	1
24	1
70	1
55	1
92	1
1	2
70	2
100	1
9	2
71	1
55	1
42	1
70	5
47	2
63	3
72	1
26	1
93	1
57	5
34	1
95	1
2	3
3	6
73	1
57	1
19	3
31	3
45	2
74	2
79	1
4	1
46	2
48	1
75	3
89	1
5	1
95	3
98	6
58	1
11	1
12	2
28	2
93	1
45	1
15	1
54	1
24	2
46	1
41	1
28	1
80	1
11	1
41	1
74	1
77	1
16	1
17	1
33	1
19	1
26	1
52	1
50	1
30	1
50	1
18	1
50	1
12	1
75	1
19	1
2	1
36	1
86	1
63	1
12	1
99	1
65	1
69	1
80	1
64	1
20	1
10	1
83	1
33	1
77	1
9	1
98	1
98	1
100	1
5	1
45	1
1	1
56	1
27	1
18	1
16	1
72	1
10	1
99	1
62	2
92	1
57	1
71	1
76	1
18	1
33	2
86	1
24	1
53	1
75	1
40	1
11	3
68	1
68	1
13	1
92	1
4	1
97	1
6	1
95	1
55	1
89	3
12	1
32	1
62	1
39	1
49	1
16	1
21	1
33	1
64	1
41	1
76	1
92	1
13	1
7	1
18	1
59	5
7	1
97	1
49	1
73	1
36	1
12	1
22	1
40	1
71	1
56	1
70	2
78	2
38	1
1	1
32	6
35	2
2	1
10	6
70	6
98	2
73	1
12	1
56	6
83	1
36	5
24	3
90	5
90	9
89	7
33	3
54	1
62	1
2	1
8	3
56	9
80	1
69	2
73	3
47	1
53	6
46	3
90	6
29	1
13	1
73	1
41	1
15	2
84	2
24	1
92	1
99	3
10	2
14	3
42	2
41	8
45	2
22	6
72	2
17	6
71	4
80	1
19	1
64	3
15	3
45	1
21	2
28	6
62	2
63	2
5	1
1	1
41	1
39	1
76	7
48	7
48	1
60	1
74	6
67	5
65	2
97	1
58	1
66	2
17	3
73	9
84	2
27	6
100	2
88	1
72	2
73	4
15	1
36	4
59	2
79	2
17	5
60	1
50	2
44	5
5	2
44	2
93	2
16	1
34	4
19	1
42	1
27	1
26	1
47	2
16	2
59	1
51	1
57	1
94	1
23	2
19	1
38	1
35	2
55	1
8	2
77	1
15	1
57	1
17	1
76	3
80	2
67	3
55	2
86	5
26	1
99	5
25	1
7	1
41	1
31	1
86	1
96	3
13	3
93	1
7	1
12	10
6	2
19	1
52	4
60	1
64	1
73	1
46	1
99	1
44	2
33	1
39	2
34	2
84	2
80	1
45	5
79	4
21	2
62	1
53	3
53	1
31	1
57	1
60	2
61	1
88	1
36	1
24	3
29	1
98	1
100	1
4	1
96	2
27	1
52	3
30	3
99	1
85	2
39	1
62	2
99	1
95	1
26	1
7	2
81	1
67	3
98	2
10	2
49	1
54	3
66	1
57	3
46	1
71	1
37	4
86	3
32	1
24	2
2	2
16	2
86	2
13	2
7	3
80	1
57	3
55	2
68	1
39	1
56	1
1	1
93	1
30	1
18	2
37	1
35	1
52	2
37	2
6	3
38	1
98	2
23	2
21	2
19	3
7	2
71	2
69	2
98	1
91	2
54	1
86	3
31	2
11	1
5	1
14	1
6	3
41	2
66	4
69	1
23	2
61	2
87	1
60	1
82	2
50	2
80	4
75	1
76	2
81	1
54	2
74	1
56	1
38	2
78	3
9	2
85	1
45	1
54	3
58	2
57	1
22	2
94	1
98	1
34	1
53	2
23	2
97	2
44	2
2	3
91	1
73	1
35	4
98	3
72	1
74	2
15	3
15	1
44	1
29	1
93	1
63	1
10	1
44	1
44	1
26	2
59	4
9	1
14	1
32	1
14	2
16	3
53	4
87	2
46	2
72	3
99	1
5	2
96	1
65	2
49	1
24	2
87	1
52	1
95	2
40	2
93	3
87	1
37	1
92	1
92	3
23	2
100	2
2	1
79	1
37	1
8	1
86	2
96	1
98	1
25	2
49	3
44	1
13	1
12	1
65	1
18	1
48	4
66	1
15	2
20	2
71	1
62	1
25	3
45	1
51	3
12	1
37	2
38	3
39	1
56	1
7	1
94	1
93	3
8	5
55	1
61	3
5	1
85	3
84	1
4	1
2	3
37	1
73	2
91	2
79	1
66	2
23	2
92	1
70	3
26	1
77	1
53	1
12	1
14	1
70	1
33	1
35	1
12	1
47	2
70	4
52	2
11	1
98	2
92	2
52	1
95	1
7	1
64	1
36	2
65	1
46	1
79	1
17	1
40	2
44	1
89	1
96	3
20	1
4	1
11	2
32	1
38	3
57	2
56	1
30	2
1	2
16	2
60	1
21	2
47	1
11	1
11	1
37	3
2	1
46	2
50	3
22	1
15	1
88	2
21	2
41	3
44	1
52	2
91	1
5	2
88	2
76	1
73	1
33	1
56	1
91	2
54	2
44	4
41	2
41	1
100	1
34	1
40	1
50	1
60	1
20	2
21	2
98	3
11	2
72	5
7	1
76	3
25	1
84	1
2	1
77	1
57	1
47	2
98	1
78	3
2	1
5	1
96	1
19	1
83	1
24	3
51	1
4	1
70	1
91	1
63	1
75	1
29	1
18	1
69	1
84	1
48	1
47	2
93	1
49	1
55	1
67	1
75	2
32	1
61	2
14	1
42	1
45	1
60	1
48	2
13	3
53	1
22	1
3	1
65	1
92	1
27	1
28	2
32	1
96	1
86	1
66	1
48	1
48	1
75	1
39	1
78	1
48	1
42	1
65	1
5	1
29	1
66	1
35	1
19	1
40	1
90	1
82	1
66	1
47	1
77	1
80	1
80	1
5	1
80	3
31	2
78	2
18	1
18	1
44	1
33	1
92	1
40	2
10	1
55	5
97	2
93	3
36	2
54	4
97	1
62	1
69	1
37	1
85	1
90	1
42	2
63	5
96	2
59	2
58	2
14	1
47	1
30	1
34	2
74	2
69	1
8	1
25	1
27	3
1	3
37	3
43	1
28	1
52	2
95	2
2	4
16	1
70	1
33	1
32	1
32	3
93	2
41	2
86	2
27	2
35	2
80	5
66	3
67	2
96	1
78	1
25	1
48	2
90	1
48	2
39	1
73	3
21	1
100	1
31	2
43	2
41	3
46	1
81	1
74	2
29	1
25	2
48	1
50	1
57	1
10	2
79	1
77	2
98	1
8	1
54	2
49	2
24	2
51	1
10	1
81	1
32	2
94	1
81	1
20	1
43	1
83	1
14	1
23	1
88	1
94	2
80	2
39	3
89	1
59	1
69	2
40	1
48	2
31	1
80	1
69	2
82	2
95	2
14	1
9	1
47	1
46	2
44	2
80	2
