Tamanho    Peso
160  6321
160  6322
150  5788
129  5313
158  6238
159  6273
162  6456
151  6228
156  6392
145  5954
152  6248
158  6227
148  5990
154  5969
154  6169
168  6214
155  6279
157  6215
156  6317
157  6303
154  6105
145  5798
159  6251
158  6260
156  6327
157  6100
162  6319
159  6292
161  6234
157  6322
125  5096
156  6377
152  6029
158  5878
152  6202
157  6211
160  6264
153  6319
160  6250
162  6235
160  6425
165  6430
156  6104
157  6328
158  6316
153  6243
153  6241
158  6328
153  6239
157  6331

Time taken: 166
