Tamanho    Peso
156  6520
161  6561
155  6463
161  6345
131  5518
155  6336
146  6267
160  6457
166  6879
154  6421
156  6380
159  6636
159  6558
158  6546
164  6689
158  6566
161  6665
164  6564
160  6550
164  6609
174  6865
158  6590
159  6780
165  6491
167  6804
158  6498
165  6522
158  6646
159  6485
161  6530
159  6342
153  6237
159  6421
157  6552
159  6581
161  6717
160  6593
155  6423
158  6590
161  6496
154  6497
162  6374
160  6714
149  6176
165  6683
155  6428
157  6627
163  6681
167  6838
158  6423

Time taken: 210
