Tamanho    Peso
1059  35959
1059  36098
1062  35991
1059  36042
1038  36369
1063  36032
1055  36092
1062  36237
1059  36065
1054  36206
1057  36068
1059  35952
1063  36140
1053  36147
1059  36123
1057  36373
1060  35993
1018  36239
1063  36165
1057  36057
1052  36439
1055  36107
1052  36211
1055  35984
1059  36190
1065  36052
1060  35985
1051  36037
1055  35926
1049  35944
1056  36224
1057  36005
1050  35947
1066  35929
1060  35977
1059  36096
1064  35969
1057  36025
1056  35760
1057  35926
1061  35950
1049  35747
1061  36094
1063  36059
1053  36137
1052  36174
1075  36207
1053  36343
1060  35823
1050  36105

Time taken: 52
