***********CONSTRUÇÃO**************
ANTES | DEPOIS
0.394646   0.208281
0.392467   0.205227
0.393648   0.203621
0.392147   0.20224
0.393447   0.19743
0.393485   0.197075
0.394476   0.196792
0.393818   0.201042
0.394641   0.200467
0.393827   0.199774
0.39381   0.20615
0.394666   0.206317
0.394211   0.204479
0.392972   0.203964
0.394856   0.199129
0.395419   0.196605
0.395843   0.197338
0.393588   0.200157
0.3943   0.200622
0.394395   0.198963
0.396482   0.206324
0.395172   0.206606
0.395353   0.203625
0.394341   0.204
0.395669   0.198434
0.395903   0.19696
0.393831   0.196701
0.39435   0.201241
0.395529   0.200592
0.394085   0.198834
0.394539   0.206093
0.395616   0.206486
0.392877   0.203987
0.394492   0.203179
0.39612   0.197221
0.39308   0.197481
0.394225   0.197049
0.394573   0.20031
0.393411   0.200315
0.395237   0.199367
0.393412   0.205559
0.393338   0.206587
0.395357   0.203901
0.394112   0.203262
0.392094   0.198471
0.393141   0.196855
0.393408   0.197907
0.393397   0.199888
0.395089   0.201425
0.393415   0.19888
***********BUSCA LOCAL**************
ANTES | DEPOIS
0.668504   0.287143
0.579201   0.389231
0.668315   0.378245
0.57324   0.192358
0.379747   0.285103
0.67788   0.476777
0.666678   0.189324
0.577027   0.292257
0.473341   0.188808
0.469493   0.194329
0.573033   0.19365
0.767291   0.193038
0.663775   0.285431
0.578981   0.197543
0.769602   0.195436
0.380985   0.192943
0.771576   0.193992
0.288643   0.292453
0.482966   0.191588
0.673952   0.193061
0.289678   0.289578
0.577485   0.188048
0.566647   0.194304
0.672304   0.191245
0.478119   0.193561
0.853028   0.286068
0.668103   0.196241
0.668534   0.196963
0.761044   0.286142
0.67436   0.189362
0.472242   0.192802
0.76264   0.38457
0.570536   0.292159
0.57292   0.285108
1.43819   0.189796
0.663058   0.191207
0.856455   0.191508
0.572221   0.192247
0.865113   0.190389
0.680022   0.194134
1.13653   0.190131
0.570654   0.190991
0.859065   0.192724
0.865009   0.386431
0.769092   0.188937
0.478951   0.19057
0.7672   0.193785
0.483312   0.191553
0.756395   0.190837
0.667419   0.190845
