Tamanho    Peso
293  8180
289  8354
285  8184
291  8197
298  8507
292  8367
295  8497
290  8420
298  8457
291  8248
303  8469
294  8336
291  8296
299  8578
295  8365
302  8343
295  8466
293  8604
260  8008
294  8318
293  8369
297  8411
301  8520
296  8505
292  8344
290  8102
299  8225
294  8134
296  8231
294  8274
302  8353
296  8569
302  8499
292  8243
299  8512
295  8189
297  8429
303  8505
241  7585
266  8315
292  8322
256  8256
299  8357
294  8296
258  7944
290  8313
292  8157
296  8386
302  8331
299  8441

Time taken: 17
