Tamanho    Peso
123  4493
118  4528
113  4555
114  4497
107  4469
118  4465
111  4088
106  4178
94  3694
127  4876
118  4848
116  4492
109  4340
106  4166
112  4425
97  3853
100  3801
96  3601
105  4134
109  3984
120  4712
104  4055
115  4437
118  4729
126  4762
93  3770
103  4121
113  4429
102  3934
116  4567
100  3915
98  3944
95  3609
100  3891
96  3962
99  3951
116  4618
100  3924
123  4408
115  4385
117  4688
92  3602
94  3867
103  4001
115  4282
100  3672
113  4359
116  4539
112  4418
100  3861

Time taken: 192
