Tamanho    Peso
113  4426
125  4760
118  4585
112  4468
120  4606
117  4604
101  3973
139  5182
110  4218
111  4131
126  5047
106  4379
118  4792
131  4841
124  4993
99  4004
124  4929
110  3977
117  4442
116  4734
126  4996
114  4617
113  4316
108  4570
113  4424
120  4607
125  4848
107  3898
121  4574
110  4332
98  4036
107  4170
98  3852
112  4330
146  5348
128  5180
106  4217
113  4353
127  5012
104  4009
130  4800
124  5157
116  4523
123  4903
119  4922
128  5029
95  3663
125  4930
112  4265
106  4317

Time taken: 196
