Tamanho    Peso
1098  34586
1096  34702
1090  34602
1097  34748
1101  34721
1111  34805
1106  34576
1111  34684
1091  34688
1101  34598
1101  34521
1108  34692
1106  34647
1103  34751
1105  34749
1102  34661
1098  34575
1089  34578
1100  34715
1095  34637
1106  34642
1114  34673
1098  34631
1113  34805
1098  34524
1088  34577
1114  34827
1099  34652
1100  34673
1107  34690
1095  34663
1113  34681
1108  34765
1100  34712
1101  34709
1109  34735
1115  34712
1111  34673
1115  34830
1096  34559
1108  34643
1102  34563
1096  34701
1094  34721
1105  34774
1114  34695
1108  34656
1102  34629
1117  34873
1104  34601

Time taken: 28
