***********CONSTRUÇÃO**************
ANTES | DEPOIS
1.65582   1.06405
1.65464   1.05068
1.65515   1.06489
1.65641   1.05389
1.65244   1.05439
1.65783   1.05297
1.65191   1.04827
1.65101   1.04548
1.65001   1.04901
1.65276   1.04972
1.65304   1.05974
1.65127   1.04974
1.66228   1.06145
1.65486   1.05341
1.65352   1.05844
1.65293   1.05219
1.65637   1.04564
1.65621   1.04856
1.65368   1.04708
1.64904   1.04891
1.65361   1.06187
1.64996   1.05026
1.65156   1.06288
1.73594   1.05442
1.65844   1.05027
1.65043   1.04992
1.65822   1.04551
1.6541   1.04662
1.65083   1.04852
1.65468   1.04782
1.6492   1.05581
1.65665   1.05315
1.64811   1.0671
1.65279   1.05896
1.6538   1.05521
1.65068   1.05432
1.65337   1.04466
1.64916   1.04584
1.64751   1.04552
1.65251   1.04535
1.65688   1.05752
1.65079   1.04937
1.64878   1.06725
1.65197   1.05321
1.65492   1.05244
1.64943   1.05395
1.65389   1.04423
1.65861   1.05152
1.65117   1.04885
1.65431   1.05081
***********BUSCA LOCAL**************
ANTES | DEPOIS
3.9619   0.898979
3.94644   0.891941
1.74208   0.887832
1.70786   0.87652
3.94597   0.87344
4.3673   0.880372
3.06132   0.905298
2.61164   0.890725
2.18502   0.885238
1.72594   0.901907
1.73781   0.888446
2.62641   0.891789
4.38   0.883464
1.28742   0.893139
3.9189   0.905838
3.89574   0.899187
1.29595   0.891213
2.59734   0.898847
3.06459   0.890128
1.29884   0.900625
3.02188   0.87361
2.16379   0.883716
2.22325   0.878465
1.37861   0.889626
3.0598   0.889081
3.06826   0.901283
3.02994   0.890835
2.60762   0.908212
3.51452   0.900228
4.80342   0.899057
2.1748   0.867587
2.61017   0.89975
2.1809   0.884248
2.16668   0.89668
3.07702   0.894294
2.15649   0.876677
2.60045   0.89825
2.17851   0.890008
5.246   0.90397
3.06942   0.881384
3.02342   0.891284
1.72592   0.902239
1.30551   0.901188
2.17612   0.881647
2.63404   0.886829
4.82097   0.878687
3.07003   0.893135
3.9476   0.874295
3.5003   0.884061
2.16712   0.889609
