Tamanho    Peso
240  7155
219  7237
240  7274
240  7079
244  7318
247  7295
241  7087
241  7135
241  7296
241  7110
211  6913
241  7037
242  7182
245  7246
210  7013
243  7195
241  7083
241  7194
243  7314
222  7309
235  7200
241  7212
219  7056
248  7401
248  7003
248  7280
240  7145
238  7259
243  7402
215  7034
217  7094
242  7121
246  7226
238  7136
234  7035
245  7274
242  7260
240  7319
242  7193
241  7183
240  7165
242  7171
243  7244
241  7078
245  7267
242  7206
245  7176
242  7116
216  6979
241  7342

Time taken: 17
