***********CONSTRUÇÃO**************
ANTES | DEPOIS
0.47041   0.297642
0.471647   0.298019
0.469613   0.298657
0.470786   0.30178
0.470516   0.303474
0.469499   0.29259
0.471297   0.281283
0.470109   0.284582
0.469561   0.283733
0.470761   0.285688
0.468328   0.283229
0.4721   0.284189
0.470799   0.284716
0.473043   0.287596
0.470707   0.289
0.469999   0.286665
0.470558   0.281344
0.469796   0.284789
0.471912   0.283388
0.470224   0.285759
0.46984   0.283234
0.468401   0.284106
0.470963   0.284755
0.468413   0.287642
0.470704   0.289291
0.471772   0.286576
0.470534   0.2811
0.470277   0.284339
0.470788   0.282799
0.470609   0.286536
0.469022   0.283189
0.471556   0.284035
0.469803   0.284277
0.471649   0.287781
0.469727   0.289015
0.472131   0.286735
0.470394   0.281018
0.470081   0.284616
0.469149   0.28358
0.470514   0.285621
0.471528   0.282694
0.473134   0.283554
0.468942   0.28531
0.470216   0.287903
0.469508   0.28867
0.470465   0.286592
0.474603   0.281216
0.471934   0.283971
0.47302   0.283291
0.47667   0.285889
***********BUSCA LOCAL**************
ANTES | DEPOIS
0.619125   0.381583
1.3455   0.390742
0.370786   0.257172
0.485165   0.642789
0.733663   0.777038
0.730362   0.632073
1.34282   0.247997
0.489029   0.360041
0.493722   0.486882
0.983928   0.369273
0.732853   0.249339
0.969828   0.249748
0.616538   0.246279
1.36007   0.37128
1.10606   0.366585
0.611337   0.37097
0.721157   0.37464
0.969498   0.373555
0.487524   0.251204
0.966526   0.487086
0.7263   0.245343
0.732168   0.239333
0.489572   0.242822
0.967788   0.730515
0.616835   0.373027
0.975648   0.621622
0.492919   0.247574
0.724445   0.248884
0.980397   0.248678
1.09802   0.248595
0.614234   0.367534
0.496092   0.245835
1.22037   0.490397
0.607031   0.365573
0.738041   0.611493
1.22385   0.24938
0.364261   0.251959
0.978881   0.247039
0.614533   0.368861
0.853199   0.608695
0.74723   0.363996
0.483542   0.243314
1.09884   0.237606
0.617821   0.243752
0.735875   0.247984
0.864368   0.371141
0.86158   0.486699
1.22911   0.242719
0.368752   0.246447
0.502377   0.745361
