Tamanho    Peso
1072  36516
1094  36204
1087  36230
1094  36193
1081  36129
1093  36089
1097  36105
1094  36186
1095  36384
1094  36302
1090  36047
1094  36192
1083  36456
1088  36145
1100  36377
1086  36084
1095  36363
1098  35985
1082  36163
1088  36163
1089  36213
1099  36173
1105  36247
1098  36166
1091  36196
1094  36256
1088  36462
1084  36199
1090  36104
1086  35959
1089  36191
1087  36318
1095  36272
1085  36243
1103  36457
1103  36172
1093  36024
1095  36160
1102  36190
1081  36017
1107  36234
1095  36245
1084  36123
1091  36225
1082  36665
1104  36211
1085  36012
1092  36223
1087  36238
1083  36300

Time taken: 57
