Tamanho    Peso
1703  56495
1706  56963
1688  56673
1715  56650
1709  56630
1708  56455
1708  56148
1686  56403
1704  56396
1709  56334
1693  56512
1705  56609
1693  56708
1691  56384
1679  56426
1704  56577
1700  56498
1719  56482
1688  56542
1714  56957
1711  56575
1697  56273
1708  56383
1688  56134
1691  56518
1683  56404
1684  56517
1702  56335
1697  56523
1688  56265
1705  56311
1687  56454
1693  57016
1698  57368
1698  56153
1675  56030
1680  57085
1703  56432
1707  56431
1683  56400
1721  56687
1705  56328
1704  56599
1699  56223
1696  56404
1690  57089
1681  56759
1702  56589
1703  56175
1701  56391

Time taken: 210
