Tamanho    Peso
1685  55837
1685  55653
1695  55868
1702  55941
1682  55830
1686  55777
1699  55841
1691  55603
1690  55786
1702  56100
1690  56045
1690  55732
1697  56120
1708  56082
1687  55679
1688  56016
1690  55788
1685  55766
1694  55867
1698  55825
1691  55778
1682  55805
1698  56164
1709  56061
1691  55784
1697  56042
1704  55895
1688  55876
1696  55891
1695  56024
1689  55863
1687  55547
1699  56179
1703  56125
1688  55853
1698  55856
1706  55811
1685  55673
1695  55841
1690  56063
1684  55790
1690  55730
1698  56101
1695  55892
1696  55861
1699  56010
1710  55889
1677  55536
1686  55930
1701  56134

Time taken: 102
