***********CONSTRUÇÃO**************
ANTES | DEPOIS
0.212187   0.165038
0.214144   0.161139
0.215872   0.156557
0.212519   0.157588
0.214747   0.151113
0.212694   0.150045
0.216037   0.156684
0.214481   0.157717
0.214517   0.15547
0.213654   0.143425
0.217758   0.160093
0.213851   0.160803
0.209765   0.158869
0.215704   0.158313
0.21394   0.151363
0.213666   0.149452
0.20735   0.156372
0.211209   0.157086
0.210891   0.156313
0.214765   0.143761
0.213838   0.160506
0.213411   0.16139
0.213652   0.157123
0.209697   0.158631
0.212015   0.149504
0.214071   0.150606
0.214277   0.156262
0.216599   0.157471
0.212745   0.155318
0.213421   0.143688
0.215039   0.16036
0.214711   0.161311
0.213578   0.157342
0.213681   0.157194
0.212885   0.150696
0.21196   0.150025
0.211092   0.157078
0.21156   0.157366
0.214193   0.153947
0.212868   0.143891
0.212772   0.160472
0.212879   0.160565
0.215497   0.156111
0.214943   0.158433
0.210382   0.151206
0.213839   0.149112
0.213323   0.157249
0.211858   0.157623
0.212853   0.155307
0.213336   0.142991
***********BUSCA LOCAL**************
ANTES | DEPOIS
0.104156   0.235267
0.225507   0.17358
0.229361   0.28858
0.109384   0.176861
0.11683   0.177248
0.172046   0.171705
0.110264   0.179137
0.11193   0.248431
0.112371   0.178514
0.109171   0.178725
0.109768   0.354324
0.112637   0.188594
0.173661   0.176585
0.225357   0.177867
0.226799   0.281885
0.166257   0.176628
0.110025   0.293695
0.175813   0.298433
0.113205   0.237382
0.118033   0.181057
0.22329   0.293075
0.114616   0.362852
0.111184   0.239579
0.162887   0.178798
0.105796   0.178531
0.163892   0.186403
0.224857   0.294549
0.118888   0.2353
0.292648   0.237166
0.112115   0.180179
0.229203   0.479043
0.110926   0.174415
0.110456   0.295795
0.170008   0.242079
0.165703   0.174411
0.113194   0.177237
0.174144   0.17912
0.112017   0.175885
0.182196   0.418319
0.116782   0.169435
0.172906   0.182475
0.16894   0.230999
0.113578   0.409743
0.110406   0.17539
0.115711   0.175631
0.225066   0.35423
0.109236   0.41189
0.227236   0.183124
0.111687   0.238639
0.239555   0.22879
