Tamanho    Peso
1033  34611
1027  34530
1034  34600
1032  34715
1036  34756
1035  34761
1027  34409
1030  34571
1032  34561
1026  34662
1034  34633
1031  34637
1032  34611
1033  34617
1040  34793
1029  34537
1028  34477
1037  34402
1029  34604
1031  34542
1033  34602
1032  34703
1035  34776
1031  34610
1035  34881
1036  34753
1023  34419
1032  34465
1032  34644
1030  34553
1044  34746
1028  34532
1035  34578
1031  34519
1039  34749
1039  34715
1024  34429
1030  34584
1031  34464
1029  34558
1040  34718
1034  34685
1033  34592
1030  34551
1038  34837
1037  34719
1027  34484
1029  34504
1035  34800
1034  34524

Time taken: 29
