Tamanho    Peso
1048  35119
1037  34940
1034  34898
1041  35083
1036  34982
1038  35048
1040  34983
1043  34782
1045  34672
1041  34907
1035  34697
1038  35331
1038  35009
1045  34839
1035  35198
1041  34821
1040  35110
1034  34790
1051  34958
1044  35099
1036  34673
1035  34946
1037  35288
1035  34815
1042  35144
1037  34926
1040  34766
1042  34735
1027  35040
1030  34777
1041  34868
1034  34763
1039  34884
1051  34951
1045  35455
1052  35364
1042  34997
1035  34994
1036  35091
1039  35124
1048  34949
1044  35013
1053  34944
1031  35135
1039  34913
1042  34775
1043  35052
1050  35191
1051  35164
1040  35209

Time taken: 62
