***********CONSTRUÇÃO**************
ANTES | DEPOIS
1.76272   1.57481
1.75778   1.70967
1.76059   1.7163
1.75928   1.7108
1.76054   1.70919
1.76226   1.70216
1.76203   1.62191
1.762   1.53811
1.76402   1.66579
1.7612   1.66564
1.76535   1.56918
1.76386   1.71815
1.76054   1.71458
1.76107   1.70548
1.75983   1.70939
1.76112   1.70861
1.76289   1.62116
1.76225   1.53893
1.75661   1.66475
1.75918   1.66475
1.75805   1.56611
1.75845   1.70979
1.76093   1.70744
1.75793   1.70605
1.76209   1.71791
1.75579   1.71304
1.75993   1.62397
1.75997   1.53321
1.75616   1.67071
1.75999   1.65573
1.7651   1.56678
1.76184   1.71051
1.76813   1.71425
1.76213   1.7068
1.7653   1.70867
1.7645   1.70489
1.767   1.62269
1.76262   1.53393
1.76244   1.66721
1.76229   1.65905
1.75931   1.56521
1.76312   1.71534
1.76603   1.71668
1.76399   1.70844
1.75936   1.71015
1.75904   1.70756
1.763   1.62493
1.76152   1.53392
1.76014   1.66284
1.75939   1.66621
***********BUSCA LOCAL**************
ANTES | DEPOIS
2.2364   3.22921
1.56096   1.61321
1.54857   4.46892
1.58661   1.64252
2.16657   2.2384
3.38024   2.22884
1.58789   2.22736
1.53232   1.15714
3.32069   1.626
1.6532   1.65102
1.68605   2.16564
2.08865   1.56279
1.62498   2.17483
2.10379   1.61401
1.54024   1.69034
1.56128   1.63935
1.53238   2.2656
1.61603   3.3409
1.67418   2.8003
1.60456   2.26652
1.64422   3.20301
2.73125   1.6137
1.55115   1.56145
1.56579   1.69809
2.17375   2.21315
1.56593   1.71428
2.56703   1.67008
1.5522   2.7686
2.7849   3.39564
1.54497   2.24176
1.68242   3.40021
1.60514   1.56842
2.00502   3.30601
1.59133   2.75301
1.54632   1.58181
1.59103   1.66187
1.63102   1.62889
1.56675   1.16965
1.66987   2.24037
1.64774   1.66723
2.15114   1.15839
2.6454   2.27888
1.6915   2.2196
1.60942   3.3793
1.60766   1.58645
1.64851   1.6501
1.65736   1.62812
1.60108   1.65613
1.51379   1.58588
1.64274   1.55283
