Tamanho    Peso
1081  36366
1091  36081
1086  36667
1094  36112
1094  35959
1085  36385
1082  36406
1087  36259
1089  36125
1089  36013
1085  36554
1091  36126
1089  35991
1087  36040
1099  36080
1099  36218
1091  36294
1079  36143
1088  35981
1084  36095
1088  36201
1087  36216
1104  36446
1093  36207
1092  36213
1097  36137
1083  35930
1092  36151
1096  36097
1095  36150
1078  36270
1091  36227
1089  36082
1088  36041
1093  36258
1089  36045
1086  36155
1097  36124
1095  36352
1088  36176
1100  36160
1080  36178
1092  36259
1099  36366
1075  36314
1103  35974
1088  36203
1094  36065
1095  36160
1087  36034

Time taken: 58
