***********CONSTRUÇÃO**************
ANTES | DEPOIS
1.6564   1.06918
1.65143   1.0679
1.6634   1.06614
1.65588   1.06927
1.65685   1.08195
1.65631   1.07371
1.66071   1.06271
1.65999   1.05189
1.65954   1.06776
1.66111   1.06023
1.65282   1.06572
1.65964   1.06942
1.66112   1.06817
1.65901   1.06892
1.65793   1.07876
1.66197   1.07194
1.66306   1.0661
1.66231   1.05534
1.66109   1.06503
1.66044   1.06192
1.65682   1.06656
1.6584   1.06716
1.65827   1.06505
1.66253   1.07125
1.65562   1.08324
1.65947   1.07302
1.65791   1.06656
1.65655   1.05517
1.65539   1.06825
1.66106   1.06035
1.65529   1.0667
1.65758   1.06658
1.65456   1.06605
1.66203   1.06968
1.65993   1.08095
1.6537   1.07168
1.65998   1.06744
1.65652   1.05467
1.66055   1.06545
1.65809   1.059
1.65527   1.06597
1.65894   1.06887
1.658   1.06671
1.65439   1.06997
1.65922   1.07779
1.65588   1.07253
1.65628   1.06503
1.6545   1.05592
1.65963   1.06715
1.65484   1.05981
***********BUSCA LOCAL**************
ANTES | DEPOIS
3.4743   0.857992
3.03551   0.880037
2.59093   0.868843
2.14025   0.864314
2.16419   2.16777
2.1572   1.74385
2.16653   0.879674
2.61264   1.32318
1.71886   1.75262
2.15417   0.862297
2.61018   1.73602
3.47335   0.877754
2.60386   1.30895
2.15727   0.867019
2.18071   0.867121
3.01818   1.7324
1.72619   0.88511
2.1608   1.30533
1.29464   0.879199
3.48063   1.32267
2.15697   1.75789
1.28804   0.868685
3.02684   0.878062
3.02872   0.87052
3.90183   1.74884
3.04836   0.85519
1.71476   0.87894
1.73367   1.71979
2.59018   1.75148
4.34828   0.886579
2.61153   0.873344
1.71864   0.865381
2.58734   0.883972
3.48173   2.64116
3.47319   1.73142
2.59547   0.890396
1.29125   0.890779
2.17423   0.877416
2.60145   0.881664
2.59196   0.873225
4.33976   0.872689
3.91078   0.883509
3.03288   0.871714
2.17519   0.880609
1.71457   0.880784
1.29408   1.29825
3.02487   0.88315
2.59463   0.879493
1.70865   0.872687
4.36803   0.876337
