Tamanho    Peso
1674  56055
1715  56413
1693  56584
1694  56366
1716  56550
1702  56360
1697  56329
1711  56251
1707  56718
1692  56576
1702  56782
1680  56216
1700  56292
1702  56348
1698  57007
1684  56106
1715  56772
1695  56757
1683  57058
1718  56733
1706  56700
1679  56811
1691  56380
1700  56570
1720  56476
1691  56572
1701  56669
1692  56744
1698  56493
1725  56469
1695  56653
1709  56779
1702  56371
1701  56168
1707  56265
1708  56557
1696  57241
1699  56872
1706  56637
1724  56720
1707  56245
1710  56422
1700  56381
1706  56612
1698  57187
1690  56631
1705  56604
1694  56325
1710  56882
1694  56420

Time taken: 212
