Tamanho    Peso
264  8829
254  8419
258  8555
283  8548
285  8831
249  8503
248  8284
243  8186
249  8227
280  8780
284  8714
249  8419
282  8736
284  8716
283  8714
291  8863
254  8716
260  8625
241  8395
276  8640
279  8717
281  8725
278  8721
248  8468
246  8660
282  8677
250  8383
260  8712
283  8727
258  8822
244  8521
277  8688
274  8615
259  8663
252  8556
281  8813
251  8761
285  8621
252  8602
249  8675
281  8606
247  8681
254  8551
234  8037
282  8577
253  8437
262  8603
250  8285
255  8703
257  8710

Time taken: 19
