123;7;6 19 25 31 68 124 143 144 177 181 252 282 323 330 346 348 432 456 460 547 556 600 630 662 686 698 752 757 789 815 832 867 869 873 879 1000 1002 1032 1118 1121 1154 1196 1197 1240 1246 1264 1363 1368 1401 1435 1459 1468 1505 1548 1551 1615 1787 1797 1831 1905 1959 2018 2057 2139 2150 2154 2168 2189 2200 2275 2315 2373 2393 2403 2444 2497 2527 2540 2555 2565 2622 2651 2667 2774 2805 2807 2837 2895 2902 2982 3026 3037 3054 3074 3119 3131 3222 3271 3328 3413 3485 3487 3510 3529 3538 3638 3670 3700 3708 3726 3793 3842 3844 3898 3918 3937 3975 3999 4007 4016 4017 4021 4027
124;7;6 19 25 31 68 124 143 144 177 181 252 282 323 328 330 348 432 456 460 523 547 556 600 630 662 686 698 713 752 757 789 815 832 867 869 873 879 994 1000 1002 1032 1118 1121 1127 1154 1196 1197 1240 1246 1264 1363 1368 1401 1435 1459 1473 1505 1548 1551 1615 1742 1787 1797 1831 1905 1959 2008 2018 2057 2150 2168 2189 2275 2315 2373 2393 2403 2444 2497 2527 2540 2555 2565 2622 2651 2667 2774 2805 2837 2895 2982 3026 3033 3037 3074 3119 3131 3271 3328 3382 3413 3485 3487 3510 3529 3538 3638 3670 3700 3708 3726 3793 3844 3898 3918 3937 3968 3975 3999 4007 4016 4017 4021 4027
124;7;6 19 25 31 68 124 143 144 177 181 252 282 323 330 348 432 456 460 523 547 556 600 630 662 686 698 713 752 757 789 815 832 867 869 873 879 994 1000 1002 1032 1118 1121 1127 1154 1196 1197 1240 1246 1264 1363 1368 1401 1435 1459 1505 1548 1551 1615 1648 1787 1797 1831 1840 1905 1959 1966 2008 2018 2057 2089 2150 2168 2189 2275 2315 2373 2393 2403 2444 2497 2527 2540 2555 2565 2622 2651 2667 2774 2805 2837 2895 2928 2982 3026 3037 3074 3119 3131 3271 3328 3413 3485 3487 3510 3529 3538 3638 3670 3700 3708 3726 3793 3844 3898 3918 3937 3968 3975 3999 4007 4016 4017 4021 4027
124;7;6 19 25 31 68 124 143 144 177 181 252 282 323 330 348 422 432 456 460 547 556 600 630 662 686 698 752 757 789 815 832 867 869 873 879 1000 1002 1032 1118 1121 1154 1196 1197 1240 1246 1264 1363 1368 1401 1435 1459 1505 1548 1551 1615 1787 1797 1831 1905 1959 2018 2057 2139 2150 2154 2168 2189 2200 2275 2315 2373 2393 2403 2444 2497 2527 2540 2555 2565 2622 2651 2667 2774 2805 2807 2837 2895 2902 2945 2982 3026 3037 3054 3074 3119 3131 3207 3222 3271 3328 3413 3485 3487 3510 3529 3538 3638 3670 3700 3708 3726 3793 3842 3844 3898 3918 3937 3975 3999 4007 4016 4017 4021 4027
124;7;6 19 25 31 68 124 141 143 144 177 181 252 282 323 330 348 432 456 460 492 547 556 600 630 641 662 686 698 752 757 789 815 832 867 869 873 879 1000 1002 1032 1118 1121 1154 1196 1197 1240 1246 1264 1363 1368 1401 1435 1459 1505 1548 1551 1615 1787 1797 1831 1905 1959 2018 2057 2139 2150 2154 2168 2189 2200 2275 2315 2373 2393 2403 2444 2497 2527 2540 2555 2565 2622 2651 2667 2774 2805 2807 2837 2895 2902 2982 3026 3037 3054 3074 3119 3131 3222 3271 3328 3413 3485 3487 3510 3529 3538 3638 3670 3700 3708 3726 3793 3842 3844 3898 3918 3937 3975 3999 4007 4016 4017 4021 4027
125;7;6 19 25 31 68 124 143 144 177 181 252 282 303 323 330 348 432 456 460 547 556 600 630 662 686 698 752 757 789 815 832 867 869 873 879 1000 1002 1032 1118 1121 1154 1196 1197 1240 1246 1264 1363 1368 1401 1435 1459 1505 1548 1551 1615 1787 1797 1831 1905 1959 2018 2057 2139 2150 2154 2168 2189 2200 2238 2275 2315 2373 2393 2403 2444 2497 2527 2540 2555 2565 2622 2651 2667 2774 2805 2807 2837 2895 2902 2982 3026 3037 3054 3074 3096 3119 3131 3222 3271 3328 3413 3485 3487 3510 3529 3538 3606 3638 3670 3700 3708 3726 3793 3842 3844 3898 3918 3937 3975 3999 4007 4016 4017 4021 4027
126;7;6 19 25 31 68 124 143 144 177 181 252 282 323 328 330 348 432 456 460 547 556 600 630 662 686 698 752 757 789 815 832 867 869 873 879 1000 1002 1032 1118 1121 1154 1196 1197 1240 1246 1264 1363 1368 1378 1401 1435 1459 1505 1548 1551 1615 1787 1797 1831 1905 1959 2018 2044 2057 2139 2150 2154 2168 2189 2200 2275 2315 2373 2393 2403 2444 2497 2527 2540 2555 2565 2622 2651 2667 2774 2805 2807 2837 2895 2902 2982 3026 3033 3037 3054 3074 3119 3131 3222 3271 3328 3382 3413 3485 3487 3510 3529 3538 3638 3670 3700 3708 3726 3793 3842 3844 3898 3918 3937 3975 3999 4007 4016 4017 4021 4027
126;7;6 19 25 31 68 124 143 144 177 181 252 282 323 330 348 432 456 460 547 556 600 630 662 686 698 752 757 789 815 832 867 869 873 879 1000 1002 1032 1118 1121 1154 1196 1197 1240 1246 1256 1264 1363 1368 1401 1435 1459 1505 1548 1551 1615 1787 1797 1831 1840 1905 1959 2018 2057 2089 2139 2150 2154 2168 2189 2200 2275 2315 2373 2393 2403 2444 2497 2527 2540 2555 2565 2622 2651 2667 2670 2774 2805 2807 2837 2895 2902 2982 3026 3037 3054 3074 3119 3131 3222 3271 3278 3328 3413 3485 3487 3510 3529 3538 3638 3670 3700 3708 3726 3793 3842 3844 3898 3918 3937 3975 3999 4007 4016 4017 4021 4027
128;7;6 19 25 31 68 124 143 144 177 181 252 282 323 330 348 377 432 456 460 523 547 556 600 630 662 686 698 713 752 757 789 815 832 867 869 873 879 994 1000 1002 1032 1118 1121 1127 1154 1196 1197 1240 1246 1264 1363 1368 1401 1435 1459 1505 1548 1551 1615 1787 1797 1831 1905 1959 2008 2018 2057 2139 2150 2154 2168 2189 2200 2275 2315 2373 2393 2403 2444 2497 2527 2540 2555 2565 2622 2651 2667 2774 2805 2807 2837 2895 2902 2982 3026 3037 3054 3074 3119 3131 3222 3271 3328 3413 3485 3487 3510 3529 3538 3638 3670 3700 3708 3726 3793 3842 3844 3898 3918 3937 3968 3975 3999 4007 4016 4017 4021 4027
129;7;6 19 25 31 68 70 124 143 144 177 181 252 277 282 323 330 348 432 456 460 547 556 600 630 653 662 686 698 748 752 757 789 815 832 867 869 873 879 1000 1002 1032 1118 1121 1154 1196 1197 1240 1246 1264 1363 1368 1401 1435 1459 1505 1548 1551 1615 1787 1797 1831 1905 1928 1959 2018 2057 2139 2150 2154 2168 2189 2200 2275 2315 2373 2393 2403 2444 2497 2527 2540 2555 2565 2570 2622 2651 2667 2774 2805 2807 2837 2895 2902 2982 3026 3037 3054 3074 3119 3131 3189 3222 3271 3328 3366 3413 3485 3487 3510 3529 3538 3638 3670 3700 3708 3726 3793 3842 3844 3898 3918 3937 3975 3999 4007 4016 4017 4021 4027
