Tamanho    Peso
260  9257
248  8785
251  8685
246  8541
257  8839
252  9002
257  8620
250  9011
256  9060
249  8735
253  8988
259  9211
248  8522
258  9060
254  8901
254  8874
248  8947
251  8878
266  9309
241  8353
253  8915
244  8822
257  8871
260  8765
263  9123
257  9116
242  8502
263  9161
263  9140
250  8994
251  8833
254  9113
250  8665
254  9075
242  8539
243  8715
248  8813
236  8421
255  9045
259  9035
263  9197
251  8872
246  8640
248  8925
259  9055
256  9049
255  9030
259  9294
247  8668
251  8901

Time taken: 19
