***********CONSTRUÇÃO**************
ANTES | DEPOIS
0.468539   0.280167
0.469876   0.274604
0.470112   0.27764
0.470244   0.277362
0.469682   0.276419
0.47073   0.274124
0.468629   0.27349
0.472122   0.275528
0.469979   0.276256
0.469938   0.274563
0.469637   0.276995
0.470131   0.274405
0.470686   0.277445
0.470611   0.276973
0.471802   0.275791
0.470051   0.273554
0.471798   0.273085
0.467223   0.274997
0.468971   0.276412
0.470776   0.275064
0.469835   0.277396
0.471555   0.274877
0.47041   0.277872
0.467901   0.276592
0.469932   0.275694
0.470974   0.273945
0.469374   0.273896
0.470744   0.274987
0.470808   0.277036
0.470704   0.274619
0.469566   0.27702
0.471412   0.274885
0.471433   0.276562
0.469996   0.27715
0.47101   0.276032
0.46924   0.272958
0.471523   0.272848
0.470414   0.274392
0.470536   0.276586
0.471618   0.274501
0.469241   0.277255
0.469455   0.274514
0.472136   0.276558
0.470517   0.277007
0.469433   0.27599
0.469559   0.273827
0.47118   0.273833
0.471311   0.27484
0.469922   0.277953
0.470742   0.274262
***********BUSCA LOCAL**************
ANTES | DEPOIS
1.45777   0.250546
0.600345   0.24053
0.853554   0.246218
0.963288   0.245728
0.964351   0.243962
0.736869   0.243686
0.976402   0.243658
0.60474   0.243853
0.849493   0.249021
1.08972   0.242199
0.490143   0.243446
0.7379   0.246239
0.972965   0.240948
1.22704   0.242216
0.856012   0.248628
0.604777   0.248471
0.726479   0.243673
0.729678   0.246532
0.605956   0.248007
0.488474   0.244318
0.614909   0.247424
1.10116   0.2466
0.732653   0.251154
1.09263   0.241484
0.489615   0.240631
0.737291   0.249362
0.480047   0.247377
0.488971   0.246624
0.971608   0.247906
1.46704   0.245914
0.731878   0.241686
0.72886   0.251085
0.606804   0.248953
0.848204   0.251595
0.72951   0.250271
0.731067   0.24512
1.09807   0.244934
0.97696   0.253879
1.08343   0.246046
0.609406   0.245519
0.730986   0.244509
0.487894   0.247335
0.364722   0.249184
0.729322   0.246609
1.1041   0.244461
0.494329   0.251942
0.845671   0.366148
1.09129   0.243681
1.4575   0.251641
0.971344   0.241133
