31;8;392 451 631 738 1171 2385 2568 2686 3560 4246 4432 5277 5588 5885 6221 6663 6894 7264 7458 7681 7816 8776 8864 9121 9152 9422 9471 9875 9969 9993 10241
31;8;392 451 738 1171 2385 2568 2686 3560 3782 4432 4983 5277 5588 5885 6221 6663 6894 7264 7458 7681 7816 8776 8864 9121 9152 9422 9471 9875 9969 9993 10241
31;8;392 451 738 1171 2385 2568 2686 3560 3782 4246 4432 5277 5588 5885 6221 6663 6894 7264 7458 7681 7816 8776 8864 9121 9152 9422 9471 9875 9969 9993 10241
33;8;88 392 451 738 1171 2385 2568 2686 2790 3560 4432 5277 5588 5885 6154 6221 6663 6894 7264 7458 7681 7816 8776 8864 9121 9152 9422 9471 9752 9875 9969 9993 10241
33;8;392 451 738 966 1171 2385 2568 2686 3560 3782 4432 5124 5277 5588 5885 6221 6663 6894 7264 7458 7681 7816 8498 8776 8864 9121 9152 9422 9471 9875 9969 9993 10241
33;8;392 451 738 966 1171 2385 2568 2686 3560 4246 4432 5124 5277 5588 5885 6221 6663 6894 7264 7458 7681 7816 8498 8776 8864 9121 9152 9422 9471 9875 9969 9993 10241
33;8;392 451 738 1171 2385 2568 2686 2790 3560 3782 4432 5277 5588 5885 6154 6221 6663 6894 7264 7458 7681 7816 8776 8864 9121 9152 9422 9471 9752 9875 9969 9993 10241
33;8;392 451 738 1171 2385 2568 2686 2790 3560 4246 4432 5277 5588 5885 6154 6221 6663 6894 7264 7458 7681 7816 8776 8864 9121 9152 9422 9471 9752 9875 9969 9993 10241
34;8;392 451 738 1171 2385 2568 2651 2686 2790 3560 4432 5277 5588 5885 6154 6221 6465 6663 6894 7264 7458 7681 7816 8776 8864 9121 9152 9422 9471 9752 9875 9969 9993 10241
35;8;392 451 738 966 1171 2385 2568 2686 2790 3560 4432 5124 5277 5588 5885 6154 6221 6663 6894 7264 7458 7681 7816 8498 8776 8864 9121 9152 9422 9471 9752 9875 9969 9993 10241
