***********CONSTRUÇÃO**************
ANTES | DEPOIS
1.6747   1.11706
1.67285   1.11154
1.67038   1.11311
1.67748   1.10669
1.68091   1.10729
1.67316   1.10098
1.67106   1.1008
1.67483   1.10673
1.6661   1.09757
1.67261   1.10373
1.67665   1.11076
1.67765   1.1061
1.67295   1.10965
1.67622   1.10522
1.67983   1.10428
1.67398   1.10058
1.67553   1.10663
1.67645   1.10767
1.67242   1.10034
1.67232   1.10631
1.67624   1.11273
1.67393   1.11685
1.67295   1.11005
1.67532   1.10817
1.67743   1.11238
1.67302   1.10065
1.67141   1.10222
1.67052   1.10425
1.67556   1.10129
1.67523   1.10554
1.6801   1.11349
1.67083   1.1165
1.6796   1.10758
1.67499   1.10337
1.6771   1.11096
1.67204   1.10111
1.6725   1.10156
1.67143   1.10417
1.66672   1.10003
1.67047   1.10423
1.67214   1.11537
1.67325   1.11483
1.67285   1.11342
1.67665   1.10864
1.67581   1.11096
1.66989   1.1002
1.67493   1.10001
1.6706   1.10301
1.67517   1.10185
1.67716   1.10675
***********BUSCA LOCAL**************
ANTES | DEPOIS
3.52155   1.32996
3.99518   0.888537
3.09268   0.896159
3.52383   0.896046
3.06982   0.897983
4.44114   0.891573
4.40145   0.902507
4.40011   0.918588
2.63937   0.894296
2.62838   0.891607
3.0904   0.898084
3.98721   0.892452
3.53496   1.35345
1.77318   0.894067
3.07222   0.897388
2.20753   0.902564
1.75451   0.900391
1.77345   0.905176
1.78421   0.897935
3.9902   0.886455
1.76569   0.880024
3.54126   0.883856
4.46092   0.900043
1.77849   0.899154
2.21603   0.890013
2.66344   0.895577
4.40818   0.901729
2.6625   0.903151
1.75804   0.891225
3.08806   0.889836
1.33092   1.32038
2.63495   1.33197
3.52445   0.883519
2.66278   0.91036
3.96846   0.89438
3.07564   0.895725
1.31876   0.89365
2.6549   0.909512
3.94735   1.78767
4.85887   0.899574
2.6654   0.897074
3.98988   1.80184
2.20269   0.889777
3.53325   0.913997
1.76937   0.892579
3.52298   0.899326
3.07012   0.891556
3.51718   0.896383
2.67642   0.905965
1.75325   1.34048
