***********CONSTRUÇÃO**************
ANTES | DEPOIS
0.223038   0.129524
0.223182   0.128109
0.21787   0.127105
0.218376   0.116875
0.220393   0.116056
0.220721   0.11677
0.221969   0.11653
0.22343   0.115494
0.222968   0.101804
0.220398   0.109776
0.221373   0.126685
0.219011   0.12759
0.222045   0.125838
0.224325   0.116875
0.2221   0.116466
0.220192   0.116507
0.225131   0.116401
0.223326   0.115503
0.22503   0.101632
0.220495   0.109663
0.221532   0.126672
0.222856   0.128109
0.224589   0.125654
0.222623   0.116846
0.221889   0.116533
0.219851   0.117029
0.223237   0.116649
0.219768   0.115748
0.218545   0.10173
0.220444   0.109843
0.222164   0.126331
0.222011   0.127749
0.22068   0.126626
0.222154   0.11659
0.220821   0.116637
0.218336   0.116725
0.217602   0.116399
0.223591   0.115423
0.220107   0.101724
0.220231   0.109746
0.22458   0.12576
0.221726   0.127362
0.219398   0.125365
0.221378   0.116934
0.221542   0.116572
0.218889   0.116793
0.21825   0.116828
0.222836   0.115169
0.220538   0.101447
0.222019   0.109636
***********BUSCA LOCAL**************
ANTES | DEPOIS
0.224469   0.122288
0.099441   0.121785
0.108487   0.12204
0.099896   0.132509
0.117588   0.117078
0.105326   0.127891
0.096092   0.116143
0.107765   0.122656
0.16409   0.119626
0.118531   0.124908
0.118345   0.122628
0.099633   0.118485
0.176968   0.114641
0.180692   0.112399
0.111351   0.127608
0.101475   0.131611
0.116801   0.132036
0.110905   0.120115
0.096612   0.122879
0.109696   0.114008
0.112526   0.128922
0.106598   0.124558
0.117165   0.125569
0.105264   0.120901
0.113865   0.124437
0.115394   0.110918
0.10461   0.118861
0.118757   0.121312
0.109503   0.130933
0.11009   0.113546
0.113132   0.129172
0.112291   0.124314
0.115401   0.126184
0.100391   0.119005
0.106673   0.123182
0.177366   0.130101
0.118076   0.122482
0.100637   0.1274
0.105972   0.127111
0.108644   0.131858
0.11835   0.120449
0.108738   0.117217
0.10773   0.117963
0.117663   0.122994
0.111918   0.130021
0.118819   0.11807
0.113315   0.126697
0.110649   0.123256
0.111977   0.122958
0.118572   0.112718
