***********CONSTRUÇÃO**************
ANTES | DEPOIS
0.482758   0.301823
0.484169   0.300213
0.483656   0.298305
0.482273   0.299598
0.483078   0.300158
0.484015   0.298542
0.482143   0.299671
0.483533   0.302247
0.483278   0.301459
0.482871   0.298451
0.482476   0.300115
0.482528   0.299466
0.481703   0.299119
0.482503   0.300503
0.481694   0.299076
0.482306   0.2977
0.483033   0.299543
0.482462   0.301491
0.483696   0.300978
0.482458   0.297625
0.482358   0.300093
0.483766   0.29979
0.482313   0.297787
0.482831   0.300549
0.482255   0.299193
0.483188   0.298363
0.484076   0.29852
0.48234   0.302507
0.483823   0.300436
0.483394   0.298629
0.483465   0.29959
0.484235   0.299507
0.482244   0.298581
0.481925   0.299297
0.482902   0.299358
0.483087   0.298416
0.48219   0.298849
0.482985   0.302509
0.48387   0.300994
0.481816   0.298394
0.484121   0.300351
0.483851   0.299802
0.483089   0.298537
0.483031   0.300231
0.483937   0.29879
0.484369   0.298641
0.483054   0.29901
0.484329   0.302914
0.482729   0.300422
0.483471   0.29763
***********BUSCA LOCAL**************
ANTES | DEPOIS
0.746014   0.373919
0.859167   0.498534
0.856672   0.371273
0.372827   0.616007
0.613045   0.376223
0.4902   0.495668
1.37305   0.36723
0.743034   0.870799
1.11503   0.243374
1.23956   0.370531
0.735669   0.486763
0.860523   0.376113
0.864   0.376596
1.23368   0.248384
0.367213   0.376127
1.09919   0.494419
0.371298   0.248801
0.868546   0.743748
0.738848   0.37137
0.607378   0.373691
1.37042   0.248576
0.615815   0.496169
1.23892   0.369236
0.614307   0.374975
1.11242   0.491823
0.740426   0.248661
0.4978   0.249016
0.991801   0.371801
1.11177   0.498065
0.369569   0.24774
0.618388   0.617878
0.745831   0.500912
0.859234   0.250724
0.862702   0.501518
0.495092   0.496262
0.616885   0.252532
1.23846   0.494957
0.860971   0.61992
1.37208   0.623824
0.612919   0.373804
0.614017   0.249871
0.865931   0.5051
0.618697   0.376547
0.738796   0.369737
0.612733   0.374066
0.862469   0.247567
0.604749   0.374629
0.854563   0.376585
0.866639   0.498713
1.10905   0.370531
