***********CONSTRUÇÃO**************
ANTES | DEPOIS
1.70626   1.49364
1.70689   1.57035
1.70658   1.54246
1.71191   1.45145
1.7107   1.54245
1.70721   1.44707
1.70508   1.49376
1.7054   1.49061
1.7043   1.48944
1.70727   1.43971
1.71037   1.48662
1.70533   1.57277
1.70627   1.53995
1.71079   1.44947
1.70473   1.54282
1.70599   1.45415
1.70496   1.49929
1.70618   1.48938
1.70706   1.49082
1.70648   1.4399
1.70406   1.4911
1.70845   1.57159
1.71023   1.53843
1.70498   1.45231
1.70471   1.54867
1.70664   1.44981
1.70318   1.49191
1.70958   1.49241
1.70334   1.48532
1.70904   1.4381
1.70311   1.49063
1.70496   1.57468
1.70759   1.5463
1.70736   1.45278
1.70767   1.5415
1.70703   1.45679
1.71106   1.49286
1.71247   1.49185
1.70907   1.49091
1.706   1.43566
1.70811   1.49012
1.7046   1.57455
1.70773   1.53842
1.70622   1.4537
1.70703   1.54261
1.70685   1.44755
1.70689   1.4952
1.7057   1.49052
1.70818   1.49338
1.70698   1.43794
***********BUSCA LOCAL**************
ANTES | DEPOIS
2.16423   2.70574
2.18736   3.26306
1.50245   1.57391
3.06889   2.13257
1.56231   1.5846
1.48878   1.07291
1.62679   2.67438
3.7821   1.10783
2.09491   2.62636
2.1322   3.2331
1.53156   1.11714
4.82251   1.10188
2.09777   1.60164
1.55899   1.0823
1.6472   2.16683
2.04666   1.02858
1.61464   1.61152
1.50154   1.10284
1.49983   1.63024
1.57621   2.20065
2.10691   2.1546
3.20406   2.12692
2.64114   2.17298
4.27264   1.0492
2.05821   3.10043
1.64666   3.1649
2.07962   1.64039
1.53863   3.21334
1.59891   1.63847
2.07955   2.11951
1.94886   1.59062
2.09395   1.0873
1.53891   2.10205
1.58633   1.07462
2.61068   2.14649
1.56544   2.11223
2.1745   1.5674
3.81866   1.60655
2.09193   3.29009
1.56761   1.05253
2.03461   1.06857
1.59261   1.60019
1.58079   3.66849
1.60766   1.08218
1.52754   1.55155
1.63011   1.654
1.55063   1.67474
1.46114   2.66738
1.64603   1.62347
1.6135   2.17478
