Tamanho    Peso
1094  34926
1106  35086
1108  34981
1100  34980
1102  35022
1101  35221
1107  34934
1103  35260
1107  35264
1105  34970
1108  35044
1110  35037
1104  35052
1105  35030
1102  35446
1099  34939
1113  34971
1108  34932
1102  35078
1107  35222
1096  35202
1099  34935
1117  35003
1104  34882
1097  35221
1108  34806
1110  35290
1115  35004
1107  34726
1101  34912
1093  35010
1110  35007
1095  35159
1099  35101
1109  35321
1107  34944
1108  35091
1097  35073
1094  34786
1109  34997
1100  35105
1109  35264
1104  34907
1110  34927
1107  35236
1092  34864
1102  34896
1105  35313
1106  35192
1087  35156

Time taken: 53
