Tamanho    Peso
1099  34761
1098  34761
1106  34773
1088  34553
1092  34618
1095  34601
1097  34620
1103  34689
1100  34732
1103  34669
1098  34653
1092  34768
1102  34763
1095  34728
1092  34722
1094  34674
1099  34741
1105  34710
1100  34671
1097  34651
1100  34808
1095  34644
1097  34574
1088  34719
1092  34670
1089  34536
1094  34675
1102  34726
1097  34632
1102  34737
1098  34702
1100  34651
1104  34760
1095  34604
1095  34606
1093  34677
1089  34436
1104  34712
1101  34722
1099  34658
1103  34675
1099  34769
1105  34753
1092  34632
1097  34592
1090  34694
1094  34873
1101  34745
1096  34721
1101  34811

Time taken: 22
