Tamanho    Peso
1795  57905
1807  57643
1787  58412
1805  57529
1781  57729
1795  57853
1795  57823
1773  57499
1787  57923
1796  57638
1758  58443
1798  57800
1812  58321
1804  57845
1805  58214
1798  57553
1804  57973
1806  57869
1781  58112
1782  58200
1765  58321
1783  57648
1795  57830
1783  57749
1788  57679
1788  57675
1788  57634
1795  57954
1801  57471
1789  57479
1807  57955
1787  57520
1791  57943
1798  58219
1794  58252
1797  58537
1782  57822
1809  57771
1798  57938
1784  57487
1798  57765
1793  57408
1778  57611
1796  57871
1783  58213
1773  57632
1786  57965
1778  58015
1775  57776
1781  57700

Time taken: 236
