Tamanho    Peso
244  9450
256  9537
238  9186
240  9185
245  9120
239  8976
244  9141
236  8891
248  9170
244  9118
250  9379
244  9192
240  9273
250  9559
242  8990
236  9043
246  9062
238  8916
239  9151
244  9156
242  9280
244  9177
242  9434
248  9435
258  9586
242  9097
241  8985
235  8965
253  9282
243  9135
241  9130
232  9007
247  9342
239  9203
239  9187
235  8807
248  8923
233  8857
247  9288
249  9219
241  9270
241  9124
249  9327
243  9093
250  9357
237  8833
238  8961
236  8794
250  9249
249  9367

Time taken: 16
