Tamanho    Peso
120  4677
104  4170
114  4623
103  4597
119  4865
125  4719
108  4527
102  4155
93  4166
118  4997
120  4801
103  4135
99  4041
105  4165
121  5160
106  4295
107  4082
105  4375
121  4573
118  5014
96  3979
93  3994
122  5150
106  4600
123  5153
96  4048
107  4447
110  4443
100  4149
94  4233
105  4223
110  4553
116  4375
113  4151
122  5096
120  4884
107  4450
96  3913
105  4276
105  4810
109  4392
117  4932
94  3609
99  3821
117  4734
97  4200
101  4356
106  4169
107  4312
117  5162

Time taken: 174
