Tamanho    Peso
1802  57655
1793  57833
1788  57829
1780  57829
1796  57750
1788  57675
1794  57690
1796  57760
1798  57876
1788  57613
1798  58179
1811  58051
1782  57551
1783  57421
1804  57839
1788  57950
1792  57664
1790  57583
1789  58044
1797  57825
1798  57941
1792  57678
1785  57595
1785  58418
1801  58328
1776  57596
1792  57441
1796  57822
1782  57609
1779  57998
1806  57936
1791  57880
1806  58423
1779  57187
1779  57406
1807  58061
1811  58036
1792  57949
1789  58257
1796  58183
1788  57766
1787  57637
1754  58414
1792  57347
1779  58421
1793  58075
1781  57636
1780  57646
1809  57655
1781  57474

Time taken: 242
