***********CONSTRUÇÃO**************
ANTES | DEPOIS
1.68383   1.14126
1.68156   1.15291
1.68263   1.14838
1.68117   1.14802
1.68535   1.1537
1.68422   1.15609
1.68245   1.15207
1.68006   1.15438
1.67594   1.14131
1.68154   1.13727
1.68038   1.13571
1.67491   1.15463
1.67857   1.14698
1.6814   1.14524
1.68049   1.15252
1.68411   1.15403
1.67895   1.15049
1.68289   1.15259
1.68097   1.14419
1.67801   1.13482
1.67537   1.13623
1.68069   1.14985
1.67601   1.14467
1.67058   1.14927
1.6835   1.15587
1.67725   1.1543
1.67828   1.15141
1.67992   1.15603
1.67998   1.14353
1.68044   1.13892
1.6785   1.14178
1.68161   1.15072
1.68408   1.14109
1.68347   1.14597
1.68576   1.15185
1.67972   1.154
1.68025   1.15579
1.68168   1.14985
1.67517   1.14523
1.68314   1.13782
1.67883   1.13871
1.68304   1.15403
1.67883   1.14895
1.68025   1.14765
1.68138   1.15477
1.68286   1.15499
1.67958   1.15109
1.68137   1.15575
1.67321   1.14171
1.67347   1.14232
***********BUSCA LOCAL**************
ANTES | DEPOIS
4.01566   1.32923
3.96485   1.78199
3.54115   1.77068
2.65886   1.33555
2.20018   1.77732
2.65565   1.33107
4.00711   0.889946
3.5504   2.22827
4.45425   1.76855
4.44568   1.33886
2.22988   1.32627
2.63508   1.33129
2.21178   0.882855
4.00171   1.32289
2.64492   0.896015
4.01285   1.31963
4.88987   1.76955
2.65447   1.3438
2.64855   1.78632
4.44575   1.32266
2.20863   0.899323
4.93596   1.33565
3.12157   1.78524
2.67943   1.34241
2.22972   1.32082
4.43068   1.33465
2.65443   0.889901
3.09219   1.79194
4.44359   0.877153
3.09646   0.880321
2.20864   0.891352
2.65768   0.888151
1.77872   1.34184
4.41614   1.33741
3.08414   0.881016
2.6429   1.33814
3.53957   0.881839
2.67239   1.33471
1.76895   1.32769
3.09553   1.78753
3.55309   1.76358
2.65409   1.33892
1.33483   1.79711
3.56245   1.31253
1.76621   0.886107
2.6852   1.79343
3.99504   1.76359
3.08907   1.32908
4.0071   0.885298
3.06314   1.77346
