Tamanho    Peso
267  8734
270  8806
244  8573
268  8818
241  8766
239  8403
242  8526
264  8859
264  8622
238  8347
242  8759
261  8875
269  8589
266  8636
265  8843
272  9020
242  8811
264  8843
261  8848
267  8853
267  8653
267  8686
262  8518
262  8680
230  8726
247  8630
265  8651
264  8663
267  8842
267  8574
260  8695
262  8647
263  8754
270  8805
240  8631
240  8782
269  8811
237  8322
263  8664
237  8226
266  8797
267  8599
262  8624
251  8587
248  8923
244  8700
269  8891
247  8752
263  8698
246  8762

Time taken: 19
