***********CONSTRUÇÃO**************
ANTES | DEPOIS
0.4792   0.300899
0.478422   0.295873
0.478481   0.298046
0.477889   0.296071
0.477339   0.29703
0.478383   0.294004
0.478357   0.294437
0.478411   0.291732
0.480051   0.296428
0.476182   0.297074
0.477161   0.298014
0.477695   0.295934
0.478355   0.297425
0.480372   0.296188
0.479495   0.29599
0.477866   0.293527
0.479231   0.294727
0.479209   0.291828
0.479344   0.295698
0.479205   0.29701
0.478099   0.297968
0.478399   0.296391
0.477356   0.297418
0.478115   0.296033
0.478756   0.296732
0.480787   0.293137
0.480153   0.295115
0.478136   0.291857
0.479   0.296323
0.478252   0.296764
0.479089   0.297831
0.479113   0.29604
0.478721   0.298549
0.478599   0.296795
0.479199   0.296057
0.47768   0.293565
0.478572   0.294536
0.479455   0.291247
0.478401   0.296082
0.477713   0.297478
0.476784   0.298227
0.479279   0.295611
0.478919   0.298944
0.478957   0.296946
0.478738   0.296469
0.478738   0.293357
0.477818   0.294316
0.479162   0.29216
0.477881   0.296205
0.478544   0.296115
***********BUSCA LOCAL**************
ANTES | DEPOIS
0.977484   0.247293
0.980537   0.246924
0.493087   0.25158
0.747834   0.247899
0.870988   0.250881
0.614801   0.24723
0.866163   0.253225
0.623386   0.242765
0.871206   0.252398
0.860712   0.245023
1.11176   0.250511
0.860936   0.252342
0.733372   0.243888
0.749062   0.374628
1.36338   0.248788
1.23887   0.245547
0.859971   0.247406
0.742834   0.249191
0.49443   0.250834
0.863162   0.245962
0.867316   0.371742
0.610552   0.49622
0.871687   0.249878
0.867885   0.249223
0.744807   0.366259
0.748288   0.374023
0.498708   0.24828
0.605211   0.247213
0.741136   0.248037
1.23714   0.250057
0.866605   0.250663
0.611262   0.243609
0.61389   0.369815
1.2446   0.252431
0.3659   0.249356
1.122   0.247884
0.493837   0.248821
1.11075   0.247045
0.368556   0.380765
0.862602   0.249141
0.869174   0.251139
0.743688   0.24984
0.865241   0.250432
0.498738   0.502842
0.363399   0.252236
0.743466   0.248924
0.487585   0.245359
1.10814   0.497926
0.859995   0.252506
0.618063   0.254658
