***********CONSTRUÇÃO**************
ANTES | DEPOIS
1.77068   1.70701
1.78317   1.65596
1.77662   1.66334
1.78443   1.66354
1.77716   1.66543
1.78719   1.66504
1.77679   1.66346
1.77418   1.65657
1.7763   1.65331
1.77198   1.65019
1.78083   1.69713
1.77896   1.66038
1.77729   1.666
1.78101   1.66556
1.78199   1.65995
1.78446   1.66135
1.77871   1.66782
1.77808   1.65963
1.7815   1.65212
1.78506   1.65677
1.7831   1.70308
1.77528   1.65741
1.78109   1.66448
1.78469   1.65291
1.77615   1.66266
1.77808   1.65875
1.78053   1.6709
1.78077   1.65741
1.77277   1.65949
1.77986   1.65634
1.77979   1.69726
1.78253   1.65803
1.78401   1.65911
1.77835   1.65848
1.78464   1.66105
1.78256   1.6655
1.77829   1.66741
1.77562   1.65187
1.77947   1.65255
1.78398   1.6491
1.78123   1.70525
1.77421   1.66116
1.78166   1.66079
1.77884   1.65861
1.78234   1.66314
1.78026   1.66845
1.77769   1.6654
1.78593   1.65903
1.7757   1.65209
1.77771   1.66059
***********BUSCA LOCAL**************
ANTES | DEPOIS
1.77341   1.82086
1.76705   1.82121
1.8207   1.77049
1.7003   1.82136
1.71357   2.37487
1.79198   2.42264
1.83098   3.0058
2.33719   1.81411
1.77038   1.73347
1.80197   3.01032
1.77875   2.35919
1.81437   1.71768
3.02812   2.35987
1.79777   2.94786
1.82578   1.81064
1.73883   1.7826
3.55719   1.72539
1.81605   1.80831
1.80516   2.38088
1.79086   1.82927
1.81215   1.81856
2.35508   1.81022
1.72057   1.7129
1.66256   2.38827
1.83029   1.76684
1.7966   1.80226
3.00097   2.40933
2.415   1.74166
2.94911   1.76473
1.78445   2.41635
3.01703   2.92587
2.92873   1.73876
1.75841   2.9562
1.76412   2.33738
1.78503   2.99058
1.81251   2.33487
1.72951   1.75801
1.82608   1.79103
1.72348   1.73984
2.84378   2.38627
2.98249   1.72495
2.36212   1.81708
1.76455   1.78147
2.31275   2.85821
1.77869   1.78303
1.74133   1.74808
1.73798   1.76392
1.80979   1.81694
1.75443   3.62552
1.75633   2.41157
