Tamanho    Peso
1104  34977
1094  34777
1098  34895
1096  34951
1113  34945
1096  34722
1102  34864
1093  34928
1097  34881
1107  34914
1104  34990
1107  35024
1110  34933
1097  34974
1109  35000
1094  34932
1104  34980
1098  34604
1097  35008
1110  34874
1106  34918
1099  34914
1092  35009
1096  35088
1103  35175
1103  34974
1101  34973
1090  34890
1108  34868
1100  34557
1106  34814
1103  34990
1101  35133
1109  34809
1096  34927
1098  35061
1098  34752
1098  34950
1083  35348
1101  35041
1106  34921
1094  34778
1110  34919
1102  35003
1099  35293
1097  34926
1098  34903
1101  35138
1090  34973
1089  35450

Time taken: 58
