Tamanho    Peso
240  7155
242  7206
241  7169
242  7139
242  7350
237  7131
242  7184
243  7344
239  7157
242  7090
238  7195
244  7452
217  7010
242  7131
238  7173
239  7071
216  7079
240  7108
240  7190
244  7167
239  7064
222  7170
237  7195
241  7269
244  7172
240  7281
222  7252
213  7006
239  7142
242  7062
215  7208
220  6872
238  7232
234  7119
241  7297
242  7369
222  7114
241  7190
248  7315
245  7425
236  6943
240  7140
240  7259
237  7202
237  7089
238  7350
216  7129
242  7161
238  7105
240  7094

Time taken: 17
