Tamanho    Peso
1030  33051
1025  33004
1035  33187
1026  32982
1028  33136
1029  33142
1021  32999
1031  33096
1025  33100
1034  33156
1029  33101
1023  33044
1030  32983
1020  32829
1035  33226
1022  33071
1021  32773
1033  33091
1029  32901
1030  33015
1022  33059
1023  32893
1034  32976
1022  32897
1030  33167
1031  33082
1025  32971
1026  33100
1028  32970
1034  33200
1031  33161
1022  32816
1038  33039
1022  32876
1033  33148
1027  33059
1025  32969
1029  33050
1022  33014
1032  33089
1030  32938
1023  33007
1035  33110
1017  32842
1030  33184
1031  32955
1024  32966
1030  33037
1023  32866
1032  33077

Time taken: 28
