Tamanho    Peso
1033  33705
1019  33417
1025  33102
1043  33646
1028  33204
1032  33210
1035  33310
1023  33155
1039  33722
1037  33361
1032  33510
1028  33205
1042  33365
1036  33355
1040  33680
1041  33234
1043  33406
1024  33383
1041  33361
1039  33294
1029  33123
1030  33194
1034  33191
1029  33397
1024  33593
1035  33279
1038  33207
1041  33152
1022  33477
1029  33477
1039  33161
1030  33337
1041  33412
1027  33127
1030  33398
1044  33375
1036  33590
1036  33606
1020  33181
1034  33263
1028  33508
1023  33589
1042  33320
1035  33313
1034  33147
1037  33512
1035  33108
1028  33344
1042  33352
1040  33297

Time taken: 61
