***********CONSTRUÇÃO**************
ANTES | DEPOIS
0.46932   0.290523
0.468511   0.28947
0.470201   0.280475
0.46948   0.283685
0.47183   0.284296
0.472167   0.288247
0.47143   0.282692
0.469604   0.282424
0.471969   0.286092
0.470117   0.282677
0.470037   0.287946
0.470622   0.289108
0.470863   0.280328
0.469647   0.283244
0.47097   0.285035
0.471102   0.287578
0.469178   0.28246
0.471591   0.282828
0.471128   0.28712
0.470965   0.281428
0.470059   0.287562
0.470305   0.289616
0.469698   0.280859
0.470968   0.283278
0.470937   0.284138
0.471364   0.288303
0.471961   0.282809
0.46934   0.282159
0.46928   0.286367
0.469609   0.282179
0.470291   0.286555
0.471287   0.288322
0.470638   0.28138
0.469993   0.283564
0.470881   0.284641
0.470476   0.287899
0.469292   0.283279
0.472659   0.282147
0.470942   0.285932
0.471098   0.282704
0.471132   0.28747
0.472297   0.289199
0.469578   0.280651
0.47088   0.283274
0.471124   0.284348
0.470855   0.288339
0.471133   0.282556
0.470962   0.282363
0.470498   0.286395
0.471599   0.281852
***********BUSCA LOCAL**************
ANTES | DEPOIS
0.354621   0.250605
0.362603   0.246361
1.21899   0.241663
0.367828   0.247866
0.971515   0.248468
1.10307   0.249973
0.732201   0.37811
1.21418   0.245819
0.36333   0.244186
0.607797   0.37069
0.365496   0.251053
0.725973   0.248211
1.10767   0.246564
0.975533   0.245621
0.36683   0.251395
0.97911   0.251419
0.86026   0.248182
0.733706   0.250496
0.733598   0.252903
1.221   0.247761
0.977236   0.497762
0.851758   0.367276
0.73821   0.244545
0.483553   0.243876
0.371523   0.249698
0.860005   0.498328
1.33949   0.245092
1.22178   0.493668
0.484956   0.249203
0.361821   0.246594
0.49024   0.245641
0.858471   0.245399
0.872548   0.245182
1.72525   0.246191
0.488069   0.247645
0.483552   0.248267
0.732976   0.250954
0.366444   0.248509
0.489315   0.248411
0.731109   0.247936
0.608966   0.253015
0.365497   0.250295
0.724892   0.245698
0.853808   0.24723
0.982047   0.244649
0.486886   0.494504
0.975584   0.247256
0.607556   0.249979
0.726633   0.247747
0.730853   0.243702
