***********CONSTRUÇÃO**************
ANTES | DEPOIS
1.60892   1.34807
1.60853   1.34206
1.60529   1.34088
1.61321   1.34868
1.61543   1.3446
1.61485   1.34462
1.61401   1.34968
1.61224   1.3467
1.61423   1.34848
1.60796   1.34484
1.61867   1.34421
1.61383   1.34355
1.60484   1.34151
1.61486   1.34809
1.60309   1.34383
1.6156   1.34367
1.60891   1.34792
1.6155   1.34699
1.61046   1.34861
1.61193   1.34584
1.60826   1.34482
1.60882   1.34327
1.61025   1.34392
1.60681   1.34795
1.61024   1.34479
1.60699   1.3418
1.60464   1.34839
1.61471   1.34423
1.61726   1.34995
1.61196   1.34523
1.61249   1.34166
1.60659   1.34363
1.61339   1.34254
1.61005   1.34824
1.61354   1.34676
1.61158   1.34536
1.612   1.34737
1.61434   1.3457
1.60937   1.34817
1.61427   1.34651
1.61238   1.34277
1.60895   1.34289
1.60894   1.34173
1.61143   1.34901
1.60482   1.34313
1.61606   1.34308
1.62161   1.35202
1.61042   1.34707
1.59869   1.34845
1.60835   1.34846
***********BUSCA LOCAL**************
ANTES | DEPOIS
2.41701   1.39736
2.30771   1.49872
1.46576   1.47676
1.41092   1.82933
1.48039   2.4755
1.85918   2.43231
1.92159   1.44106
2.89427   2.91984
1.86621   1.46039
1.42128   1.46439
1.42925   2.51682
2.44245   2.45469
1.4339   1.48372
1.53387   1.44055
1.93166   1.47184
2.38736   1.45194
1.48193   1.44517
1.44188   1.38487
1.50182   1.40807
1.44835   1.42518
1.94875   2.33795
1.45201   2.40956
2.37912   1.42775
1.93319   1.89823
1.42142   2.42693
1.92854   1.49901
2.35603   1.94839
1.51449   2.36533
2.46118   1.483
1.40386   2.4125
2.40023   1.47704
1.87512   1.37639
1.91665   1.50422
1.47726   1.45949
2.41568   1.91856
2.49221   1.89006
1.90501   1.88654
2.40166   2.36095
1.44994   1.48185
1.40899   1.86726
2.45161   1.43984
1.8092   1.42159
1.91929   1.4399
1.41843   2.86679
1.45901   1.48575
1.87495   1.94217
1.96249   2.37474
1.39166   2.75702
2.4456   1.43393
1.98436   2.00393
