***********CONSTRUÇÃO**************
ANTES | DEPOIS
0.392519   0.212585
0.391942   0.208897
0.391209   0.207139
0.390277   0.209736
0.390691   0.209904
0.391434   0.20731
0.38967   0.20897
0.392716   0.20767
0.392164   0.208253
0.391699   0.208633
0.391852   0.210123
0.391385   0.208696
0.389899   0.207667
0.390451   0.210331
0.390954   0.210614
0.390384   0.20748
0.391114   0.209125
0.389968   0.208119
0.39117   0.207152
0.389979   0.209081
0.390059   0.209933
0.392335   0.20899
0.391293   0.207452
0.390653   0.210311
0.39019   0.211819
0.390562   0.207793
0.391028   0.207987
0.392729   0.207959
0.392985   0.207394
0.391564   0.208356
0.391208   0.210674
0.388383   0.209359
0.390782   0.207565
0.391501   0.21008
0.391299   0.210392
0.394296   0.207428
0.391463   0.208363
0.391425   0.207394
0.391935   0.206939
0.391537   0.208663
0.39092   0.209853
0.391136   0.209092
0.39243   0.207349
0.391134   0.211091
0.391347   0.210584
0.390763   0.207843
0.390512   0.207696
0.392964   0.208401
0.392023   0.207891
0.392784   0.208551
***********BUSCA LOCAL**************
ANTES | DEPOIS
0.476331   0.193997
0.472575   0.479988
1.04584   0.193871
1.03628   0.191557
0.661576   0.192823
0.377831   0.187517
0.661272   0.192331
1.34785   0.287816
0.576455   0.287789
0.476349   0.28658
0.949979   0.190325
0.2822   0.193889
0.668052   0.285549
0.856882   0.190377
0.75972   0.188749
0.955415   0.285674
1.14573   0.188879
1.06123   0.38598
0.959442   0.19286
0.664694   0.190926
0.766503   0.190969
0.663233   0.3825
0.480256   0.190042
0.961381   0.283403
0.571587   0.189219
0.471041   0.194379
0.853863   0.18957
0.382783   0.28692
0.382613   0.185788
0.475728   0.19397
0.569395   0.47852
0.752023   0.190764
0.761561   0.383221
0.760358   0.191161
0.764648   0.193291
0.762337   0.194793
0.570085   0.190058
0.668616   0.190907
0.663833   0.190809
0.474969   0.381698
0.476429   0.186993
0.475246   0.193949
0.944684   0.186387
0.858896   0.382141
1.04427   0.190464
0.281209   0.183848
0.572174   0.193553
0.664448   0.368416
0.567344   0.185572
0.86197   0.193423
