Tamanho    Peso
1717  56305
1720  56718
1702  56097
1716  56553
1731  56662
1720  56780
1700  56774
1714  56434
1694  56792
1720  56333
1716  56384
1727  56619
1704  56087
1691  57267
1710  56217
1711  56048
1707  56639
1713  56311
1710  56004
1691  56910
1705  56119
1708  57005
1707  56336
1705  56472
1696  57007
1703  56602
1700  56812
1709  56550
1712  56297
1709  56174
1686  56312
1703  56240
1701  56044
1710  56057
1714  56111
1712  56485
1703  56722
1699  56468
1701  56206
1714  56405
1708  56977
1698  56811
1698  56478
1722  56384
1707  56968
1700  56056
1698  56016
1708  56666
1705  56349
1696  56954

Time taken: 224
