Tamanho    Peso
247  7319
264  7122
263  7122
262  7171
265  7216
265  7234
262  7049
265  7225
262  7120
262  6995
251  7410
262  7189
263  7146
260  7064
262  7176
263  7229
264  7182
264  7254
264  7161
263  7040
247  7390
262  7117
264  7226
260  7099
263  7093
263  7187
261  7081
262  7207
264  7118
263  6985
246  7299
263  7186
265  7144
262  7071
261  7069
262  7194
262  7067
263  7182
263  7043
262  6961
246  7217
265  7269
262  7115
262  7141
263  7237
261  7077
262  7118
263  7163
264  7084

Time taken: 12
