Tamanho    Peso
296  7747
293  7702
295  7781
289  7635
251  7358
296  7871
294  7737
289  7697
289  7717
300  7849
290  7778
294  7751
294  7826
290  7859
293  7870
292  7822
299  7861
291  7690
291  7721
290  7744
295  7813
297  7839
293  7720
295  7738
298  7832
292  7727
293  7850
294  7712
291  7609
295  7780
293  7796
296  7824
292  7715
293  7700
287  7739
295  7716
252  7749
291  7677
289  7759
288  7730
298  7929
294  7679
291  7765
291  7774
294  7665
290  7779
291  7841
290  7848
263  7871
293  7818

Time taken: 17
