Tamanho    Peso
118  5163
91  4016
128  5287
86  3473
90  3593
90  3610
101  4248
107  4481
91  3915
122  4617
89  3267
91  3924
102  4195
101  4326
107  4298
105  4512
99  4072
106  4521
132  5561
92  3966
92  3897
95  4076
110  4816
97  4185
109  4695
101  4615
108  4429
103  4253
93  4019
118  5247
93  3852
95  4015
112  4851
92  3946
97  4363
128  5251
127  5259
95  3968
112  5001
112  4610
97  4198
101  4635
120  5233
93  4104
98  4222
99  4122
104  4199
94  3607
126  5343
91  3798

Time taken: 179
