***********CONSTRUÇÃO**************
ANTES | DEPOIS
1.70616   1.65264
1.70868   1.64323
1.70719   1.64371
1.70501   1.48197
1.70388   1.65769
1.70884   1.49567
1.71352   1.48241
1.70746   1.65169
1.70844   1.64802
1.70811   1.47295
1.70418   1.64212
1.70184   1.65128
1.7081   1.64251
1.71371   1.48198
1.71016   1.65454
1.70494   1.4994
1.7067   1.4845
1.71193   1.63915
1.70415   1.64605
1.70569   1.47385
1.70995   1.64308
1.70842   1.64723
1.70563   1.64207
1.70578   1.48273
1.70613   1.65537
1.70769   1.49199
1.70291   1.48232
1.70705   1.64122
1.70865   1.64306
1.7098   1.47306
1.70598   1.64135
1.70522   1.64636
1.71038   1.64278
1.71027   1.48174
1.70673   1.65519
1.70359   1.49631
1.70376   1.48166
1.70931   1.64134
1.71328   1.63837
1.70596   1.47487
1.71173   1.64032
1.70972   1.65235
1.70394   1.64798
1.70802   1.47769
1.70664   1.65056
1.70548   1.4911
1.70267   1.48306
1.70596   1.6439
1.70809   1.64319
1.70639   1.47327
***********BUSCA LOCAL**************
ANTES | DEPOIS
1.6167   1.49821
2.06137   1.62351
1.07228   1.51284
1.99385   2.13092
2.5116   2.71399
2.0486   1.64251
1.56478   2.11124
2.67606   1.60249
3.15581   2.13216
1.63437   2.15997
2.6031   1.5206
3.25345   1.97589
1.53139   1.64978
2.17687   1.6329
1.63488   2.64515
1.56085   1.66297
1.53828   1.58956
1.62421   1.61608
1.11262   2.04665
1.51419   1.48906
1.53964   1.63813
1.48895   2.05912
1.64906   1.63214
1.49507   1.53998
1.60232   1.55034
1.60825   1.59488
1.58046   2.19028
2.07693   2.67465
1.46537   1.58335
1.65168   2.71954
1.58315   1.6614
3.12708   2.18213
2.72961   2.01248
2.06856   2.06997
3.23814   2.64733
1.11617   1.0881
1.06745   2.07259
1.50896   1.64752
1.63909   3.79383
2.1865   1.60218
2.15777   1.51902
1.61977   1.59441
2.14006   1.51719
1.49599   1.09677
1.61983   1.56988
1.53039   1.53699
1.60377   2.18518
2.10324   2.07777
1.08087   1.5578
2.57757   1.60144
