Tamanho    Peso
104  4316
109  4820
104  4237
95  4279
111  5024
103  4515
94  3980
123  5514
108  4592
113  4333
112  4465
80  3262
122  5459
108  4655
95  4041
96  4092
99  4023
118  4593
91  4072
97  3777
120  5016
105  4280
124  5421
97  4082
101  4269
102  4381
106  4456
105  4908
112  4616
108  4429
116  5002
119  5213
98  3938
93  3991
115  4426
120  5064
98  3766
116  4892
117  4680
96  4060
101  4303
121  5159
103  4245
126  5003
115  4799
96  4073
114  4276
111  4503
104  4219
107  4350

Time taken: 172
