Tamanho    Peso
1096  34696
1106  34698
1110  34746
1102  34604
1101  34614
1108  34671
1103  34599
1109  34753
1100  34773
1108  34673
1096  34646
1103  34788
1100  34714
1088  34534
1102  34741
1109  34728
1099  34654
1104  34744
1103  34633
1093  34495
1098  34563
1104  34694
1094  34539
1099  34614
1107  34745
1109  34756
1104  34641
1110  34735
1094  34708
1102  34767
1099  34726
1104  34703
1089  34654
1096  34593
1087  34501
1102  34654
1097  34570
1106  34791
1098  34595
1102  34611
1093  34691
1099  34755
1110  34733
1101  34544
1100  34667
1108  34631
1104  34726
1100  34607
1102  34734
1102  34594

Time taken: 23
