***********CONSTRUÇÃO**************
ANTES | DEPOIS
0.400801   0.223268
0.401549   0.225657
0.40204   0.228932
0.399529   0.224904
0.399457   0.220999
0.399606   0.227987
0.400484   0.225679
0.402415   0.226849
0.401796   0.220338
0.399279   0.222583
0.399658   0.223632
0.401677   0.225246
0.402671   0.227749
0.402122   0.225067
0.402194   0.221529
0.400796   0.228145
0.403238   0.224651
0.40137   0.225925
0.401394   0.221842
0.400224   0.223321
0.403554   0.221902
0.399496   0.22545
0.400259   0.228525
0.399991   0.22409
0.400822   0.221772
0.401186   0.227959
0.400327   0.224972
0.401659   0.227032
0.401672   0.220702
0.400309   0.221005
0.400438   0.222076
0.400437   0.224818
0.398843   0.227921
0.401247   0.224112
0.400682   0.220487
0.402857   0.226289
0.400792   0.224798
0.40091   0.225882
0.400253   0.220148
0.403165   0.221818
0.399902   0.220614
0.402712   0.224936
0.402298   0.22906
0.401662   0.224707
0.400243   0.220414
0.401238   0.228328
0.401027   0.224281
0.400018   0.226874
0.402282   0.221793
0.402201   0.221163
***********BUSCA LOCAL**************
ANTES | DEPOIS
0.677742   0.194682
0.776496   0.192122
0.585287   0.194822
0.77514   0.192201
0.672298   0.194114
0.867135   0.197391
0.769022   0.193392
1.063   0.192647
0.295598   0.194599
0.680233   0.190741
0.680242   0.192423
0.69256   0.196468
0.586585   0.386041
0.781434   0.492047
0.976364   0.192924
0.589011   0.19091
0.876612   0.193932
0.588151   0.197471
0.580079   0.193992
0.293023   0.388371
0.493122   0.195937
0.487078   0.193122
0.676254   0.39108
0.583553   0.193319
0.378333   0.193992
0.484767   0.192266
0.683835   0.20022
0.58064   0.198015
0.581527   0.291676
0.488587   0.193521
0.679552   0.484529
0.484501   0.390444
0.580372   0.289847
0.677746   0.197184
0.585964   0.3901
0.578865   0.193877
0.971315   0.393285
0.681508   0.197997
0.965768   0.195448
1.34268   0.197593
0.780664   0.197759
0.383901   0.195237
0.482974   0.19111
0.862057   0.199186
0.575779   0.19949
1.63295   0.19308
0.481902   0.197575
0.577618   0.294046
0.877151   0.193424
0.385118   0.193599
