Tamanho    Peso
1097  35121
1112  35007
1106  35383
1098  35088
1104  35100
1108  35009
1114  35110
1103  34763
1097  35501
1103  35079
1109  35178
1106  35121
1109  35231
1102  34934
1109  35082
1092  35273
1113  35308
1104  35254
1098  35074
1092  35382
1113  35211
1111  35229
1105  35046
1095  34966
1092  35290
1097  35042
1102  34917
1109  35021
1105  35142
1100  34956
1103  35034
1098  35095
1102  35192
1098  34955
1106  35273
1111  35220
1101  34917
1096  34886
1116  34959
1109  34978
1107  34988
1101  35382
1098  35205
1105  34925
1114  35143
1104  34810
1099  35128
1109  35248
1102  35025
1093  35189

Time taken: 54
