Tamanho    Peso
1778  57635
1755  58426
1785  57846
1783  57623
1811  57957
1803  58021
1795  58097
1781  58008
1784  57995
1775  57760
1794  57918
1787  58293
1792  57913
1802  58277
1814  58086
1798  57853
1788  57597
1793  57938
1767  57499
1808  57756
1792  58404
1786  57647
1805  58040
1794  57712
1794  57479
1783  57680
1784  57572
1789  57702
1784  57939
1768  58114
1788  57754
1778  57878
1793  57599
1807  57843
1808  57953
1774  58261
1800  58217
1792  57461
1787  57901
1784  57666
1756  58510
1798  57767
1790  57492
1794  57845
1805  58154
1781  57808
1782  57910
1792  58576
1807  57850
1789  57762

Time taken: 230
