Tamanho    Peso
266  8879
252  8706
240  8526
262  8680
269  8695
264  8575
264  8683
245  8628
234  8211
267  8899
239  8504
243  8620
240  8173
249  8675
263  8624
262  8686
264  8607
272  8761
265  8705
269  8840
244  8653
265  8803
268  8636
272  8739
247  8755
244  8649
262  8859
268  8767
264  8636
248  8659
247  8553
248  8810
264  8811
245  8607
273  8860
266  8865
267  8820
238  8470
241  8571
245  8654
267  8685
266  8799
266  8838
266  8648
262  8600
266  8641
264  8550
263  8737
264  8717
262  8800

Time taken: 18
