Tamanho    Peso
1735  56292
1733  56241
1726  56139
1717  56008
1729  56061
1727  56190
1717  55975
1730  56119
1715  55990
1735  56305
1732  56185
1725  56129
1713  55898
1728  56018
1731  56131
1728  56185
1708  55945
1717  56037
1714  55931
1721  56121
1714  56048
1720  56063
1720  55910
1731  56003
1729  55975
1714  55861
1711  55997
1717  55880
1718  56111
1725  56271
1720  56153
1725  56018
1727  56025
1721  55907
1722  55970
1731  56056
1715  56032
1719  56111
1707  55993
1722  56277
1720  56034
1717  56149
1715  55900
1720  55890
1731  56170
1728  56002
1713  55836
1716  55749
1719  56096
1718  56249

Time taken: 97
