Tamanho    Peso
251  8698
282  9050
276  9249
250  8906
247  8939
276  8888
254  9033
278  9033
276  8900
271  8900
249  8917
279  8942
279  9054
285  9241
256  8914
278  8843
249  8632
263  9075
278  9175
256  9194
239  8831
257  9183
281  9101
278  9063
241  8633
277  8974
277  9043
282  9226
247  8620
243  8630
278  9104
277  8989
281  9120
276  9022
246  8765
280  8983
243  8681
253  8798
274  8901
235  8196
240  8234
276  8947
275  8835
251  8868
273  9078
260  9053
235  8314
279  9137
250  8723
247  8804

Time taken: 19
