Tamanho    Peso
1036  32899
1039  33042
1038  32879
1038  32860
1043  32950
1031  32451
1030  32520
1043  32826
1033  32632
1032  32827
1037  32797
1039  33000
1042  32705
1042  32931
1038  32890
1033  32663
1029  32547
1046  33026
1028  32691
1032  32548
1037  32726
1041  32902
1041  32898
1044  33052
1040  32825
1027  32538
1037  32659
1045  32902
1027  32585
1035  32689
1039  32813
1040  32954
1036  32723
1041  32983
1034  32668
1028  32508
1032  32580
1044  32877
1030  32526
1034  32604
1033  32790
1030  32869
1043  32801
1032  32864
1039  32824
1041  32836
1034  32781
1043  32884
1020  32495
1036  32625

Time taken: 28
