***********CONSTRUÇÃO**************
ANTES | DEPOIS
1.65981   1.10803
1.66101   1.11295
1.66003   1.11828
1.65739   1.11375
1.66081   1.1043
1.65701   1.12005
1.65658   1.11188
1.65795   1.10441
1.65699   1.10601
1.66039   1.10889
1.66204   1.10678
1.65917   1.11663
1.65934   1.12261
1.65729   1.10712
1.65954   1.10184
1.65934   1.11433
1.65983   1.11106
1.6556   1.10389
1.65762   1.10649
1.66   1.11456
1.66259   1.10572
1.65706   1.11617
1.65799   1.12001
1.65998   1.10702
1.65816   1.10555
1.66111   1.11515
1.66145   1.10959
1.66052   1.10356
1.65672   1.10923
1.65866   1.10989
1.65833   1.10224
1.65771   1.11475
1.65797   1.11739
1.66035   1.10889
1.66139   1.10581
1.65576   1.11164
1.65975   1.10878
1.65968   1.10902
1.65896   1.1109
1.65771   1.10867
1.6598   1.10226
1.65721   1.11424
1.657   1.1157
1.65927   1.1059
1.65635   1.10654
1.65682   1.11472
1.65948   1.10843
1.65711   1.10396
1.65501   1.10167
1.65957   1.11125
***********BUSCA LOCAL**************
ANTES | DEPOIS
3.49489   1.32172
3.49665   2.1926
3.46141   1.32738
2.6292   1.31338
2.58915   1.76552
2.16939   1.76393
3.05397   1.32366
2.1871   1.74016
3.02847   1.29759
2.61597   1.31184
2.19105   1.75473
3.05914   0.874882
1.73915   1.32462
1.74841   0.880392
2.60136   1.31432
2.63974   1.32217
1.3123   1.76621
1.71635   1.31312
1.28883   0.874823
2.60479   1.30978
2.64398   2.16359
2.18132   1.2962
4.31592   1.32609
3.90564   1.31534
1.29859   1.3194
1.7219   1.32381
3.48797   2.17732
4.41978   1.772
3.94157   0.889511
3.93775   2.18715
2.61756   1.32763
1.30232   0.877091
1.72491   1.76489
1.73134   1.33297
2.17699   1.33063
3.02388   2.20095
2.17425   1.31016
1.74899   1.76956
3.92313   1.74297
2.18334   2.18265
2.16064   1.31641
1.29232   1.32308
2.61775   1.31137
4.83736   0.87121
1.30444   1.32081
2.17151   2.18741
2.16689   0.876119
2.19925   1.31951
2.62297   2.19999
2.17672   1.75749
