***********CONSTRUÇÃO**************
ANTES | DEPOIS
0.201302   0.153726
0.2007   0.14666
0.198461   0.145568
0.199658   0.142217
0.202002   0.143401
0.199609   0.14929
0.201723   0.130899
0.199707   0.133146
0.200463   0.128955
0.200973   0.136576
0.198665   0.147458
0.199863   0.145287
0.201281   0.146027
0.198252   0.141743
0.200589   0.143645
0.201151   0.14738
0.202206   0.132485
0.201112   0.132882
0.199333   0.130215
0.199571   0.136739
0.200483   0.147953
0.200163   0.146561
0.200684   0.145829
0.200901   0.142149
0.198878   0.143419
0.199198   0.147896
0.201711   0.131165
0.197624   0.133546
0.199907   0.129389
0.200584   0.13655
0.200893   0.147733
0.200423   0.146505
0.199671   0.145704
0.200951   0.142304
0.200731   0.143414
0.198728   0.148806
0.198955   0.131232
0.20048   0.1335
0.199747   0.130632
0.200304   0.136081
0.201359   0.147771
0.198075   0.145725
0.20205   0.14513
0.201642   0.142491
0.199335   0.144048
0.20048   0.148723
0.19999   0.132199
0.198732   0.133822
0.199066   0.129878
0.202611   0.136562
***********BUSCA LOCAL**************
ANTES | DEPOIS
0.107552   0.11202
0.099688   0.111903
0.115953   0.163386
0.161081   0.332988
0.10805   0.176119
0.106752   0.223417
0.103375   0.108947
0.212283   0.109308
0.111924   0.118285
0.107572   0.109684
0.105255   0.230473
0.110721   0.10509
0.109254   0.170703
0.112235   0.17174
0.109129   0.399197
0.096514   0.224775
0.104196   0.110761
0.102108   0.115156
0.219857   0.113332
0.155118   0.105693
0.212703   0.117412
0.102357   0.113312
0.104338   0.173906
0.205641   0.115704
0.106543   0.22745
0.105573   0.171745
0.097985   0.11203
0.112153   0.102598
0.162151   0.119456
0.107231   0.113423
0.104063   0.116385
0.111737   0.107875
0.111442   0.222462
0.104148   0.231828
0.11238   0.120504
0.107286   0.116095
0.105671   0.113837
0.226083   0.117248
0.105027   0.115405
0.142741   0.223169
0.105508   0.113207
0.210279   0.227555
0.22197   0.22238
0.214932   0.345358
0.108319   0.170811
0.105653   0.116954
0.099911   0.110606
0.109105   0.113844
0.102067   0.116968
0.101682   0.104439
