Tamanho    Peso
242  8083
237  7902
230  8108
231  7933
237  8127
224  7596
222  7398
226  7507
228  7313
235  8009
225  7864
236  7900
232  7955
233  7945
231  7867
225  7578
228  7679
228  7463
234  7509
234  7893
233  7847
234  7792
231  8206
242  8293
241  8217
222  7634
224  7514
230  7558
231  7362
235  7865
233  7837
235  7813
235  7938
241  8110
240  8183
237  7925
225  7568
226  7416
233  7416
234  7908
238  7969
223  7586
226  7734
228  7696
236  8040
234  7883
224  7496
228  7393
231  7393
234  7933

Time taken: 15
