Tamanho    Peso
1080  35434
1086  35739
1093  35854
1081  35511
1090  35899
1073  35440
1083  35599
1087  35795
1087  35811
1083  35769
1094  35907
1086  35686
1072  35462
1087  35752
1100  35915
1088  35651
1085  35552
1074  35570
1079  35739
1083  35747
1089  35932
1084  35779
1088  35936
1092  35943
1091  35950
1093  35856
1090  35836
1085  35860
1067  35336
1089  35804
1085  35854
1078  35540
1085  35827
1079  35487
1081  35762
1078  35578
1085  35580
1100  35813
1090  35851
1085  35748
1088  36037
1092  35801
1100  35906
1080  35640
1094  35606
1087  35760
1086  35703
1087  35834
1083  35558
1084  35874

Time taken: 33
