Tamanho    Peso
106  3959
127  4487
117  4471
110  3918
123  4709
109  4551
99  3742
102  3824
119  4712
99  3677
112  4013
117  4493
113  4383
121  4670
103  3826
100  3611
106  4400
108  4012
105  4209
111  4091
120  4133
132  4291
119  4555
98  3706
108  3924
110  4543
99  3473
107  3823
119  4840
98  3828
116  4475
101  4037
99  3932
99  4124
113  4150
100  4201
128  4316
110  4128
110  4075
88  3320
88  3429
106  3970
138  4652
110  4334
116  4310
107  4349
100  3799
99  3845
139  4615
134  4528

Time taken: 196
