***********CONSTRUÇÃO**************
ANTES | DEPOIS
0.405369   0.223463
0.404348   0.220121
0.405348   0.218899
0.405013   0.217348
0.406525   0.217945
0.404518   0.21814
0.404837   0.218561
0.403607   0.218852
0.405302   0.217723
0.404086   0.216836
0.403314   0.22233
0.40443   0.219842
0.403252   0.21839
0.405168   0.216723
0.40516   0.217285
0.40398   0.218117
0.404987   0.218404
0.404916   0.219424
0.405045   0.217658
0.405656   0.216355
0.404966   0.220958
0.405315   0.219946
0.40354   0.218828
0.405531   0.217262
0.405686   0.21759
0.405421   0.21683
0.405159   0.218481
0.406559   0.218975
0.405557   0.217765
0.404082   0.215963
0.404132   0.221734
0.40392   0.21988
0.405632   0.218904
0.403774   0.217843
0.405649   0.218037
0.40464   0.217853
0.40299   0.21841
0.403915   0.218796
0.406011   0.21727
0.405792   0.216109
0.404101   0.221487
0.404911   0.220543
0.404353   0.220746
0.404534   0.21784
0.405305   0.218496
0.405148   0.217543
0.40576   0.218423
0.404344   0.220344
0.406187   0.216488
0.40632   0.216002
***********BUSCA LOCAL**************
ANTES | DEPOIS
0.39484   0.198395
0.783448   0.201061
0.794935   0.201156
0.490369   0.199559
0.596157   0.198766
0.597084   0.202618
0.401604   0.200468
0.792417   0.201893
0.690511   0.203348
0.693911   0.194298
0.901321   0.204449
0.491994   0.200343
0.6074   0.200305
0.592323   0.200641
0.49006   0.199249
0.703001   0.202154
0.584442   0.20323
1.59544   0.201307
0.492242   0.198505
0.898651   0.198449
0.49688   0.200345
1.1972   0.199801
0.799914   0.202543
0.593499   0.201267
0.895001   0.197426
0.699878   0.197603
0.693049   0.205041
0.586871   0.202962
0.590138   0.201085
0.800834   0.199841
0.693151   0.19874
0.494755   0.203641
0.894774   0.202925
0.796226   0.20297
0.602749   0.201654
0.496967   0.204378
1.18518   0.198309
0.296248   0.198798
0.800029   0.201867
0.494255   0.201466
1.10543   0.202947
0.789261   0.200994
1.19989   0.397254
0.792539   0.196811
0.990056   0.198694
0.810524   0.205725
0.595691   0.202223
0.489637   0.201073
0.594343   0.203701
0.987279   0.201247
