Tamanho    Peso
1697  56103
1689  56698
1681  56547
1698  56513
1671  56470
1686  56420
1706  56890
1705  56533
1701  56462
1715  56479
1706  56690
1702  56304
1702  56918
1702  56249
1702  56658
1705  56333
1681  56401
1702  56818
1691  56572
1686  56503
1715  56385
1711  56861
1715  56613
1713  56360
1696  56784
1700  56634
1696  56628
1711  56245
1698  56220
1690  57248
1699  56425
1702  56653
1699  56156
1713  56279
1698  56365
1708  56999
1704  56700
1704  56477
1710  56739
1692  56494
1704  56433
1702  56889
1708  56846
1694  56746
1690  56652
1708  56495
1694  56625
1701  56715
1713  56389
1703  56663

Time taken: 210
