Tamanho    Peso
1731  56941
1739  57295
1719  57261
1711  56578
1730  57236
1754  56865
1727  57489
1713  56867
1722  56931
1719  57027
1713  56739
1718  56611
1702  57278
1712  56627
1719  56903
1730  57012
1715  57145
1713  56826
1727  57000
1745  57201
1734  57059
1711  57412
1710  56873
1721  57074
1725  56977
1731  57250
1723  57663
1725  57132
1714  56624
1751  57326
1727  56782
1725  57631
1725  57011
1732  57119
1734  57165
1705  56649
1706  56423
1724  56942
1710  57799
1695  56189
1728  56894
1719  56577
1725  56855
1736  57298
1728  57530
1734  56941
1724  56977
1722  56736
1714  56938
1715  57112

Time taken: 230
