Tamanho    Peso
225  7682
225  7742
230  7844
222  7645
212  7209
224  7787
216  7450
222  7477
225  7652
221  7434
225  7728
223  7679
216  7484
221  7573
210  7227
217  7491
217  7390
221  7176
226  7668
220  7379
222  7795
225  7789
223  7670
218  7569
219  7383
223  7587
226  7561
222  7361
224  7560
216  7295
233  7693
225  7820
228  7721
226  7779
222  7496
219  7643
217  7356
220  7271
221  7601
221  7298
224  7591
226  7897
218  7623
226  7642
222  7439
222  7783
223  7667
221  7312
222  7705
220  7321

Time taken: 14
