***********CONSTRUÇÃO**************
ANTES | DEPOIS
0.472128   0.299568
0.47291   0.29483
0.470521   0.294872
0.472183   0.293496
0.470634   0.294361
0.47166   0.293507
0.470545   0.293844
0.470511   0.293455
0.470076   0.286595
0.468689   0.289527
0.471207   0.29597
0.471197   0.294687
0.470698   0.295416
0.470079   0.293419
0.470313   0.294329
0.471361   0.29395
0.470045   0.293664
0.471403   0.293788
0.471845   0.286514
0.47068   0.28921
0.470248   0.296523
0.470427   0.294395
0.470821   0.295241
0.470255   0.29284
0.472005   0.293831
0.46975   0.293796
0.470877   0.293337
0.470626   0.293608
0.469679   0.287097
0.470498   0.28922
0.470538   0.296131
0.471632   0.295247
0.471669   0.295611
0.47052   0.292898
0.472357   0.293842
0.469867   0.293905
0.473127   0.293504
0.472126   0.293249
0.470752   0.28693
0.47015   0.289118
0.470401   0.295708
0.470174   0.294341
0.471632   0.295046
0.469402   0.29285
0.471078   0.293753
0.471354   0.293758
0.470126   0.293929
0.471738   0.293538
0.468933   0.286976
0.472463   0.289471
***********BUSCA LOCAL**************
ANTES | DEPOIS
1.46966   0.246593
0.98524   0.377513
0.610787   0.37073
1.09189   0.245006
0.611807   0.369706
1.23658   0.488782
0.487596   0.377961
1.1095   0.370032
0.363493   0.374212
0.863711   0.254887
0.501263   0.736323
0.733416   0.495764
0.364362   0.495703
0.365236   0.251121
0.481417   0.368851
0.96845   0.738456
0.604788   0.245431
1.35554   0.244182
0.480281   0.368526
0.485424   0.375504
0.60094   0.372506
0.734493   0.614107
0.371864   0.366341
0.858949   0.248792
0.974962   0.247101
0.486448   0.365743
0.369405   0.372577
0.851922   0.247557
0.620338   0.482601
1.34821   0.250565
0.73736   0.611615
0.86769   0.610042
0.365401   0.247375
0.4806   0.247474
0.360326   0.484418
0.487046   0.245433
0.611301   0.367498
0.362274   0.254377
0.86665   0.364185
0.362205   0.246219
0.362382   0.619254
0.489237   0.370691
0.977774   0.620519
0.363463   0.246817
0.739989   0.245751
1.2287   0.368697
0.483903   0.244439
0.600785   0.3639
0.489538   0.245349
0.372713   0.244162
