***********CONSTRUÇÃO**************
ANTES | DEPOIS
1.72911   1.59938
1.71764   1.59036
1.72281   1.59319
1.72511   1.59151
1.72308   1.60799
1.72096   1.59687
1.71944   1.5959
1.72694   1.60108
1.73015   1.5879
1.72402   1.5928
1.72497   1.58599
1.72268   1.59082
1.72598   1.57699
1.72332   1.59616
1.71718   1.60659
1.72627   1.59473
1.72079   1.60157
1.73177   1.59798
1.73031   1.57096
1.71953   1.58908
1.73356   1.5957
1.72058   1.58638
1.72301   1.57917
1.7221   1.59813
1.72709   1.60149
1.72398   1.60456
1.73289   1.60438
1.72952   1.59585
1.72848   1.60333
1.72752   1.5945
1.72351   1.59851
1.72426   1.59989
1.72774   1.60106
1.72443   1.60684
1.72325   1.60667
1.72172   1.59806
1.728   1.6048
1.73075   1.59861
1.72803   1.59048
1.73243   1.58822
1.72417   1.58531
1.72495   1.58382
1.71812   1.57634
1.72775   1.61197
1.72335   1.607
1.72315   1.59373
1.7227   1.60085
1.72197   1.60254
1.72878   1.59477
1.72696   1.60003
***********BUSCA LOCAL**************
ANTES | DEPOIS
3.40437   1.20016
1.59382   4.06878
1.63498   1.17301
2.26984   2.28462
1.68205   1.17504
3.98082   1.17989
2.13481   1.18673
1.70103   1.20561
1.14924   2.33511
1.16573   1.19153
1.6272   1.74724
1.64816   1.72649
2.34558   2.33366
1.6887   2.83777
1.15183   2.27695
2.22759   2.28592
2.27762   1.19445
3.90091   2.36543
1.6846   1.20146
1.65526   1.16688
2.84524   1.74251
1.70435   1.75612
2.84589   1.73099
1.69013   1.68991
2.23878   2.32912
1.13018   1.19588
1.72744   2.92545
1.66506   2.82499
2.25299   3.4696
1.71692   1.75354
1.16484   2.30019
1.67918   1.17508
2.83269   2.81425
1.16191   2.86413
3.36935   2.26463
1.16509   1.74699
3.4101   2.35553
2.76835   1.17846
1.66512   1.18815
1.71496   1.20231
1.15075   1.70715
2.26563   2.32869
1.17748   2.93947
1.16856   2.85335
1.16364   4.0692
2.2079   2.32275
1.17369   1.17863
4.09011   1.69245
1.16961   2.30541
1.16256   4.03157
