Tamanho    Peso
1097  37262
1104  37236
1101  37462
1089  36872
1094  37126
1104  37163
1097  37196
1082  37002
1108  37483
1102  37111
1095  37099
1091  36873
1103  37200
1103  37045
1097  37202
1071  37524
1101  37062
1092  37121
1102  36943
1101  36946
1094  37727
1092  36728
1085  36975
1103  37207
1099  37119
1109  37063
1104  36985
1105  37379
1110  37063
1095  36960
1107  37147
1100  37013
1110  36942
1109  37339
1096  36885
1099  37104
1106  37255
1112  37271
1104  37032
1095  36892
1106  37023
1098  37278
1108  37108
1090  37064
1100  36994
1105  37158
1100  37025
1089  36946
1110  37080
1100  36997

Time taken: 55
