Tamanho    Peso
1718  57110
1705  57079
1713  57144
1718  57282
1708  56985
1714  56965
1712  57039
1709  57123
1711  57161
1715  56985
1712  56960
1713  57084
1711  57120
1715  57147
1715  57135
1715  57113
1715  57037
1709  57284
1710  57039
1711  56935
1712  56772
1713  57329
1701  57209
1711  56947
1705  56825
1721  57119
1704  56954
1710  57075
1709  57049
1707  57274
1704  56946
1707  57205
1713  57084
1712  57011
1705  56975
1714  57245
1708  57128
1715  57229
1702  56953
1717  56875
1709  56950
1716  57220
1706  57163
1718  57179
1708  56860
1714  57126
1710  56956
1709  57136
1706  57059
1703  57016

Time taken: 97
