Tamanho    Peso
230  7935
235  8048
231  7673
223  7613
225  7553
234  8196
232  7897
227  7623
233  7798
230  7971
232  7938
223  7920
229  7790
234  7925
222  7585
236  8023
219  7400
226  7405
236  7822
232  7961
231  7899
237  8195
222  7442
239  7884
224  7511
234  7887
230  7707
227  7632
225  7793
231  7886
230  7825
231  8010
229  7758
231  7915
225  7538
235  7894
232  7947
229  7666
233  7758
233  7935
230  7865
235  8222
230  7699
232  7840
226  7522
230  7566
232  7688
229  7768
233  7799
233  7872

Time taken: 14
