***********CONSTRUÇÃO**************
ANTES | DEPOIS
0.20093   0.148133
0.198944   0.151458
0.200262   0.13926
0.20065   0.142047
0.200738   0.140377
0.201502   0.146513
0.19896   0.145577
0.200155   0.142282
0.200501   0.144545
0.200715   0.146935
0.199724   0.144842
0.200282   0.151133
0.200995   0.13905
0.199986   0.142923
0.203425   0.139106
0.201237   0.146003
0.200336   0.145256
0.202679   0.141196
0.202816   0.144807
0.201721   0.146867
0.200532   0.145251
0.200716   0.151028
0.200947   0.138946
0.199441   0.142781
0.201863   0.138872
0.199881   0.145352
0.199633   0.14584
0.1988   0.141588
0.199392   0.14318
0.199586   0.14786
0.201307   0.144832
0.197191   0.151355
0.200701   0.13891
0.199756   0.142903
0.199228   0.139611
0.201178   0.14632
0.201418   0.144219
0.202492   0.141913
0.20062   0.144666
0.200677   0.148349
0.200095   0.14375
0.200874   0.150333
0.199696   0.139848
0.2007   0.142701
0.200223   0.138925
0.199927   0.145542
0.199829   0.146615
0.201474   0.141116
0.199254   0.144604
0.200758   0.149266
***********BUSCA LOCAL**************
ANTES | DEPOIS
0.098366   0.158017
0.095895   0.17028
0.101539   0.170155
0.15702   0.334797
0.165082   0.115987
0.105897   0.174251
0.108253   0.161696
0.104862   0.116194
0.111877   0.114344
0.110643   0.115833
0.104276   0.154353
0.192945   0.224556
0.10306   0.108115
0.094719   0.113579
0.09966   0.111325
0.16148   0.112981
0.110874   0.216667
0.212816   0.171488
0.168798   0.111977
0.210557   0.117511
0.107542   0.227535
0.105609   0.116202
0.148345   0.218586
0.104013   0.107823
0.213257   0.109353
0.224108   0.110007
0.102486   0.226023
0.109901   0.107715
0.108516   0.113705
0.113617   0.115435
0.226746   0.222771
0.108101   0.158663
0.108181   0.112376
0.157196   0.116591
0.109274   0.104804
0.10019   0.172363
0.108668   0.109798
0.20005   0.111968
0.104177   0.113967
0.212565   0.120023
0.207537   0.1133
0.154101   0.11277
0.217062   0.107872
0.228836   0.227463
0.117663   0.11595
0.11474   0.229547
0.219239   0.213964
0.208137   0.224894
0.105724   0.120597
0.171829   0.111001
