***********CONSTRUÇÃO**************
ANTES | DEPOIS
0.488126   0.298515
0.488496   0.295409
0.48723   0.294963
0.487464   0.2944
0.486835   0.295788
0.486953   0.294647
0.488488   0.29361
0.484767   0.294645
0.487301   0.293484
0.487351   0.29259
0.489128   0.296863
0.48873   0.295159
0.489205   0.295686
0.488994   0.294194
0.486931   0.29464
0.486944   0.294004
0.487744   0.29401
0.488075   0.29393
0.48733   0.294063
0.487718   0.293342
0.488411   0.296496
0.486408   0.295339
0.487918   0.29518
0.487627   0.296017
0.4874   0.294232
0.48811   0.294825
0.486587   0.294354
0.488062   0.294143
0.486808   0.294839
0.486988   0.293542
0.486934   0.297139
0.489469   0.294496
0.486668   0.294698
0.486505   0.295975
0.48743   0.294703
0.485889   0.295196
0.488007   0.293673
0.488527   0.295219
0.486464   0.292781
0.487377   0.292587
0.486841   0.295756
0.488605   0.295439
0.488205   0.295291
0.484999   0.293613
0.486262   0.295399
0.487822   0.29423
0.48685   0.293281
0.488674   0.294315
0.487687   0.293017
0.488013   0.291777
***********BUSCA LOCAL**************
ANTES | DEPOIS
0.757188   0.384304
0.379192   0.382067
0.761763   0.378326
1.14654   0.256801
0.378106   0.379576
0.628629   0.256057
0.763041   0.258808
0.759   0.380096
0.379989   0.386802
0.897913   0.512608
1.02125   0.515058
0.504493   0.382191
0.376344   0.763825
0.375825   0.254069
0.50589   0.509807
0.897822   0.250201
0.625255   0.254482
0.759603   0.384319
0.513275   0.251262
0.887074   0.25437
1.03342   0.515846
0.759622   0.371794
0.494029   0.372224
0.887096   0.384478
0.504755   0.627717
0.386244   0.51305
0.511204   0.261284
0.892507   0.508368
0.380193   0.503776
0.504688   0.51193
0.375062   0.257459
0.375117   0.509127
0.769542   0.514864
0.762276   0.507745
1.0026   0.37856
0.375185   0.502822
1.13915   0.38365
0.508313   0.51864
0.376153   0.512273
0.508316   0.385117
0.630644   0.511529
0.752197   0.508051
0.504583   0.387492
0.640758   0.262084
0.626369   0.377912
0.636221   0.374092
1.26816   0.384014
0.502395   0.515742
0.760696   0.519048
0.637586   0.506953
