Tamanho    Peso
121  4353
85  3451
123  4692
107  3595
119  4207
80  2941
89  3455
99  3930
88  3305
110  4400
96  3650
124  4602
107  3849
120  4534
104  4089
128  4367
89  3215
96  3895
131  4510
120  4632
116  4555
114  4302
107  4268
107  3892
94  3843
72  2957
96  3743
103  4027
98  4073
108  4174
87  3181
120  4212
121  4869
96  3794
140  4458
100  3758
91  3440
120  4489
128  4687
115  4429
137  4944
121  4786
121  4373
95  3676
92  3373
123  4206
108  3793
121  4246
88  3175
110  4130

Time taken: 206
