87 311 349 392 500 967 1223 1395 1474 1522 1702 1730 1893 1994 2058 2085 2335 2372 2500 2557 2631 2651 2692 2717 3032 3212 3261 3932 3968 4087 4124 4174 4183 4203 4407 4585 4668 4686 4703 4838 4844 4902 5356 5361 5536 6220 6373 6454 6561 6638 6640 7073 7277 7348 7474 7619 7849 8003 8094 8116 8180 8501 8511 8534 8665 8745 8758 9052 9163 9187 9215 9235 9263 9300 9310 9419 9422 9430 9540 9586 9597 9913 9936 10069 10071 10092 10230 
87 311 349 500 967 1225 1395 1474 1522 1893 1931 1977 1994 2244 2335 2372 2631 2651 2692 2717 3212 3261 3406 3700 3932 4087 4124 4174 4183 4203 4407 4585 4668 4684 4703 4727 4844 4902 5103 5361 5515 5536 5836 6003 6155 6373 6454 6640 7009 7073 7277 7474 7849 7922 8003 8116 8180 8253 8453 8501 8511 8532 8534 8552 8665 8758 9019 9058 9164 9215 9235 9263 9300 9310 9430 9525 9586 9597 9745 9913 10069 10071 10230 
87 314 349 500 1223 1225 1395 1474 1931 1994 2058 2244 2312 2335 2360 2372 2557 2631 2651 2745 2856 3212 3261 3406 3781 3932 3945 4087 4174 4183 4203 4407 4668 4838 4844 4898 4902 5040 5515 5536 6561 6667 6872 7009 7073 7271 7277 7474 8176 8180 8253 8480 8501 8511 8532 8632 8665 8745 8758 9019 9052 9104 9215 9271 9419 9430 9580 9597 9936 10069 10071 10218 
87 311 314 349 392 500 1395 1730 1994 2058 2085 2312 2335 2360 2372 2557 2692 2745 2856 3212 3261 3406 3781 3836 3945 4087 4183 4203 4407 4585 4668 4676 4686 4844 4902 5103 5356 5361 5515 5536 5958 6003 6373 6454 6561 6638 6640 6667 6820 6883 7073 7271 7277 7474 7922 8003 8041 8180 8244 8253 8434 8480 8501 8511 8532 8534 8552 8632 8665 8790 8910 9052 9058 9163 9187 9215 9235 9271 9300 9310 9419 9422 9430 9494 9586 9597 9913 10069 10071 10230 
4 87 349 500 967 1395 1730 1869 1931 1977 1994 2058 2085 2300 2312 2335 2360 2372 2500 2717 2856 3212 3261 3932 3945 4124 4183 4203 4407 4486 4668 4727 4838 4844 4902 5040 5361 5515 5536 6220 6373 6638 6820 6883 7009 7073 7271 7277 7474 7922 7977 8041 8180 8434 8501 8511 8534 8632 8878 8910 9052 9058 9104 9163 9164 9215 9263 9310 9419 9430 9494 9540 9597 9942 10069 10071 10092 
4 87 311 314 349 500 1223 1395 1474 1730 1931 1977 1994 2058 2244 2335 2372 2557 2631 2651 2745 2856 3212 3261 3406 3932 4087 4124 4174 4183 4203 4407 4585 4668 4838 4844 4898 5040 5103 5356 5515 5536 5958 6155 6638 6640 6667 6820 7073 7271 7277 7474 7619 7922 8003 8041 8094 8116 8253 8434 8480 8501 8511 8532 8534 8552 8665 8745 8878 9052 9058 9164 9215 9271 9310 9360 9419 9430 9494 9586 9597 9936 10069 10071 10092 
314 349 422 500 1395 1461 1474 1730 1994 2058 2244 2312 2335 2372 2500 2557 2651 2745 2856 3261 3406 3700 4087 4124 4174 4183 4197 4203 4407 4668 4727 4838 4844 5040 5103 5515 5536 6003 6183 6373 7073 7148 7277 7474 7922 8003 8041 8116 8180 8253 8453 8501 8511 8532 8552 8665 8910 9164 9215 9263 9310 9419 9430 9597 9745 9936 10069 10071 10092 
87 311 314 349 392 422 500 1225 1320 1395 1474 1893 1994 2058 2085 2312 2335 2360 2372 2500 2651 2717 2856 3032 3261 3406 3781 3945 4124 4174 4183 4203 4407 4486 4585 4668 4676 4703 4838 4844 4902 5103 5515 5536 5958 6003 6183 6373 6454 7009 7073 7271 7277 7474 8041 8094 8180 8380 8480 8501 8511 8532 8534 8632 8665 8790 8878 8910 9052 9058 9164 9215 9235 9271 9310 9430 9494 9580 9597 10069 10071 10230 
87 349 422 500 1225 1320 1395 1461 1474 1869 1893 1994 2058 2085 2312 2335 2372 2557 2651 2692 2717 2856 3212 3261 3406 3700 3781 4124 4183 4203 4407 4585 4684 4686 4703 4727 4838 4844 4898 4902 5103 5361 5515 5536 5879 5958 6220 7009 7073 7277 7474 8003 8041 8094 8116 8180 8253 8434 8480 8501 8511 8534 8552 8665 8743 8878 8910 9019 9052 9058 9149 9163 9164 9187 9215 9263 9300 9310 9419 9430 9540 9597 9913 9942 10069 10071 10230 
87 349 392 500 1225 1395 1461 1730 1931 1994 2058 2244 2300 2335 2372 2651 2745 2856 3032 3261 3781 3945 4124 4183 4203 4407 4585 4676 4838 4844 4898 4902 5103 5361 5515 5536 6640 7073 7148 7277 7474 7977 8094 8453 8480 8501 8511 8532 8552 8632 8878 8910 9104 9164 9187 9215 9419 9430 9494 9580 9597 9745 10069 10071 10230 
