***********CONSTRUÇÃO**************
ANTES | DEPOIS
0.404578   0.230599
0.405262   0.225946
0.403679   0.225067
0.404618   0.22818
0.40417   0.224334
0.405788   0.225963
0.406079   0.226252
0.404764   0.223597
0.404764   0.228197
0.405873   0.222173
0.404711   0.227465
0.405718   0.225763
0.402738   0.225638
0.405798   0.227002
0.405621   0.224508
0.404493   0.225878
0.404993   0.225817
0.403827   0.223102
0.40674   0.227334
0.404669   0.222833
0.40672   0.227796
0.403399   0.22598
0.405428   0.226008
0.404228   0.22762
0.405773   0.224349
0.405231   0.226339
0.405727   0.226156
0.404398   0.222757
0.4034   0.227932
0.406091   0.223105
0.404654   0.227896
0.404867   0.225435
0.405888   0.225239
0.404272   0.227544
0.404153   0.224592
0.40288   0.225895
0.402911   0.225841
0.403674   0.223021
0.403984   0.227738
0.404184   0.222514
0.404267   0.226805
0.404689   0.226133
0.40616   0.225412
0.405568   0.227558
0.404258   0.224516
0.4049   0.226011
0.405369   0.225992
0.404107   0.223482
0.404107   0.227745
0.404752   0.222575
***********BUSCA LOCAL**************
ANTES | DEPOIS
0.590672   0.199046
0.803614   0.301834
0.691107   0.204423
1.29038   0.405286
0.495173   0.303563
0.494173   0.201934
0.885248   0.197358
0.888449   0.194876
0.896343   0.400353
0.895228   0.198766
0.592117   0.298365
0.79714   0.296694
0.59615   0.200999
1.00901   0.59732
0.700541   0.203842
0.892277   0.395858
0.993305   0.201338
1.09208   0.297628
0.601099   0.306092
0.698021   0.201256
0.593044   0.298308
0.394332   0.200401
1.19815   0.405903
0.499689   0.40209
0.490863   0.194701
0.692695   0.203209
0.692961   0.502081
0.88424   0.199676
1.19228   0.298501
1.00586   0.30017
0.691317   0.294632
0.402247   0.402403
0.689349   0.297794
0.600119   0.204114
0.600298   0.197752
0.789442   0.296258
0.396866   0.200721
1.39305   0.60153
0.491191   0.392448
0.48874   0.301526
0.795209   0.198954
0.496644   0.19976
0.68809   0.198638
0.393141   0.399997
1.00414   0.200113
0.890563   0.296531
0.899416   0.200708
0.598756   0.393457
0.399973   0.203021
0.801566   0.200444
