114;8;6 19 25 31 68 115 124 141 143 144 177 181 211 247 252 282 323 328 330 334 456 459 547 556 594 600 653 662 686 698 713 752 757 789 815 832 867 869 873 879 1002 1098 1118 1121 1127 1154 1178 1196 1197 1240 1264 1363 1368 1401 1435 1459 1548 1551 1615 1797 1831 1840 1905 1928 2018 2057 2139 2150 2189 2275 2301 2315 2373 2393 2497 2527 2555 2565 2570 2667 2670 2805 2807 2895 2982 3026 3037 3054 3074 3131 3271 3328 3413 3485 3487 3510 3529 3538 3638 3670 3700 3708 3726 3793 3842 3844 3918 3975 3999 4007 4016 4017 4021 4027
114;8;6 19 25 31 68 115 124 141 143 144 177 181 252 282 323 328 330 334 435 456 460 492 547 556 570 594 600 630 662 686 698 752 757 789 815 832 867 869 873 879 1002 1032 1077 1098 1118 1121 1154 1196 1197 1240 1264 1363 1368 1401 1435 1548 1551 1615 1797 1831 1840 1905 1928 2018 2057 2139 2150 2189 2275 2301 2315 2361 2373 2393 2497 2527 2555 2565 2667 2670 2805 2807 2895 2982 3026 3037 3054 3074 3119 3131 3271 3328 3413 3485 3487 3510 3529 3538 3634 3638 3670 3700 3708 3726 3793 3844 3918 3975 3999 4007 4016 4017 4021 4027
114;8;6 19 25 31 68 115 124 141 143 144 177 181 252 282 323 328 330 334 456 547 556 594 600 662 686 698 713 752 757 789 815 832 867 869 873 879 1000 1002 1098 1118 1121 1154 1196 1197 1240 1264 1363 1368 1401 1435 1459 1548 1551 1615 1797 1831 1840 1905 1928 1959 2018 2057 2139 2150 2189 2275 2301 2315 2373 2393 2497 2527 2540 2555 2565 2570 2622 2651 2667 2670 2805 2807 2895 2982 3026 3033 3037 3054 3074 3131 3271 3328 3413 3485 3487 3510 3529 3538 3638 3670 3700 3708 3726 3793 3842 3844 3918 3975 3999 4007 4016 4017 4021 4027
115;8;6 19 25 31 68 115 124 141 143 144 152 177 181 252 282 323 328 330 334 435 456 492 547 556 570 594 600 662 686 698 713 752 757 789 815 832 867 869 873 879 1002 1032 1077 1098 1118 1121 1154 1196 1197 1240 1264 1363 1368 1401 1435 1459 1548 1551 1615 1797 1831 1840 1905 1928 2018 2057 2139 2150 2189 2275 2301 2315 2373 2393 2497 2527 2555 2565 2570 2667 2670 2805 2807 2895 2982 3026 3037 3054 3074 3131 3271 3278 3328 3413 3485 3487 3510 3529 3538 3638 3670 3700 3708 3726 3793 3842 3844 3918 3975 3999 4007 4016 4017 4021 4027
115;8;6 19 25 31 68 115 124 141 143 144 177 181 211 247 252 282 323 328 330 334 456 459 460 547 556 594 600 630 653 662 686 698 752 757 789 815 832 867 869 873 879 1002 1098 1118 1121 1127 1154 1178 1196 1197 1240 1264 1363 1368 1401 1435 1548 1551 1615 1797 1831 1840 1905 1928 2018 2057 2139 2150 2189 2275 2301 2315 2361 2373 2393 2497 2527 2555 2565 2667 2670 2805 2807 2895 2982 3026 3037 3054 3074 3119 3131 3271 3328 3413 3485 3487 3510 3529 3538 3634 3638 3670 3700 3708 3726 3793 3844 3918 3975 3999 4007 4016 4017 4021 4027
115;8;6 19 25 31 68 115 124 141 143 144 177 181 252 282 323 328 330 334 435 456 492 547 556 570 594 600 662 686 698 752 757 789 815 832 867 869 873 879 1000 1002 1032 1077 1098 1118 1121 1154 1196 1197 1240 1264 1363 1368 1401 1435 1548 1551 1615 1797 1831 1840 1905 1928 1959 2018 2057 2139 2150 2189 2275 2301 2315 2373 2393 2497 2527 2540 2555 2565 2622 2651 2667 2670 2805 2807 2895 2982 3026 3033 3037 3054 3074 3131 3271 3328 3413 3485 3487 3510 3529 3538 3638 3670 3700 3708 3726 3793 3844 3918 3975 3999 4007 4016 4017 4021 4027
116;8;6 19 25 31 68 115 124 141 143 144 177 181 252 282 323 328 330 334 456 547 556 594 600 662 686 698 752 757 789 815 832 867 869 873 879 1000 1002 1098 1118 1121 1154 1196 1197 1240 1264 1363 1368 1401 1435 1548 1551 1615 1797 1831 1840 1905 1928 1959 2008 2018 2057 2139 2150 2168 2189 2275 2301 2315 2373 2393 2403 2444 2497 2527 2540 2555 2565 2622 2651 2667 2670 2805 2807 2895 2982 3026 3033 3037 3054 3074 3131 3271 3328 3413 3485 3487 3510 3529 3538 3638 3670 3700 3708 3726 3793 3844 3876 3918 3937 3975 3999 4007 4016 4017 4021 4027
116;8;6 19 25 31 68 115 124 141 143 144 177 181 211 247 252 282 323 328 330 334 435 456 459 492 547 556 570 594 600 653 662 686 698 752 757 789 815 832 867 869 873 879 1002 1032 1077 1098 1118 1121 1127 1154 1178 1196 1197 1240 1264 1363 1368 1401 1435 1548 1551 1615 1797 1831 1840 1905 1928 2018 2057 2139 2150 2189 2275 2301 2315 2373 2393 2497 2527 2555 2565 2667 2670 2805 2807 2895 2982 3026 3037 3054 3074 3131 3191 3271 3328 3413 3485 3487 3510 3529 3538 3638 3670 3700 3708 3726 3793 3844 3918 3975 3999 4007 4016 4017 4021 4027
116;8;6 19 25 31 68 115 124 141 143 144 177 181 252 282 323 328 330 334 456 460 547 556 594 600 630 662 686 698 752 757 789 815 832 867 869 873 879 1000 1002 1098 1118 1121 1154 1196 1197 1240 1264 1363 1368 1401 1435 1548 1551 1615 1787 1797 1831 1840 1905 1928 1959 2018 2057 2139 2150 2189 2275 2301 2315 2361 2373 2393 2497 2527 2540 2555 2565 2622 2651 2667 2670 2805 2807 2895 2982 3026 3033 3037 3054 3074 3119 3131 3271 3328 3413 3485 3487 3510 3529 3538 3634 3638 3670 3700 3708 3726 3793 3844 3918 3975 3999 4007 4016 4017 4021 4027
117;8;6 19 25 31 68 115 124 141 143 144 177 181 211 247 252 282 323 328 330 334 456 459 547 556 594 600 653 662 686 698 752 757 789 815 832 867 869 873 879 1000 1002 1098 1118 1121 1127 1154 1178 1196 1197 1240 1264 1363 1368 1401 1435 1548 1551 1615 1797 1831 1840 1905 1928 1959 2018 2057 2139 2150 2189 2275 2301 2315 2373 2393 2497 2527 2540 2555 2565 2622 2651 2667 2670 2805 2807 2895 2982 3008 3026 3033 3037 3054 3074 3131 3271 3328 3413 3485 3487 3510 3529 3538 3638 3670 3700 3708 3726 3793 3844 3918 3975 3999 4007 4016 4017 4021 4027
