***********CONSTRUÇÃO**************
ANTES | DEPOIS
0.211779   0.171207
0.213039   0.170001
0.214678   0.165037
0.215272   0.162732
0.213874   0.170249
0.215288   0.169972
0.212169   0.16941
0.213089   0.169984
0.213091   0.169503
0.214795   0.169673
0.214959   0.165865
0.216987   0.169041
0.21355   0.164611
0.212499   0.162222
0.21132   0.170046
0.212779   0.169041
0.213227   0.169483
0.214403   0.170785
0.213006   0.170765
0.210578   0.170372
0.215728   0.165437
0.211769   0.170152
0.213857   0.164791
0.213808   0.161295
0.211656   0.171603
0.212034   0.167805
0.215872   0.169982
0.21245   0.169483
0.214084   0.170411
0.212311   0.170009
0.211728   0.165759
0.214216   0.169771
0.211367   0.164816
0.209222   0.162139
0.212596   0.169566
0.212951   0.168978
0.213221   0.170793
0.213393   0.170604
0.213499   0.170673
0.215127   0.168904
0.213835   0.165697
0.214095   0.170847
0.213552   0.164682
0.211362   0.160435
0.212174   0.168797
0.215293   0.168215
0.214055   0.17041
0.214858   0.169999
0.212025   0.16929
0.213357   0.170964
***********BUSCA LOCAL**************
ANTES | DEPOIS
0.173696   0.47328
0.176364   0.170365
0.112903   0.232888
0.107571   0.238552
0.172143   0.183713
0.112821   0.174477
0.163434   0.164171
0.111665   0.165209
0.228159   0.226527
0.174578   0.284855
0.180053   0.170047
0.110711   0.229016
0.109374   0.299898
0.112722   0.350635
0.110364   0.169754
0.112322   0.179071
0.11338   0.180717
0.178358   0.300186
0.172123   0.295204
0.11333   0.358181
0.113071   0.179029
0.113414   0.178301
0.110806   0.168078
0.116978   0.17823
0.112447   0.175157
0.106459   0.228996
0.112925   0.175185
0.117839   0.183997
0.111834   0.292961
0.111698   0.177564
0.234449   0.295731
0.113368   0.292558
0.112401   0.176252
0.232215   0.176493
0.222526   0.348248
0.164754   0.182767
0.108999   0.181116
0.112223   0.169135
0.11394   0.17362
0.169157   0.293114
0.232117   0.182358
0.168945   0.174696
0.167951   0.180418
0.227326   0.167725
0.108583   0.179872
0.112828   0.172649
0.229574   0.179563
0.110762   0.165063
0.18344   0.227963
0.105498   0.357441
