Tamanho    Peso
252  8794
248  8819
255  8806
259  8998
266  9273
252  8823
256  8830
243  8397
247  8904
255  9042
228  8294
266  8933
250  8756
245  8473
237  8491
264  9006
261  8894
255  9035
258  9181
246  8798
266  9501
256  9100
264  9021
262  9085
260  9007
256  8940
259  9223
254  9158
261  8910
256  8796
255  8727
253  8874
250  8825
254  9114
259  9279
260  8685
259  8980
253  8747
259  9161
259  8935
266  9239
259  9006
261  9048
259  9119
252  9027
265  9239
266  9232
254  8812
243  8760
258  8945

Time taken: 19
