***********CONSTRUÇÃO**************
ANTES | DEPOIS
0.391104   0.217154
0.39056   0.217644
0.389978   0.218011
0.388816   0.218651
0.389513   0.218282
0.389877   0.218635
0.388802   0.217096
0.389957   0.216868
0.39018   0.217214
0.388821   0.213085
0.388483   0.215721
0.3885   0.217229
0.390121   0.218708
0.389428   0.219294
0.390309   0.218096
0.387625   0.217841
0.388535   0.217186
0.387871   0.216631
0.388931   0.21712
0.389391   0.21184
0.391657   0.216
0.388878   0.218613
0.389953   0.217652
0.389309   0.218844
0.389627   0.219109
0.389149   0.217682
0.391224   0.216842
0.3888   0.216259
0.389315   0.216392
0.389598   0.212366
0.388683   0.215815
0.389845   0.217435
0.388822   0.217092
0.391092   0.21979
0.388691   0.219671
0.391152   0.217686
0.38988   0.217414
0.389274   0.216905
0.389843   0.216833
0.389846   0.212157
0.388986   0.216088
0.388975   0.218451
0.388977   0.219367
0.389676   0.219361
0.387957   0.218915
0.389855   0.21786
0.388066   0.21716
0.388684   0.216015
0.389219   0.216724
0.389123   0.2112
***********BUSCA LOCAL**************
ANTES | DEPOIS
0.574471   0.18768
0.947916   0.379248
0.667367   0.188839
0.571166   0.277893
0.570087   0.189903
0.57804   0.189596
0.563232   0.288945
0.565329   0.279201
0.563116   0.189863
0.855174   0.191806
0.56546   0.191027
0.951361   0.190061
0.661422   0.188752
0.574423   0.281829
0.37408   0.190056
0.66731   0.187788
0.563691   0.387161
0.571466   0.287145
0.941696   0.194996
0.572767   0.194357
0.659433   0.18608
0.854636   0.191802
0.848103   0.191688
0.744597   0.188594
0.571938   0.187188
1.14449   0.194064
0.962352   0.190493
0.752082   0.192391
0.657213   0.189587
0.474123   0.189447
0.663002   0.193224
0.570178   0.187231
0.950874   0.18873
0.572246   0.190474
0.569626   0.288253
0.66839   0.570762
0.656359   0.185654
0.379146   0.284958
0.850946   0.194169
0.572722   0.19297
0.667246   0.187575
0.574494   0.377397
0.477001   0.473726
0.849379   0.192856
0.474163   0.182415
0.662473   0.288421
0.660713   0.380179
0.465561   0.193754
0.939623   0.189699
0.571327   0.191337
