Tamanho    Peso
284  8487
287  8323
281  8437
293  8754
286  8590
288  8521
287  8407
283  8448
285  8413
283  8447
283  8478
284  8248
291  8443
286  8426
283  8518
283  8595
288  8456
257  8600
289  8437
282  8252
241  7827
286  8358
285  8370
286  8373
284  8427
292  8590
288  8502
286  8373
291  8447
284  8398
291  8542
290  8503
287  8401
259  8436
255  8339
283  8459
286  8462
284  8279
282  8394
292  8712
253  8303
284  8351
284  8348
288  8446
251  8607
287  8355
289  8528
285  8398
254  8446
282  8263

Time taken: 17
