Tamanho    Peso
233  7915
246  8099
240  7996
244  7972
242  8050
235  7566
243  7931
241  7870
246  8087
250  7602
238  8061
244  7942
247  8105
241  7979
244  8015
235  7624
245  8038
241  7893
244  7994
251  7655
233  7889
242  7934
244  8027
246  8089
238  7876
231  7530
245  8004
244  8045
243  7935
251  7670
234  7931
248  8082
238  7881
243  7978
240  7984
240  7730
244  7994
243  8031
245  8019
250  7551
237  7982
244  7989
245  8064
243  8003
243  7987
234  7542
246  8040
242  7892
244  7917
250  7619

Time taken: 13
