34;7;614 621 866 967 1008 1059 1453 1463 1831 2168 2282 3249 3509 3825 3992 4035 4671 5082 5109 5162 5624 5633 5951 6583 7058 7323 7458 8558 8695 8749 9639 9719 9857 10191
34;7;123 614 621 866 967 1059 1453 1463 1831 2168 2282 3249 3509 3825 3992 4035 4671 5082 5109 5162 5624 5633 5951 6583 7058 7323 7458 8558 8695 8749 9639 9719 9857 10191
34;7;614 866 967 1008 1059 1453 1463 1831 2168 2282 3249 3825 3992 4023 4035 4671 4977 5082 5109 5162 5624 5633 5951 6583 7058 7323 7458 8558 8695 8749 9639 9719 9857 10191
34;7;123 614 866 967 1059 1453 1463 1831 2168 2282 3249 3825 3992 4023 4035 4671 4977 5082 5109 5162 5624 5633 5951 6583 7058 7323 7458 8558 8695 8749 9639 9719 9857 10191
35;7;123 211 614 866 967 1059 1205 1453 1463 1831 2168 2282 3249 3825 3992 4035 4671 5082 5109 5162 5624 5633 5951 6583 7058 7132 7323 7458 8558 8695 8749 9639 9719 9857 10191
35;7;614 621 866 967 1059 1453 1463 1831 2168 2282 3249 3509 3825 3992 4023 4035 4671 4977 5082 5109 5162 5624 5633 5951 6583 7058 7323 7458 8558 8695 8749 9639 9719 9857 10191
37;7;123 614 866 967 1059 1453 1463 1831 2168 2282 2452 3162 3249 3504 3825 3992 4035 4671 5082 5109 5162 5624 5633 5951 6211 6583 7058 7323 7458 7908 8558 8695 8749 9639 9719 9857 10191
37;7;614 866 967 1008 1059 1453 1463 1831 2168 2282 2452 3162 3249 3504 3825 3992 4035 4671 5082 5109 5162 5624 5633 5951 6211 6583 7058 7323 7458 7908 8558 8695 8749 9639 9719 9857 10191
38;7;614 621 866 967 1059 1453 1463 1831 2168 2282 2452 3162 3249 3504 3509 3825 3992 4035 4671 5082 5109 5162 5624 5633 5951 6211 6583 7058 7323 7458 7908 8558 8695 8749 9639 9719 9857 10191
39;7;614 866 967 1059 1453 1461 1463 1831 2168 2282 2452 3162 3249 3504 3825 3992 4023 4035 4671 4977 5082 5109 5162 5624 5633 5951 6211 6583 7058 7323 7458 7908 8558 8695 8749 9639 9719 9857 10191
