Tamanho    Peso
101  4029
85  3345
92  3536
109  4386
107  3961
100  4047
97  4045
103  4191
95  3724
97  3758
113  4462
95  3700
97  4124
103  4043
98  3857
88  3338
102  4443
106  4164
98  3934
120  4467
98  4029
99  4131
112  4224
98  3802
98  4255
115  4161
98  3982
99  3788
104  4111
105  4341
112  4678
97  3831
97  3641
115  4342
83  3299
98  4100
97  4018
90  3444
93  3979
86  3531
118  4834
101  3984
102  4013
100  4070
97  3932
107  4621
98  3808
101  4296
123  4670
116  4335

Time taken: 182
