***********CONSTRUÇÃO**************
ANTES | DEPOIS
1.70741   1.6836
1.72158   1.67672
1.71897   1.67014
1.72014   1.66891
1.72069   1.67319
1.72355   1.66053
1.7157   1.66462
1.72257   1.66755
1.72117   1.65565
1.72788   1.66751
1.72007   1.66854
1.71715   1.67592
1.72178   1.66528
1.71768   1.66608
1.7244   1.65998
1.72432   1.67061
1.7074   1.66897
1.72412   1.66612
1.71721   1.66597
1.72471   1.67806
1.71766   1.67547
1.72552   1.67759
1.71821   1.6731
1.71971   1.66497
1.72077   1.66418
1.71433   1.67849
1.71884   1.67139
1.71402   1.6648
1.71403   1.6639
1.71646   1.66687
1.72717   1.66747
1.72324   1.67712
1.71254   1.667
1.71965   1.66923
1.71651   1.67171
1.71503   1.67345
1.72251   1.66394
1.73145   1.66403
1.72351   1.67267
1.72083   1.67172
1.72314   1.6631
1.71563   1.68205
1.71808   1.66593
1.72065   1.66918
1.72153   1.66624
1.71812   1.68275
1.7146   1.67529
1.71827   1.67692
1.71448   1.67529
1.7145   1.6702
***********BUSCA LOCAL**************
ANTES | DEPOIS
1.62014   1.58448
2.22258   2.07052
1.61899   2.7782
1.57106   1.6664
1.61847   1.59429
2.8071   1.56718
2.80726   1.56996
1.69683   1.5709
2.19523   1.59549
1.68475   1.57873
1.57656   1.67895
1.58847   1.55405
1.59973   1.67662
2.17551   1.5591
4.50809   1.55156
1.58722   2.72139
1.63251   1.63129
3.42655   2.23276
1.68968   1.57663
1.56563   2.28586
1.55736   1.50584
2.64155   1.56644
2.77263   1.60228
2.57553   1.60768
1.61941   1.61322
1.58141   2.85798
2.25083   2.68125
2.23416   1.57135
1.75057   1.54445
1.60021   3.32332
1.60591   1.70314
1.60812   1.58979
1.54654   1.60755
1.64829   1.64209
2.17265   2.02093
1.70961   1.62783
1.65998   1.63904
1.58656   2.65236
1.57011   2.12552
2.06801   3.92391
1.65502   1.7084
3.33952   3.36607
1.62905   2.77161
2.79936   1.56473
1.66302   1.55458
1.59417   2.27466
1.57922   1.55493
1.61695   1.54161
1.6234   2.85479
1.5883   2.7711
