***********CONSTRUÇÃO**************
ANTES | DEPOIS
0.400355   0.222741
0.399201   0.21571
0.40016   0.221232
0.399497   0.216078
0.400579   0.213233
0.401051   0.21361
0.400788   0.215784
0.398977   0.217923
0.399929   0.213558
0.401038   0.215325
0.401558   0.220396
0.39951   0.216553
0.398978   0.221593
0.40057   0.216099
0.401113   0.214012
0.402361   0.213405
0.398998   0.215165
0.400404   0.218485
0.400552   0.213043
0.399795   0.214714
0.399825   0.219795
0.401087   0.216269
0.398579   0.221566
0.399655   0.21624
0.400544   0.21266
0.401752   0.213808
0.401119   0.214775
0.400821   0.219104
0.400155   0.213535
0.40055   0.215363
0.399176   0.218995
0.400636   0.215688
0.397702   0.22124
0.398808   0.215413
0.400011   0.213337
0.39966   0.214207
0.401009   0.214992
0.400772   0.216939
0.398967   0.21283
0.401619   0.215581
0.400726   0.219736
0.401126   0.216289
0.399844   0.220247
0.399084   0.216829
0.399333   0.213757
0.400619   0.21367
0.401782   0.21464
0.400569   0.218151
0.400015   0.214063
0.400614   0.214842
***********BUSCA LOCAL**************
ANTES | DEPOIS
0.584577   0.297916
0.565865   0.188754
1.05737   0.290498
0.383585   0.488015
0.378033   0.383599
1.26656   0.187016
0.67041   0.193384
0.579722   0.193942
0.866407   0.191744
0.483795   0.190119
0.676051   0.866198
0.772637   0.191358
0.581691   0.288694
0.289792   0.580552
0.658463   0.286903
0.577822   0.192457
0.673418   0.192473
0.879491   0.286177
0.96878   0.294591
0.868642   0.287926
0.67426   0.393351
0.580995   0.389231
0.48513   0.387839
0.76092   0.1985
0.766827   0.198809
0.86294   0.190289
0.876619   0.289784
0.586834   0.386229
0.482704   0.294418
0.286457   0.191031
0.584323   0.287306
0.954578   0.197687
0.573847   0.388761
0.390629   0.289767
0.386452   0.194301
0.672598   0.385309
0.576563   0.383946
0.383859   0.387953
1.0774   0.193386
0.765071   0.193411
0.573801   0.385248
0.485832   0.38886
0.773899   0.292125
0.873868   0.185749
0.582167   0.486174
0.584593   0.193648
0.777684   0.190283
0.570577   0.290388
0.570405   0.484971
0.770187   0.186123
