***********CONSTRUÇÃO**************
ANTES | DEPOIS
1.65775   1.07659
1.65996   1.07591
1.6561   1.09132
1.66272   1.07602
1.65851   1.08388
1.66154   1.07493
1.65303   1.08893
1.65614   1.07205
1.66156   1.07814
1.66299   1.08529
1.65738   1.07423
1.65857   1.07713
1.65547   1.08737
1.66026   1.07473
1.65859   1.0863
1.65925   1.07658
1.6627   1.08849
1.66171   1.07296
1.65448   1.08402
1.65127   1.08416
1.65517   1.07812
1.66112   1.07707
1.66044   1.09194
1.66228   1.07556
1.65864   1.08652
1.65947   1.07318
1.66276   1.08699
1.6563   1.06968
1.65391   1.08414
1.65897   1.08676
1.65369   1.07156
1.65753   1.0753
1.65243   1.08839
1.65749   1.07734
1.66026   1.08739
1.65837   1.07843
1.6623   1.09083
1.66274   1.06944
1.6583   1.08411
1.65923   1.0843
1.66011   1.07159
1.65558   1.07643
1.66162   1.09035
1.66166   1.07381
1.65932   1.08634
1.65927   1.08131
1.65264   1.08851
1.65715   1.06964
1.65559   1.08555
1.65627   1.07764
***********BUSCA LOCAL**************
ANTES | DEPOIS
2.15438   0.867501
1.27923   1.29455
3.00217   0.870542
2.16442   0.875955
1.7263   0.892106
1.29063   0.872732
3.03662   1.30564
3.00698   0.874905
1.71078   0.870736
3.43334   0.861249
5.63426   0.882939
2.60113   0.876602
2.58686   0.85738
4.32758   0.870063
3.88147   0.883529
3.89754   0.868148
1.71278   0.869329
1.7242   0.878107
3.86537   0.867185
1.7402   0.862787
3.8868   0.847008
3.84593   0.866706
2.57793   1.73779
1.27369   0.869833
3.4591   0.870467
2.16643   0.883692
3.87675   0.875031
2.13986   0.868734
2.58031   1.74705
2.15637   0.866232
2.56429   0.871396
2.58072   0.879624
4.30721   0.898455
1.29042   0.86833
3.02287   0.887129
2.16859   0.858786
1.28142   0.871016
1.6969   0.883169
3.01676   0.862639
1.70983   0.85602
1.72107   0.863734
2.60248   0.857975
1.73859   0.871629
1.302   0.869557
3.45475   0.867497
3.86735   1.29637
3.89286   0.871105
2.14505   0.873683
3.89855   0.868025
1.72484   0.864691
