106;7;0 68 177 192 211 306 310 324 369 515 532 630 650 737 746 754 770 788 803 825 852 857 872 873 877 887 889 1025 1041 1062 1117 1172 1197 1224 1228 1230 1290 1574 1577 1610 1762 1778 1788 1792 1793 1826 1827 1831 1912 2010 2071 2076 2110 2216 2221 2313 2426 2507 2543 2551 2650 2699 2719 2721 2728 2730 2734 2751 2759 2816 2947 2956 2964 3029 3034 3141 3179 3296 3314 3385 3395 3403 3437 3446 3493 3529 3542 3549 3606 3628 3643 3679 3692 3718 3722 3819 3823 3838 3894 3921 3933 3964 3980 3982 3993 4029
106;7;0 68 177 192 211 310 324 369 515 532 630 650 737 746 754 770 788 803 825 852 857 873 877 887 889 1025 1041 1062 1117 1172 1197 1224 1228 1230 1290 1336 1535 1574 1577 1610 1762 1778 1788 1792 1793 1826 1827 1831 1912 2010 2071 2076 2110 2216 2221 2313 2426 2507 2543 2551 2650 2699 2719 2721 2728 2730 2734 2751 2759 2816 2947 2956 2964 3029 3034 3141 3179 3296 3314 3385 3395 3403 3437 3446 3493 3529 3542 3549 3606 3628 3643 3679 3692 3718 3722 3819 3823 3838 3894 3921 3933 3964 3980 3982 3993 4029
106;7;0 68 177 192 211 310 324 515 532 630 650 737 746 754 770 788 803 825 839 852 857 873 877 887 889 1025 1041 1062 1117 1172 1197 1216 1224 1228 1230 1290 1577 1610 1762 1788 1792 1793 1826 1827 1831 1851 1912 2010 2071 2076 2110 2216 2221 2313 2507 2543 2551 2552 2650 2699 2721 2728 2730 2734 2751 2759 2816 2947 2956 2964 2967 3029 3033 3034 3141 3179 3296 3314 3385 3395 3403 3404 3446 3493 3529 3542 3549 3606 3628 3643 3647 3679 3692 3718 3722 3819 3823 3838 3894 3921 3933 3964 3980 3982 3993 4029
107;7;0 68 177 192 211 310 324 458 532 570 578 630 650 737 746 754 770 788 803 825 839 852 857 873 877 887 889 1025 1041 1062 1117 1172 1197 1216 1224 1228 1230 1290 1577 1762 1788 1792 1793 1826 1827 1831 1851 1912 2010 2071 2076 2110 2216 2221 2313 2507 2543 2551 2552 2650 2699 2721 2728 2730 2734 2751 2759 2935 2944 2947 2956 2964 2967 3033 3034 3141 3179 3296 3314 3385 3395 3403 3404 3446 3493 3529 3549 3606 3628 3643 3647 3692 3718 3722 3752 3819 3823 3838 3863 3894 3921 3933 3964 3980 3982 3993 4029
108;7;0 68 177 192 211 310 324 369 515 532 630 650 737 746 754 770 788 803 825 852 857 873 877 887 889 1025 1041 1062 1076 1117 1172 1197 1224 1228 1230 1290 1574 1577 1610 1762 1778 1788 1792 1793 1826 1827 1831 1912 2010 2071 2076 2110 2216 2221 2313 2426 2505 2507 2543 2551 2650 2699 2719 2721 2728 2730 2734 2751 2759 2816 2947 2956 2964 3029 3034 3050 3141 3179 3296 3314 3385 3395 3403 3437 3446 3485 3493 3529 3542 3549 3606 3628 3643 3679 3692 3718 3722 3819 3823 3838 3894 3921 3933 3964 3980 3982 3993 4029
108;7;0 68 177 192 211 310 324 369 515 532 630 639 650 737 746 754 770 788 803 825 852 857 873 877 887 889 1025 1041 1062 1117 1172 1197 1224 1228 1230 1290 1347 1574 1577 1610 1762 1778 1788 1792 1793 1826 1827 1831 1912 2010 2071 2076 2110 2216 2221 2313 2426 2507 2543 2551 2650 2699 2719 2721 2728 2730 2734 2751 2759 2816 2902 2947 2956 2964 3029 3034 3141 3179 3296 3314 3385 3395 3403 3437 3446 3493 3529 3542 3549 3595 3606 3628 3643 3679 3692 3718 3722 3819 3823 3838 3894 3921 3933 3964 3980 3982 3993 4029
108;7;0 68 177 192 211 310 324 369 515 532 630 650 737 746 754 770 788 803 825 839 852 857 873 877 887 889 1025 1041 1062 1117 1172 1197 1216 1224 1228 1230 1290 1574 1577 1610 1762 1778 1788 1792 1793 1826 1827 1831 1851 1912 2010 2071 2076 2110 2216 2221 2313 2426 2507 2543 2551 2552 2650 2699 2719 2721 2728 2730 2734 2751 2759 2816 2947 2956 2964 3029 3034 3141 3179 3296 3314 3385 3395 3403 3437 3446 3493 3529 3542 3549 3606 3628 3643 3679 3692 3718 3722 3819 3823 3838 3894 3921 3933 3964 3980 3982 3993 4029
109;7;0 68 177 192 211 310 324 458 515 532 578 630 650 737 739 746 754 770 788 803 825 852 857 873 877 887 889 1025 1041 1062 1117 1172 1197 1224 1228 1230 1290 1577 1610 1758 1762 1788 1792 1793 1826 1827 1831 1912 2010 2071 2076 2110 2216 2221 2313 2507 2543 2551 2650 2699 2721 2728 2730 2734 2751 2759 2816 2935 2947 2956 2964 2967 3029 3033 3034 3141 3179 3296 3314 3385 3395 3403 3404 3446 3493 3529 3542 3549 3606 3628 3643 3647 3679 3692 3718 3722 3752 3819 3823 3838 3863 3894 3921 3933 3964 3980 3982 3993 4029
109;7;0 68 177 192 211 310 324 369 515 532 630 650 737 746 754 770 788 803 825 852 857 873 877 887 889 1025 1041 1062 1117 1172 1197 1224 1228 1230 1290 1574 1577 1610 1762 1778 1788 1792 1793 1826 1827 1831 1912 2010 2071 2076 2110 2216 2221 2313 2426 2507 2543 2551 2650 2699 2719 2721 2728 2730 2734 2751 2759 2816 2947 2956 2964 2967 2995 3029 3033 3034 3141 3179 3296 3314 3385 3395 3403 3404 3437 3446 3493 3529 3542 3549 3606 3628 3643 3647 3679 3692 3718 3722 3819 3823 3838 3894 3921 3933 3964 3980 3982 3993 4029
109;7;0 68 177 192 211 310 324 369 458 515 532 578 630 650 737 746 754 767 770 788 803 825 852 857 873 877 887 889 1025 1041 1062 1117 1172 1197 1224 1228 1230 1290 1574 1577 1610 1758 1762 1778 1788 1792 1793 1826 1827 1831 1912 2010 2071 2076 2110 2216 2221 2313 2426 2507 2543 2551 2650 2699 2719 2721 2728 2730 2734 2751 2759 2816 2947 2956 2964 3029 3034 3141 3173 3179 3296 3314 3385 3395 3403 3437 3446 3493 3529 3542 3549 3606 3628 3643 3679 3692 3718 3722 3819 3823 3838 3894 3921 3933 3964 3980 3982 3993 4029
