***********CONSTRUÇÃO**************
ANTES | DEPOIS
0.24148   0.182086
0.241915   0.177731
0.240825   0.185661
0.240628   0.184074
0.239346   0.177671
0.240246   0.179058
0.242262   0.178533
0.242228   0.186701
0.240985   0.178647
0.242253   0.178774
0.239508   0.176492
0.240946   0.178662
0.239681   0.186848
0.240894   0.184815
0.241342   0.178705
0.243843   0.179037
0.241684   0.179499
0.243592   0.186338
0.245518   0.176937
0.240866   0.178612
0.243237   0.178859
0.24258   0.180244
0.240793   0.18621
0.241896   0.184109
0.240407   0.177575
0.242095   0.179359
0.241734   0.179515
0.242033   0.186767
0.241882   0.178744
0.242077   0.178627
0.240611   0.177829
0.240433   0.179181
0.245835   0.185862
0.240678   0.18377
0.241067   0.178404
0.24407   0.180621
0.241949   0.178931
0.241013   0.187365
0.243584   0.178165
0.241514   0.17756
0.241233   0.176596
0.241519   0.180535
0.241626   0.185142
0.241636   0.183824
0.24276   0.178397
0.242696   0.180173
0.242857   0.18014
0.242588   0.186825
0.242284   0.177957
0.239802   0.17983
***********BUSCA LOCAL**************
ANTES | DEPOIS
0.244301   0.123052
0.103094   0.189308
0.124701   0.12869
0.111519   0.12693
0.190277   0.191029
0.175815   0.201419
0.12303   0.139913
0.116909   0.196707
0.18326   0.184487
0.171562   0.125935
0.1085   0.19752
0.126838   0.190233
0.125963   0.190341
0.238259   0.330349
0.243704   0.271541
0.173084   0.136358
0.110814   0.132571
0.116971   0.135155
0.236713   0.121242
0.186827   0.119173
0.123753   0.1918
0.115311   0.126875
0.110991   0.202038
0.113788   0.205819
0.244155   0.394554
0.177544   0.129508
0.176706   0.140196
0.11567   0.132068
0.117225   0.11837
0.184841   0.206321
0.112105   0.12719
0.23565   0.138226
0.110232   0.257124
0.120706   0.249437
0.183912   0.398746
0.121974   0.125811
0.166106   0.26676
0.244575   0.195517
0.189698   0.258446
0.176932   0.278057
0.106641   0.134408
0.119762   0.190283
0.110765   0.192381
0.121209   0.198671
0.179644   0.263235
0.114829   0.245422
0.177697   0.190446
0.193553   0.202337
0.107462   0.202158
0.185417   0.184231
