Tamanho    Peso
259  7205
316  7731
323  7805
314  7752
259  7525
256  7375
325  7711
318  7690
264  7410
268  7256
313  7675
314  7582
308  7672
272  7737
264  7445
270  7467
316  7741
322  7711
249  7043
260  7170
321  7665
319  7621
322  7694
317  7556
249  7012
267  7614
258  7176
321  7636
313  7568
256  7534
320  7752
268  7600
312  7574
317  7625
246  7396
325  7676
245  7135
286  7635
268  7463
240  6694
317  7629
316  7663
313  7766
320  7711
269  7414
320  7690
259  7392
260  7462
314  7552
253  7295

Time taken: 20
