Tamanho    Peso
1077  35892
1063  35720
1063  35771
1072  35999
1070  36001
1063  35867
1067  35720
1068  36335
1063  35651
1068  35884
1067  35930
1062  35620
1067  36226
1068  35999
1067  35933
1062  35722
1078  35999
1070  35972
1060  35971
1063  35763
1077  35904
1068  35787
1070  36166
1069  35957
1056  35913
1062  35781
1063  35990
1068  35879
1074  35831
1052  35736
1068  35795
1066  36299
1064  35838
1068  35732
1064  35957
1072  36117
1064  35658
1074  35832
1062  35750
1069  35831
1063  35698
1056  35726
1060  35558
1065  35761
1071  35860
1071  35833
1073  36004
1070  35874
1067  35890
1068  35787

Time taken: 64
