41;7;232 445 768 852 1571 1619 1931 2164 2185 2357 2580 3342 3415 3418 3774 4037 4109 4125 4546 4647 4983 5261 5528 5626 5917 5939 5958 6368 6831 6881 7678 7826 7938 8224 9103 9418 9597 9779 9987 10071 10191
41;7;232 445 768 852 1571 1619 1931 2164 2185 2357 2580 3279 3342 3415 3774 4109 4125 4500 4546 4647 4983 5261 5626 5917 5958 6368 6816 6831 6881 7678 7826 7938 8224 9418 9597 9779 9960 9987 10071 10191 10230
41;7;232 445 768 852 1571 1619 1931 2164 2185 2357 2580 3342 3415 3774 4109 4125 4500 4546 4647 4983 5261 5528 5626 5917 5939 5958 6368 6831 6881 7678 7826 7938 8224 9418 9597 9668 9779 9960 9987 10071 10191
41;7;232 445 768 852 1571 1619 1931 2164 2185 2357 2580 3279 3342 3415 3774 4109 4125 4500 4546 4647 4983 5261 5626 5917 5958 6368 6375 6831 6881 7678 7826 7938 8224 9418 9597 9779 9960 9987 10071 10191 10230
41;7;232 445 768 852 1571 1619 1931 2164 2185 2357 2580 3342 3415 3774 4109 4125 4500 4546 4647 4983 5261 5626 5917 5939 5958 6368 6375 6831 6881 7678 7826 7938 8224 9418 9464 9597 9779 9960 9987 10071 10191
41;7;232 445 768 852 1571 1619 1931 2164 2185 2357 2580 3279 3342 3415 3774 4109 4125 4145 4500 4546 4647 4983 5261 5626 5917 5958 6368 6831 6881 7678 7826 7938 8224 9418 9597 9779 9960 9987 10071 10191 10230
41;7;232 445 565 768 852 1571 1619 1931 2164 2185 2357 2580 3279 3342 3415 3774 4109 4125 4500 4546 4647 4983 5261 5626 5917 5958 6368 6831 6881 7678 7826 7938 8224 9418 9597 9779 9960 9987 10071 10191 10230
41;7;232 445 768 852 1571 1619 1931 2164 2185 2357 2580 3279 3342 3415 3774 4109 4125 4500 4546 4647 4983 5261 5626 5917 5958 6368 6831 6881 7678 7826 7938 8224 8864 9418 9597 9779 9960 9987 10071 10191 10230
41;7;232 445 768 852 1571 1619 1931 2164 2185 2357 2580 3279 3342 3415 3774 4109 4125 4500 4546 4647 4983 5261 5626 5917 5958 6368 6831 6881 7678 7826 7938 8224 9418 9597 9668 9779 9960 9987 10071 10191 10230
41;7;232 445 768 852 1571 1619 1931 2164 2185 2357 2580 3279 3342 3415 3774 4109 4125 4500 4546 4647 4983 5261 5626 5917 5939 5958 6368 6831 6881 7678 7826 7938 8224 9418 9597 9779 9960 9987 10071 10191 10230
