***********CONSTRUÇÃO**************
ANTES | DEPOIS
0.402444   0.217513
0.401182   0.217131
0.400389   0.216166
0.399153   0.212995
0.400904   0.216046
0.400948   0.214673
0.400346   0.212717
0.401865   0.210973
0.400799   0.213428
0.401671   0.213892
0.399345   0.214303
0.401178   0.216481
0.40039   0.215643
0.400554   0.213064
0.402038   0.216651
0.401863   0.214758
0.402134   0.213632
0.401734   0.209679
0.400036   0.212866
0.40073   0.212346
0.400837   0.215791
0.400665   0.217008
0.400344   0.216557
0.401445   0.212263
0.400698   0.216133
0.399741   0.214053
0.400563   0.212628
0.400532   0.211828
0.400862   0.214573
0.400549   0.213218
0.400822   0.214482
0.40272   0.216463
0.402109   0.215729
0.401617   0.213257
0.400658   0.215706
0.400825   0.214764
0.401798   0.21194
0.401546   0.210239
0.401495   0.212884
0.400952   0.213821
0.401118   0.214862
0.401824   0.216704
0.402903   0.215783
0.400295   0.213722
0.401762   0.216662
0.401366   0.214183
0.401023   0.213408
0.400747   0.210771
0.401679   0.213197
0.399863   0.213319
***********BUSCA LOCAL**************
ANTES | DEPOIS
0.482237   0.196731
0.388349   0.194962
0.673052   0.194822
0.574348   0.190953
0.481801   0.197222
0.676971   0.192491
0.580207   0.199363
0.57889   0.192033
0.481571   0.19601
0.384574   0.581716
0.480197   0.193675
1.08138   0.197702
0.483334   0.195435
0.784577   0.200352
1.07911   0.194722
0.963984   0.198507
0.871374   0.19526
0.768186   0.194964
0.384811   0.290594
0.483533   0.196547
0.482816   0.29381
0.975766   0.197932
0.473881   0.291166
0.680536   0.201001
0.864371   0.289306
0.769601   0.197661
0.674485   0.196984
0.975104   0.19685
0.864785   0.193667
0.390739   0.294063
0.487048   0.293708
0.483189   0.194827
0.479564   0.293044
0.585663   0.202078
0.674658   0.197028
0.776669   0.390797
1.07542   0.195463
0.769991   0.197084
0.684167   0.194313
0.584621   0.195033
0.681225   0.197027
1.07458   0.194875
0.774836   0.199086
0.581245   0.190724
0.484231   0.484275
0.384024   0.196861
0.977961   0.19743
1.16219   0.199296
0.776137   0.197102
0.870326   0.196397
