***********CONSTRUÇÃO**************
ANTES | DEPOIS
1.68215   1.10195
1.67888   1.11101
1.67642   1.10097
1.68149   1.10038
1.67387   1.09078
1.67921   1.09206
1.67915   1.1062
1.67707   1.10517
1.67539   1.1023
1.67926   1.10503
1.68146   1.09626
1.6784   1.11125
1.67808   1.09911
1.68121   1.10064
1.67632   1.0899
1.68009   1.09434
1.68365   1.10459
1.67779   1.1067
1.67465   1.10496
1.68092   1.10069
1.67716   1.09762
1.67628   1.11275
1.67401   1.09865
1.6828   1.09955
1.68313   1.09334
1.6826   1.09772
1.679   1.10315
1.67673   1.10363
1.68226   1.10518
1.67621   1.10495
1.68034   1.09957
1.68585   1.11175
1.68119   1.09771
1.683   1.10036
1.68166   1.09212
1.67641   1.09381
1.68203   1.1018
1.67709   1.10313
1.67759   1.10301
1.68189   1.09984
1.6866   1.09742
1.67585   1.11576
1.68209   1.09548
1.67846   1.10274
1.67827   1.08913
1.68276   1.0945
1.6757   1.10241
1.67809   1.10702
1.68057   1.1081
1.68303   1.09807
***********BUSCA LOCAL**************
ANTES | DEPOIS
4.87963   0.887134
3.56092   1.79915
3.96967   0.896685
2.22422   0.900429
2.22303   0.886188
3.11878   0.882521
2.67387   0.901653
1.76177   0.88877
2.65715   0.888367
2.66073   1.77813
2.65443   0.916848
2.24084   1.34216
2.65782   0.898745
2.18961   0.902215
3.11425   1.76231
2.66361   0.906666
4.41936   0.908095
3.0957   0.881331
2.67865   0.892336
3.09467   0.895645
3.14505   0.898661
3.13374   0.890952
5.77415   0.881262
3.55209   0.879141
4.91271   0.914809
2.20012   1.77958
1.78782   0.910654
2.20887   1.32418
3.99161   0.908517
3.10546   1.77675
3.97235   0.898409
2.19593   0.901891
3.12608   0.910805
1.77778   0.902649
2.22013   0.893844
2.20348   0.902232
4.02315   0.9092
2.66467   0.892132
3.99614   0.903912
2.21054   0.879481
2.20124   0.890946
3.12353   1.33224
2.65172   0.900944
3.58451   0.87472
1.33346   0.890082
3.11215   0.881364
3.99837   1.34433
1.76198   0.883722
2.65251   0.88921
1.32344   0.898702
