***********CONSTRUÇÃO**************
ANTES | DEPOIS
0.479296   0.29529
0.479531   0.292035
0.478   0.293178
0.477892   0.291006
0.478289   0.292179
0.479014   0.290021
0.477379   0.292603
0.47941   0.291334
0.480965   0.291506
0.477663   0.290581
0.478538   0.293507
0.478496   0.292038
0.479048   0.293018
0.477966   0.291085
0.478969   0.292094
0.478171   0.289378
0.477029   0.293511
0.478844   0.292305
0.479355   0.291727
0.478126   0.290645
0.478265   0.293216
0.477769   0.292532
0.478019   0.29249
0.478274   0.291027
0.47948   0.291711
0.479958   0.290173
0.477644   0.292523
0.47815   0.292911
0.481191   0.292046
0.479051   0.29035
0.479201   0.29272
0.478663   0.291639
0.479191   0.293724
0.480454   0.291378
0.478106   0.291655
0.477273   0.289897
0.479783   0.293092
0.480096   0.292509
0.479796   0.291091
0.479971   0.290143
0.478206   0.292455
0.477599   0.291927
0.47907   0.292982
0.477193   0.291341
0.479172   0.292055
0.47902   0.290558
0.477639   0.292982
0.478749   0.292927
0.479062   0.291329
0.479075   0.290219
***********BUSCA LOCAL**************
ANTES | DEPOIS
0.617008   0.250772
0.618751   0.250793
1.00098   0.868933
1.11276   0.493817
0.861455   0.246551
0.989972   0.252421
0.617413   0.369499
0.862925   0.499599
1.12614   0.247171
0.610484   0.24799
0.746755   0.248146
0.741101   0.247095
0.371876   0.251752
0.992105   0.253765
1.2447   0.247411
0.868368   0.250709
0.869051   0.249732
0.615633   0.254142
0.378353   0.251987
1.35691   0.252116
1.37406   0.247154
0.616047   0.249812
0.619562   0.249535
0.858578   0.255418
0.621734   0.247952
0.857489   0.252827
0.36951   0.249662
0.993354   0.243066
0.60897   0.246283
0.368742   0.251174
0.985533   0.249661
0.617396   0.247526
0.74179   0.373417
0.622551   0.249694
1.11085   0.373077
0.864239   0.254876
0.489552   0.617816
1.60963   0.252302
0.732007   0.252606
0.503142   0.252245
0.867981   0.247537
0.489777   0.37253
0.614639   0.501675
0.855262   0.248812
0.860466   0.245241
0.371865   0.248765
0.853413   0.248357
0.616155   0.376811
1.24012   0.2501
0.862207   0.255317
