Tamanho    Peso
1089  34438
1105  34476
1104  34392
1088  34349
1096  34623
1093  34715
1104  34884
1111  34688
1090  34333
1098  34765
1104  34614
1085  34624
1086  34748
1083  34423
1093  34450
1109  34606
1106  34722
1110  34894
1091  34779
1094  34274
1089  34128
1104  34900
1099  34964
1100  34576
1113  34740
1101  34505
1085  34865
1101  34561
1107  34763
1079  34702
1103  34704
1102  34648
1095  34715
1101  34607
1090  34339
1097  34335
1098  34915
1094  34459
1100  34647
1104  34993
1098  34388
1094  34498
1096  34876
1098  34670
1109  34614
1097  35040
1097  34528
1093  34593
1101  34775
1102  34485

Time taken: 63
