Tamanho    Peso
1064  36523
1071  36682
1076  36545
1067  36667
1070  36568
1069  36391
1070  36456
1073  36530
1069  36519
1072  36434
1066  36523
1071  36692
1078  36585
1069  36637
1069  36558
1068  36485
1070  36433
1072  36605
1069  36612
1073  36492
1065  36527
1070  36604
1075  36704
1068  36435
1068  36533
1066  36420
1069  36468
1069  36477
1071  36716
1071  36531
1064  36594
1071  36543
1067  36580
1071  36629
1071  36453
1070  36464
1069  36500
1069  36635
1065  36414
1066  36461
1065  36683
1072  36617
1074  36618
1068  36516
1072  36439
1070  36537
1069  36442
1074  36583
1071  36542
1070  36605

Time taken: 21
