***********CONSTRUÇÃO**************
ANTES | DEPOIS
0.38998   0.207721
0.390275   0.205883
0.392037   0.207239
0.390519   0.20253
0.391393   0.206802
0.391331   0.205712
0.393273   0.205185
0.392056   0.20644
0.390028   0.204917
0.39179   0.202588
0.391338   0.205479
0.391248   0.206473
0.391004   0.207342
0.389404   0.20294
0.391448   0.206617
0.390688   0.205963
0.390641   0.204873
0.389104   0.206674
0.391981   0.204922
0.391843   0.202335
0.389796   0.205343
0.391072   0.207344
0.391231   0.206978
0.39042   0.201963
0.389877   0.205986
0.39188   0.205767
0.390843   0.205149
0.390891   0.20627
0.392585   0.205827
0.390852   0.202028
0.393326   0.205226
0.390532   0.206919
0.391459   0.206398
0.390465   0.202724
0.390582   0.206637
0.391286   0.205881
0.39118   0.204735
0.390411   0.207295
0.391118   0.204569
0.39224   0.201668
0.390845   0.205501
0.390319   0.207121
0.390661   0.206763
0.391301   0.202573
0.391297   0.206179
0.393154   0.206459
0.391785   0.205182
0.392254   0.206491
0.39222   0.205219
0.389964   0.202601
***********BUSCA LOCAL**************
ANTES | DEPOIS
0.954341   0.191183
0.569914   0.19522
0.38121   0.19109
0.76156   0.388262
0.567969   0.189221
1.25318   0.193236
0.47348   0.190698
0.375441   0.189411
0.851575   0.191583
0.656726   0.188318
0.670763   0.189398
0.568555   0.191514
0.475555   0.18962
0.473221   0.188173
0.566424   0.189511
0.477522   0.189111
0.481565   0.189128
0.764099   0.190472
0.841399   0.189714
0.758608   0.188999
0.483999   0.190256
0.565673   0.191183
0.379937   0.19057
1.14762   0.386177
1.23952   0.190937
0.763067   0.189513
0.3839   0.191474
0.470119   0.192187
0.569726   0.191234
1.14228   0.192937
0.854778   0.193706
0.855304   0.189923
0.667477   0.286351
0.861097   0.193138
0.372941   0.19115
0.948714   0.189139
0.764255   0.194691
0.664173   0.194307
0.481179   0.193772
0.671865   0.290999
0.767855   0.19286
0.566188   0.189749
0.47228   0.190605
0.762999   0.384306
0.858779   0.19603
0.960319   0.197512
0.377308   0.190958
0.569429   0.191121
0.948214   0.192582
1.0495   0.28738
