***********CONSTRUÇÃO**************
ANTES | DEPOIS
1.65234   1.07089
1.64918   1.06085
1.64508   1.06622
1.65474   1.06683
1.65464   1.06707
1.65495   1.06775
1.65775   1.06888
1.65545   1.08001
1.65553   1.0707
1.65528   1.0619
1.6526   1.06778
1.65279   1.05845
1.65613   1.06541
1.6536   1.06769
1.65393   1.06278
1.6503   1.06885
1.65284   1.06929
1.65274   1.07812
1.65338   1.07454
1.64814   1.06302
1.65097   1.06843
1.6526   1.05869
1.65758   1.08979
1.6523   1.06692
1.65495   1.06369
1.65346   1.07131
1.65109   1.06934
1.65428   1.08145
1.65296   1.06976
1.65292   1.06291
1.65284   1.06797
1.65282   1.06048
1.65451   1.06787
1.65664   1.06416
1.64974   1.05996
1.65498   1.06881
1.64427   1.07131
1.65733   1.07742
1.65171   1.07077
1.65313   1.06215
1.64922   1.06269
1.65464   1.0591
1.64839   1.06651
1.65018   1.06762
1.65046   1.06508
1.64715   1.07036
1.65179   1.06797
1.64678   1.07856
1.66013   1.07174
1.6519   1.05934
***********BUSCA LOCAL**************
ANTES | DEPOIS
2.14066   0.88261
2.18545   0.889768
1.74697   1.32313
3.07177   0.878823
3.51531   0.871783
2.62112   0.890024
2.18395   0.871575
2.62055   0.890644
1.73484   0.879019
2.60886   0.889294
2.17467   0.898734
1.7558   0.896225
4.36736   0.886733
3.53037   0.897062
2.62657   0.882409
1.72275   0.891474
2.63262   0.896627
4.80937   0.894801
3.04089   0.906075
3.06585   0.881747
3.50567   1.77156
2.60671   0.883755
1.73724   0.893298
1.76082   0.882646
3.5141   0.880662
2.61667   1.34043
3.49927   1.34498
1.29981   0.888326
2.63392   0.888101
4.37813   0.905987
3.05071   0.885623
3.04993   1.35201
3.08272   0.898173
3.92733   0.872223
3.94669   0.894887
2.59541   1.31643
2.60569   0.870476
2.63604   1.75462
2.1819   0.887038
5.26561   0.877894
3.49516   0.882709
2.15651   0.877146
2.62313   1.78186
5.29005   0.88726
1.31633   0.877608
2.61578   0.87937
3.51511   0.894072
3.51365   1.75631
3.47197   0.88868
3.50664   0.877053
