Tamanho    Peso
1714  56513
1713  57023
1667  56240
1716  56201
1698  56374
1705  56561
1717  56798
1709  56075
1703  56779
1717  56361
1704  56562
1702  56461
1689  56328
1723  56380
1710  56610
1711  56623
1720  56691
1714  56202
1708  56450
1701  56582
1715  56113
1707  56414
1687  56646
1694  56595
1706  56142
1708  56491
1724  56392
1694  57648
1701  56262
1702  56373
1704  56401
1719  56631
1701  56653
1710  56395
1706  56076
1710  56461
1678  56217
1715  56434
1720  56692
1686  55997
1698  56552
1712  56299
1700  56272
1703  55973
1689  57479
1719  56607
1719  56600
1712  56579
1705  56089
1697  56383

Time taken: 228
