Tamanho    Peso
1701  55864
1702  55794
1706  55928
1706  55881
1713  55999
1706  56058
1714  55858
1702  55719
1702  55636
1701  56076
1709  56006
1691  55786
1698  55792
1705  55863
1705  55689
1702  55783
1713  55810
1706  56180
1710  55917
1704  55842
1704  55785
1692  55625
1698  55840
1699  55713
1712  55846
1718  55886
1697  55644
1720  56154
1699  55688
1704  55955
1703  55807
1695  55933
1701  55689
1694  55719
1699  55880
1683  55590
1701  55770
1698  55663
1698  55798
1698  55831
1693  55749
1694  55753
1710  55982
1706  55621
1712  55804
1705  55873
1703  55878
1692  55932
1702  55709
1696  55843

Time taken: 103
