Tamanho    Peso
293  7792
296  7831
288  7617
289  7619
295  7798
291  7697
294  7657
291  7716
290  7738
296  7885
295  7714
300  7720
291  7666
292  7866
292  7646
294  7714
290  7727
294  7720
291  7755
291  7853
289  7628
294  7806
296  7812
291  7908
297  7818
260  7580
263  7862
294  7871
293  7921
296  7813
296  7799
292  7886
294  7843
294  7883
293  7693
292  7846
290  7598
294  7756
292  7600
287  7611
290  7773
297  7808
292  7766
294  7789
289  7650
292  7810
293  7766
292  7678
288  7634
289  7883

Time taken: 17
