26;7;87 349 500 1395 1994 2335 2372 2856 3261 4124 4183 4203 4407 4844 5536 7073 7277 7474 8501 8511 9052 9215 9430 9597 10069 10071
26;7;87 349 500 1395 1994 2335 2372 2651 3261 4183 4203 4407 4585 4844 5536 7073 7277 7474 8180 8501 8511 9215 9430 9597 10069 10071
27;7;87 349 500 1395 1994 2335 2372 3261 4183 4203 4407 4585 4844 5536 6640 7073 7277 7474 8180 8501 8511 9215 9430 9597 10069 10071 10230
27;7;87 349 500 1395 1994 2335 2372 2856 3261 4124 4183 4203 4407 4585 4844 5536 7073 7277 7474 8501 8511 8552 9215 9430 9597 10069 10071
28;7;87 349 500 1395 1994 2335 2372 2856 3261 4124 4183 4203 4407 4585 4727 4844 5536 7073 7277 7474 8501 8511 9215 9430 9597 10069 10071 10230
28;7;87 349 500 1395 1994 2335 2372 2651 2856 3261 4124 4183 4203 4407 4585 4844 5536 7073 7277 7474 8501 8511 9163 9215 9430 9597 10069 10071
29;7;87 349 500 1395 1994 2335 2372 2856 3261 4124 4183 4203 4407 4844 5536 6373 7073 7277 7474 8180 8253 8501 8511 8910 9215 9430 9597 10069 10071
29;7;87 349 500 1395 1994 2335 2372 2651 2856 3261 4124 4183 4203 4407 4844 5536 7073 7277 7474 8180 8253 8501 8511 8910 9215 9430 9597 10069 10071
29;7;87 349 500 1395 1994 2335 2372 2856 3261 4124 4183 4203 4407 4585 4844 5536 7073 7277 7474 8180 8253 8501 8511 8910 9215 9430 9597 10069 10071
30;7;87 349 500 1395 1994 2058 2335 2372 2856 3261 3406 4124 4183 4203 4407 4844 5536 7073 7277 7474 8180 8253 8501 8511 8910 9215 9430 9597 10069 10071
