***********CONSTRUÇÃO**************
ANTES | DEPOIS
0.212639   0.169616
0.208661   0.164601
0.214592   0.162011
0.214139   0.164749
0.213476   0.163922
0.212391   0.162217
0.21405   0.16251
0.210165   0.163309
0.213687   0.163361
0.213855   0.163354
0.214825   0.163599
0.214394   0.165197
0.213991   0.163575
0.212608   0.163965
0.212436   0.162901
0.214363   0.162497
0.214552   0.162584
0.211051   0.163787
0.213699   0.165001
0.214465   0.162423
0.209766   0.163058
0.211558   0.164067
0.21415   0.16307
0.213168   0.163016
0.214782   0.163672
0.211869   0.161086
0.214253   0.164457
0.212858   0.164223
0.212311   0.162936
0.210461   0.162363
0.213579   0.162812
0.214337   0.166383
0.213521   0.16319
0.21182   0.163471
0.208567   0.163116
0.21479   0.161332
0.211905   0.162757
0.211929   0.163523
0.213178   0.163802
0.213773   0.162593
0.213326   0.163957
0.215336   0.165643
0.212383   0.16421
0.2113   0.163267
0.212315   0.163172
0.215317   0.16106
0.212504   0.162633
0.21411   0.163001
0.21004   0.163531
0.212824   0.163005
***********BUSCA LOCAL**************
ANTES | DEPOIS
0.107227   0.17232
0.113283   0.297835
0.109784   0.175902
0.220991   0.293999
0.229658   0.225561
0.165157   0.233403
0.171173   0.178483
0.177597   0.171901
0.111391   0.174168
0.118048   0.175858
0.115363   0.184603
0.22998   0.301801
0.113297   0.178832
0.170308   0.29745
0.114915   0.296838
0.113575   0.292904
0.112   0.174772
0.220363   0.177901
0.227541   0.174517
0.117414   0.23454
0.173176   0.176449
0.104552   0.178216
0.11266   0.173691
0.11288   0.174572
0.225113   0.290063
0.179457   0.410644
0.111467   0.176456
0.109817   0.175792
0.23132   0.173058
0.109965   0.173354
0.114027   0.18245
0.223705   0.297604
0.231137   0.182684
0.159292   0.173894
0.232815   0.170243
0.109088   0.173123
0.165618   0.23799
0.223015   0.174033
0.106827   0.34709
0.117375   0.178283
0.106759   0.180901
0.118162   0.178336
0.163121   0.176823
0.11003   0.293178
0.221413   0.357582
0.11248   0.178647
0.110054   0.303976
0.174786   0.171796
0.167954   0.287469
0.226424   0.298575
