Tamanho    Peso
1034  34515
1026  34340
1022  34251
1018  34313
1026  34306
1020  34357
1022  34347
1019  34209
1019  34168
1023  34413
1031  34476
1032  34427
1022  34468
1023  34383
1024  34284
1028  34265
1025  34517
1021  34225
1023  34231
1024  34365
1033  34568
1027  34304
1026  34400
1018  34355
1027  34298
1025  34465
1030  34448
1022  34258
1023  34224
1022  34326
1035  34687
1027  34399
1021  34316
1022  34416
1027  34472
1025  34378
1028  34356
1021  34274
1023  34262
1021  34252
1033  34646
1029  34333
1021  34353
1022  34324
1025  34336
1025  34396
1020  34338
1022  34384
1025  34238
1026  34299

Time taken: 26
