Tamanho    Peso
122  4923
121  4752
96  3797
116  4756
115  4458
122  4661
124  4959
95  4060
105  4491
90  3608
101  4385
118  4787
106  4302
101  4209
111  4553
100  4001
123  4738
125  4767
102  4154
119  4362
98  4062
120  4811
121  4884
106  4585
110  4532
103  4384
123  4791
91  3719
92  3889
110  4467
113  4375
89  3895
109  4425
124  4950
123  4835
108  4466
103  4425
124  4801
103  4429
90  3559
100  4186
113  4749
97  3870
88  3930
100  3954
89  3742
99  3926
93  4018
103  4245
118  4796

Time taken: 159
