***********CONSTRUÇÃO**************
ANTES | DEPOIS
1.70633   1.47893
1.70508   1.45053
1.70445   1.47158
1.70999   1.46608
1.70381   1.46983
1.70693   1.4659
1.70833   1.46981
1.70399   1.46928
1.70925   1.47311
1.70816   1.471
1.70535   1.47225
1.70578   1.44979
1.70918   1.47234
1.70713   1.46556
1.70541   1.46954
1.7077   1.46822
1.70818   1.46966
1.70288   1.47186
1.70619   1.47423
1.7039   1.46928
1.70709   1.47333
1.70971   1.44982
1.70785   1.47036
1.70904   1.46604
1.70604   1.46841
1.71037   1.46653
1.70778   1.47005
1.70665   1.46952
1.70914   1.4742
1.7031   1.4692
1.70755   1.47405
1.71272   1.44765
1.70231   1.47249
1.70361   1.46604
1.71052   1.46993
1.70518   1.46843
1.70019   1.47008
1.70607   1.47193
1.70416   1.47453
1.70871   1.46911
1.71008   1.47386
1.70643   1.4489
1.70826   1.47195
1.70536   1.46541
1.7104   1.47121
1.71083   1.46755
1.70795   1.47253
1.70259   1.46889
1.70734   1.4778
1.7059   1.47002
***********BUSCA LOCAL**************
ANTES | DEPOIS
2.12574   1.05716
2.22077   1.07482
1.62413   1.54596
2.103   1.62222
1.60071   2.18897
2.64294   1.09278
1.55769   1.09045
4.8963   1.61452
1.97619   1.60857
1.49064   2.13541
1.62893   3.28615
4.77837   2.15134
1.53935   1.59941
1.61671   2.18511
1.56682   1.63972
1.55924   1.53696
2.09059   1.11026
1.52904   1.08772
2.17386   1.57896
2.17974   2.10963
2.1022   1.55572
1.57181   1.09046
3.08183   1.10163
2.06415   1.66333
2.60189   1.60566
3.70886   1.64002
1.5982   1.07887
4.30305   1.53067
1.57805   3.18278
1.62233   1.59343
1.49707   3.21843
1.56398   2.13228
1.54072   2.20669
2.13953   1.0807
1.49981   1.09327
1.6443   2.21279
2.53822   2.71433
1.56769   1.10353
2.69182   1.61843
1.52707   1.61542
1.50279   1.56424
1.65244   1.14036
1.54871   2.13325
1.49035   2.1095
1.63742   1.60283
1.50514   2.65022
2.08056   1.58577
1.5965   1.58065
1.5615   2.13288
1.1115   1.09421
