***********CONSTRUÇÃO**************
ANTES | DEPOIS
0.400615   0.225219
0.400269   0.223207
0.402093   0.22522
0.402686   0.224326
0.400244   0.221859
0.400343   0.222599
0.401453   0.219744
0.400803   0.221289
0.400599   0.222407
0.401016   0.220869
0.40169   0.223228
0.399651   0.223336
0.400686   0.224035
0.400917   0.221746
0.401038   0.220067
0.401278   0.22375
0.400062   0.21897
0.398584   0.220978
0.401926   0.221732
0.400004   0.219873
0.400375   0.22307
0.401216   0.222679
0.402893   0.226939
0.399496   0.221301
0.400624   0.222784
0.401781   0.223455
0.399271   0.218707
0.401419   0.221878
0.400447   0.221007
0.399387   0.220636
0.400208   0.223213
0.400492   0.223454
0.401981   0.226616
0.402338   0.223199
0.400334   0.221406
0.400626   0.224301
0.401279   0.21987
0.401516   0.219956
0.400377   0.220643
0.400707   0.220082
0.401408   0.222386
0.402421   0.225647
0.399898   0.228627
0.400601   0.222475
0.400657   0.221434
0.400207   0.223244
0.401319   0.219369
0.401542   0.223097
0.402025   0.221327
0.401032   0.22087
***********BUSCA LOCAL**************
ANTES | DEPOIS
0.775451   0.195056
1.16195   0.390547
0.872358   0.191453
0.77331   0.2952
0.864975   0.678868
0.580964   0.194756
0.484018   0.196418
0.491057   0.297383
0.4825   0.487073
0.683363   0.385629
0.871082   0.288444
0.487559   0.292598
0.383989   0.391139
0.581063   0.193949
0.674291   0.291958
0.778314   0.195634
0.292068   0.196527
0.396771   0.194262
0.872162   0.292106
0.483553   0.296925
0.485497   0.198666
0.68461   0.484101
0.588021   0.290247
0.478392   0.39123
0.385142   0.196799
1.17611   0.391441
0.582889   0.287133
0.775952   0.193843
0.588273   0.196338
0.671511   0.19703
0.582244   0.391343
0.966345   0.389472
0.966317   0.292759
1.45208   0.19304
0.485905   0.296994
0.962535   0.292431
1.05665   0.192164
0.669288   0.389252
0.772183   0.290841
0.480478   0.393734
0.486175   0.289835
1.1661   0.296032
0.679086   0.289112
0.674926   0.196248
1.17157   0.194492
0.585395   0.488317
0.779624   0.194544
0.590737   0.389929
0.781533   0.388972
0.486914   0.292906
