Tamanho    Peso
266  8599
270  8761
262  8768
266  8600
262  8689
262  8734
263  8660
268  8818
263  8867
269  8704
268  8653
265  8605
240  8694
268  8816
246  8766
270  8805
267  8802
262  8627
261  8754
263  8602
263  8659
268  8686
246  8722
267  8885
245  8543
265  8803
268  8934
270  8848
266  8770
262  8538
264  8713
270  8752
270  8715
245  8503
272  8705
268  8831
265  8894
268  8798
262  8505
244  8627
262  8626
266  8637
269  8654
248  8434
250  8808
267  8819
239  8455
241  8709
264  8692
264  8729

Time taken: 17
