***********CONSTRUÇÃO**************
ANTES | DEPOIS
0.208873   0.152998
0.208684   0.151754
0.205754   0.151964
0.206305   0.151727
0.20591   0.131274
0.205654   0.13437
0.205018   0.139627
0.20869   0.140083
0.206971   0.150407
0.206978   0.140182
0.208429   0.149491
0.207807   0.151881
0.20615   0.152189
0.20866   0.151189
0.207485   0.130222
0.210511   0.133239
0.208255   0.138361
0.205323   0.139563
0.206187   0.148843
0.206111   0.138947
0.206121   0.149338
0.210529   0.151878
0.209399   0.151469
0.207673   0.151588
0.207967   0.130114
0.207445   0.134316
0.206427   0.140361
0.211214   0.139163
0.204961   0.149138
0.205087   0.13903
0.208132   0.149995
0.209404   0.151439
0.207644   0.153392
0.208217   0.151015
0.209998   0.130728
0.207178   0.132834
0.205761   0.139111
0.207405   0.139317
0.205942   0.149058
0.205869   0.139466
0.20625   0.149498
0.205517   0.153446
0.207656   0.15186
0.207889   0.153306
0.207489   0.130514
0.2064   0.133737
0.208744   0.139318
0.205024   0.139119
0.205826   0.149894
0.207313   0.13938
***********BUSCA LOCAL**************
ANTES | DEPOIS
0.116696   0.119958
0.112264   0.128043
0.11635   0.184458
0.118918   0.11464
0.115178   0.12736
0.125376   0.130675
0.114714   0.122144
0.123977   0.121747
0.118982   0.116391
0.112599   0.115734
0.110914   0.117567
0.123099   0.119845
0.175254   0.120127
0.111698   0.120696
0.179017   0.127424
0.112254   0.120221
0.114564   0.122104
0.125853   0.117806
0.123156   0.241172
0.11021   0.119979
0.112596   0.125781
0.108129   0.181597
0.244771   0.118654
0.109904   0.121905
0.182166   0.127726
0.113232   0.125572
0.122118   0.119347
0.118818   0.129076
0.117666   0.123675
0.11924   0.237109
0.119118   0.122986
0.105911   0.249709
0.119495   0.123374
0.176127   0.179455
0.119014   0.11575
0.113123   0.129351
0.120919   0.124856
0.121883   0.120529
0.118347   0.12265
0.172   0.298118
0.126948   0.189148
0.118933   0.183906
0.113317   0.178986
0.240883   0.250999
0.235665   0.123229
0.11472   0.120919
0.17158   0.123077
0.1748   0.118832
0.11885   0.123116
0.120163   0.128395
