Tamanho    Peso
251  9037
257  9367
249  9170
256  9183
240  8798
238  8658
244  8777
249  8746
245  8928
249  8830
248  9086
252  9187
253  9381
256  9208
239  8824
236  8632
239  8669
250  8938
243  9033
249  8993
249  8879
244  9155
252  9235
254  9236
239  8735
238  8578
243  8753
251  8967
249  8996
236  8720
248  9020
247  9090
256  9248
226  8395
242  8828
235  8604
242  8660
251  8891
244  9016
238  8880
239  8943
243  9164
249  9233
252  9211
241  8798
237  8540
239  8661
248  8968
246  8995
245  9027

Time taken: 14
