Tamanho    Peso
1067  36838
1065  36771
1076  36789
1072  36774
1068  36725
1074  36761
1070  36695
1073  36914
1070  36769
1065  36616
1076  36837
1064  36721
1072  36700
1077  36726
1074  36747
1073  36679
1072  36775
1075  36794
1072  36835
1068  36705
1072  36851
1072  36825
1072  36827
1072  36734
1071  36799
1062  36730
1071  36759
1075  36838
1071  36861
1071  36821
1076  36885
1073  36769
1066  36757
1072  36686
1064  36828
1074  36906
1067  36761
1069  36735
1073  36692
1078  36991
1070  36853
1065  36561
1075  37024
1073  36704
1063  36769
1074  36785
1067  36731
1077  36761
1067  36704
1070  36797

Time taken: 24
