Tamanho    Peso
1069  37003
1064  37209
1078  36856
1070  36936
1061  36803
1076  36830
1068  36795
1074  37099
1087  37014
1080  37180
1071  36803
1069  37116
1066  36763
1070  36766
1080  37003
1064  36802
1067  37463
1073  37041
1071  36969
1084  36891
1058  37147
1077  37025
1072  36996
1068  36839
1070  36731
1062  36921
1071  36981
1072  37057
1060  36842
1058  37106
1068  37070
1073  36584
1063  36658
1068  36907
1081  36908
1069  36894
1071  36927
1069  36850
1071  36786
1075  37192
1078  36930
1076  36991
1071  36935
1072  37071
1058  36881
1072  37156
1071  37032
1061  37018
1078  37140
1063  37124

Time taken: 53
