Tamanho    Peso
1697  55726
1704  55931
1711  55856
1698  55647
1700  55747
1705  55773
1700  55601
1710  55812
1698  55816
1699  55577
1692  55668
1705  55752
1702  55788
1700  55787
1708  55955
1711  55794
1702  55901
1698  55809
1699  55849
1709  55852
1700  55997
1701  55737
1698  55618
1700  55682
1708  55872
1708  55929
1701  55763
1709  55871
1702  55784
1704  55628
1690  55841
1713  55848
1696  55641
1700  55850
1705  55905
1699  55724
1693  55662
1709  55858
1696  55774
1685  55472
1702  55851
1708  55956
1708  55737
1704  55750
1706  55749
1704  56028
1697  55613
1693  55467
1690  55658
1698  55494

Time taken: 101
