Tamanho    Peso
1725  56370
1720  56276
1715  56377
1716  56321
1726  56995
1696  56645
1696  56581
1715  56814
1706  57039
1713  56610
1710  56621
1711  56343
1717  56306
1718  56646
1707  56428
1700  56109
1695  56451
1707  56422
1696  55674
1711  56358
1708  56398
1699  56350
1697  56391
1709  56643
1706  56352
1713  56756
1709  56432
1695  56468
1703  56619
1701  56012
1692  56715
1719  56444
1704  56048
1689  55943
1714  56274
1698  56698
1701  56801
1704  56907
1713  56346
1707  56448
1722  56394
1698  56053
1717  56276
1706  56232
1700  56647
1705  56184
1708  56651
1715  56488
1709  56139
1712  56170

Time taken: 226
