***********CONSTRUÇÃO**************
ANTES | DEPOIS
0.214962   0.128865
0.216192   0.124153
0.215129   0.122972
0.216236   0.094867
0.214358   0.094905
0.216127   0.101098
0.215818   0.101194
0.212286   0.100447
0.214287   0.100872
0.215451   0.097952
0.21446   0.125098
0.21357   0.123816
0.217966   0.123099
0.213242   0.094732
0.213476   0.095228
0.214838   0.101038
0.213643   0.101145
0.214698   0.100344
0.21413   0.101093
0.216403   0.097981
0.215059   0.124218
0.213467   0.123926
0.214371   0.122762
0.214215   0.094852
0.215284   0.094974
0.215884   0.101065
0.212861   0.101135
0.215942   0.100872
0.220603   0.100957
0.216442   0.097943
0.213895   0.124315
0.216306   0.124146
0.217457   0.122675
0.219011   0.094762
0.213558   0.094849
0.215299   0.101075
0.214087   0.101118
0.215454   0.10049
0.215647   0.100871
0.217257   0.098115
0.21395   0.124607
0.217286   0.123826
0.21704   0.122058
0.215211   0.09482
0.214639   0.094852
0.213724   0.101218
0.213624   0.100945
0.213878   0.100593
0.214377   0.101027
0.214233   0.098086
***********BUSCA LOCAL**************
ANTES | DEPOIS
0.129252   0.132059
0.122032   0.134852
0.12487   0.12908
0.126848   0.128369
0.130352   0.136285
0.186864   0.132594
0.132327   0.134231
0.124942   0.132672
0.122103   0.131164
0.248432   0.118244
0.114804   0.135635
0.126986   0.131092
0.118493   0.13302
0.121577   0.126756
0.123074   0.12349
0.123129   0.124809
0.135472   0.132577
0.126271   0.128598
0.112527   0.123763
0.122907   0.126632
0.110629   0.125551
0.12614   0.135199
0.119907   0.121015
0.119222   0.123683
0.124871   0.128745
0.124171   0.129342
0.117447   0.128092
0.130463   0.131703
0.128943   0.135264
0.126075   0.131439
0.113555   0.130749
0.248968   0.13129
0.12134   0.132968
0.125309   0.125903
0.11915   0.121766
0.120053   0.134797
0.129098   0.129446
0.126454   0.129971
0.131745   0.134995
0.119934   0.126666
0.118029   0.12811
0.127006   0.141895
0.118654   0.127564
0.125781   0.133839
0.122109   0.128156
0.127327   0.12586
0.118318   0.113526
0.123512   0.122585
0.124194   0.133243
0.182236   0.129262
