Tamanho    Peso
289  7716
294  7859
297  7864
299  7925
297  7857
259  7712
290  7778
289  7883
295  7800
260  7680
293  7868
292  7927
299  7968
291  7843
290  7751
295  7657
294  7690
293  7831
295  7787
293  7814
292  7784
287  7781
293  7727
293  7737
293  7808
289  7826
294  7658
297  7853
290  7705
300  7973
292  7739
268  7911
294  7723
298  7756
295  7840
293  7831
292  7984
291  7685
292  7668
299  7766
294  7856
298  7830
294  7793
295  7896
293  7843
287  7631
295  7701
292  7768
293  7820
262  7704

Time taken: 17
