Tamanho    Peso
1083  36053
1079  35788
1075  35986
1068  35769
1077  35980
1084  36101
1079  35652
1080  35606
1083  35857
1082  35646
1078  35969
1078  35959
1075  35924
1073  35815
1086  35881
1071  35900
1077  35931
1078  35624
1072  36084
1086  35831
1078  35984
1081  35832
1079  35771
1075  35777
1086  35999
1086  36093
1072  35913
1071  35675
1085  36013
1077  35839
1084  35813
1075  35830
1068  35810
1075  35776
1090  35843
1083  35828
1081  35942
1076  35769
1079  35987
1083  35789
1082  35962
1071  35769
1084  36017
1077  35749
1083  35951
1082  35996
1083  35952
1071  35596
1076  35860
1081  35749

Time taken: 32
