Tamanho    Peso
1712  56258
1717  56348
1724  56379
1702  56199
1693  56069
1707  56061
1714  56162
1724  56094
1701  56083
1707  56336
1726  56373
1709  56321
1706  56007
1718  56293
1698  55974
1708  56169
1714  56028
1710  56074
1708  55739
1697  56095
1706  56181
1705  56216
1701  55983
1712  56363
1700  56002
1703  56171
1711  56245
1713  56135
1701  55910
1703  55940
1705  56183
1713  55975
1706  56277
1706  56350
1702  56180
1706  56306
1713  56156
1700  55861
1692  55631
1704  56078
1705  56081
1703  56098
1710  56327
1712  56581
1709  55982
1699  56364
1718  56364
1703  55990
1701  55836
1705  56140

Time taken: 99
