Tamanho    Peso
237  7064
245  7096
237  7067
240  6986
238  7133
236  7084
236  7047
248  7186
215  7237
246  7322
244  7394
223  7118
242  7249
237  7166
242  7162
236  7191
241  7113
215  6929
237  7180
238  6953
243  7255
242  7389
211  6872
238  7156
241  7290
220  6949
247  7259
244  7186
250  7346
244  7177
213  7095
219  7187
242  7288
216  7357
240  7240
240  7214
237  7075
240  7195
213  7177
214  7148
241  7218
241  7192
239  7195
245  7235
239  7260
237  7198
240  7302
215  7044
240  7101
206  6598

Time taken: 17
