Tamanho    Peso
1036  33264
1026  33138
1040  34054
1034  33285
1038  33317
1039  33642
1034  33448
1034  33500
1026  33314
1033  33639
1022  32914
1031  33078
1029  33023
1028  33140
1040  33677
1026  33444
1025  33299
1029  33186
1029  33482
1045  33356
1040  33186
1043  33309
1036  33385
1030  33502
1030  33431
1038  33254
1037  33165
1037  33459
1046  33626
1040  33524
1039  33196
1030  33433
1028  33114
1037  33471
1035  33508
1046  33504
1044  33471
1035  33190
1033  33511
1025  33055
1023  33483
1031  33447
1039  33257
1036  33290
1034  33199
1032  33241
1039  33412
1033  33200
1031  33570
1040  33256

Time taken: 58
