Tamanho    Peso
1091  34755
1097  34683
1100  34701
1100  34438
1108  34840
1102  34826
1095  34891
1103  34687
1090  34467
1093  34524
1101  34560
1103  34776
1097  34664
1092  34476
1106  34742
1104  34762
1091  34691
1097  34481
1094  34477
1095  34694
1111  34808
1092  34782
1097  34732
1088  34548
1107  34691
1099  34607
1101  34808
1102  34660
1096  34757
1099  34520
1100  34677
1098  34624
1101  34898
1105  34706
1099  34703
1103  34700
1094  34709
1097  34741
1098  34611
1105  34790
1107  34878
1100  34690
1087  34711
1100  34549
1101  34648
1105  34572
1103  34743
1090  34625
1097  34504
1111  34782

Time taken: 28
