Tamanho    Peso
1704  56438
1710  56241
1708  56115
1695  56075
1706  56062
1710  55957
1722  55947
1700  56284
1705  56009
1709  55882
1713  56532
1704  56111
1716  56038
1702  56053
1704  55991
1709  56318
1709  55809
1712  56350
1713  56128
1712  55947
1712  56522
1712  56301
1709  55959
1693  55950
1713  56133
1712  56201
1710  56017
1709  56082
1706  55957
1708  56130
1706  56171
1706  56178
1716  56158
1701  55983
1715  55874
1711  56055
1714  56003
1715  56118
1707  56079
1701  56144
1703  56488
1711  56267
1706  55968
1701  56087
1707  55879
1700  56009
1717  56316
1710  55974
1701  55969
1701  55923

Time taken: 96
