***********CONSTRUÇÃO**************
ANTES | DEPOIS
1.65711   1.05313
1.65472   1.04963
1.64924   1.04558
1.65438   1.03718
1.65394   1.04157
1.65424   1.04776
1.65812   1.04794
1.65037   1.0439
1.65706   1.04277
1.65123   1.03615
1.65669   1.04951
1.65308   1.04933
1.65444   1.04935
1.65677   1.03621
1.64582   1.03907
1.6513   1.04655
1.65019   1.0471
1.65497   1.04673
1.65118   1.04292
1.65256   1.03742
1.65498   1.0483
1.65101   1.04961
1.65164   1.04771
1.64979   1.0344
1.65194   1.04038
1.64689   1.04775
1.65493   1.04597
1.65945   1.04631
1.65029   1.04287
1.64889   1.03296
1.6576   1.05039
1.65455   1.04856
1.65675   1.04998
1.64874   1.03691
1.65418   1.04144
1.64975   1.0475
1.65346   1.04649
1.65137   1.04675
1.65638   1.04234
1.65214   1.0362
1.64743   1.04715
1.64999   1.051
1.65548   1.04563
1.65308   1.03718
1.65495   1.04104
1.65034   1.04687
1.65921   1.04693
1.6582   1.047
1.64924   1.04102
1.65209   1.03466
***********BUSCA LOCAL**************
ANTES | DEPOIS
3.50549   0.891386
2.62727   0.90874
3.93236   0.901428
3.92329   0.896705
2.59569   0.892998
3.46795   0.888437
2.6188   0.883227
1.74267   0.895629
1.27778   0.888952
2.58571   0.907872
2.17549   0.887796
3.08075   0.891615
3.91263   0.887893
1.72423   0.880508
3.49712   0.870138
1.74288   0.902217
3.92714   0.894079
3.06794   0.883088
4.38509   0.879009
2.19791   0.879145
1.73543   0.879898
1.76909   0.879849
2.60347   0.896363
1.74171   0.881351
3.06111   0.883319
3.05396   0.889012
2.62977   0.887648
3.51957   0.87749
2.18376   0.891439
1.74558   0.882338
3.94761   0.878593
1.73785   0.907075
2.61102   0.881368
2.17669   0.888897
3.49722   0.89326
2.63589   0.90048
2.17662   0.874274
1.75484   0.879201
3.93758   0.913724
1.31535   0.904919
1.73815   0.877247
3.48414   0.891105
2.17754   0.906026
4.8016   0.884654
3.49684   0.894388
2.62814   0.888914
3.92922   0.88606
2.60153   0.883125
3.52285   0.903872
3.04679   0.877508
