***********CONSTRUÇÃO**************
ANTES | DEPOIS
0.205901   0.164259
0.207565   0.154314
0.207394   0.15668
0.208339   0.158223
0.206889   0.149875
0.209704   0.150551
0.208508   0.149849
0.2057   0.155518
0.207731   0.154816
0.206836   0.147487
0.207177   0.157693
0.206406   0.154706
0.206586   0.156889
0.206378   0.158002
0.208235   0.152543
0.205776   0.15063
0.205199   0.149618
0.20591   0.155982
0.205586   0.154776
0.205025   0.149306
0.206725   0.157502
0.205104   0.154598
0.204116   0.157329
0.205407   0.156397
0.205437   0.15105
0.2059   0.149206
0.207219   0.149625
0.207918   0.1569
0.203965   0.155389
0.20853   0.148974
0.206791   0.158472
0.206657   0.154782
0.208039   0.157634
0.205596   0.158844
0.206657   0.149802
0.206008   0.15034
0.208958   0.149624
0.202972   0.15606
0.20486   0.155901
0.207745   0.149019
0.207989   0.158394
0.207277   0.152767
0.206633   0.157392
0.20743   0.157704
0.205058   0.151664
0.207755   0.149365
0.208956   0.150021
0.205749   0.156204
0.207568   0.154797
0.206283   0.148197
***********BUSCA LOCAL**************
ANTES | DEPOIS
0.171544   0.17763
0.110361   0.128826
0.10183   0.173105
0.113116   0.12491
0.227506   0.290556
0.124869   0.120426
0.10811   0.188556
0.109583   0.178294
0.117326   0.114383
0.108615   0.12487
0.167522   0.231247
0.103733   0.175341
0.23058   0.232064
0.10749   0.238418
0.116415   0.238947
0.118874   0.12028
0.117974   0.181292
0.111651   0.242206
0.171809   0.238866
0.10836   0.237636
0.234587   0.232354
0.120434   0.17766
0.112905   0.120129
0.102658   0.124533
0.167802   0.182372
0.106937   0.240102
0.115818   0.183952
0.224161   0.241472
0.119262   0.232463
0.109686   0.118818
0.11211   0.124268
0.108555   0.229892
0.118905   0.232073
0.115628   0.246159
0.122694   0.120843
0.109728   0.123925
0.114961   0.128404
0.114748   0.177513
0.113013   0.171558
0.23424   0.127292
0.117958   0.239377
0.111522   0.12142
0.116771   0.125687
0.115533   0.182655
0.111325   0.121928
0.115942   0.185306
0.106055   0.176239
0.114006   0.182095
0.107622   0.244457
0.110481   0.119656
