Tamanho    Peso
156  6250
168  6843
154  6384
146  5855
154  6533
164  6648
144  5865
160  6540
161  6624
156  6481
158  6496
164  6686
149  6184
156  6319
162  6925
159  6488
161  6539
149  6249
160  6352
154  6161
155  6436
154  6522
157  6530
156  6551
160  6805
162  6625
163  6611
167  6652
156  6642
158  6496
160  6544
164  6623
161  6539
165  6940
157  6658
163  6524
156  6574
162  6413
162  6561
158  6428
160  6543
156  6591
157  6544
161  6748
159  6481
153  6343
156  6766
159  6544
154  6346
163  6601

Time taken: 211
