***********CONSTRUÇÃO**************
ANTES | DEPOIS
0.394408   0.208503
0.391734   0.206971
0.39522   0.204991
0.39544   0.205802
0.394747   0.201135
0.395465   0.202095
0.396264   0.204525
0.392821   0.204938
0.394513   0.205726
0.39401   0.204484
0.39463   0.205227
0.395765   0.206479
0.393186   0.205087
0.3934   0.205767
0.393397   0.201306
0.393923   0.201874
0.395339   0.203427
0.393592   0.205522
0.392653   0.204797
0.392478   0.205
0.395512   0.206053
0.394831   0.20609
0.394772   0.205103
0.39357   0.205524
0.39474   0.200974
0.394832   0.201379
0.394641   0.204791
0.39263   0.204841
0.392886   0.204509
0.394492   0.206151
0.394672   0.206389
0.394942   0.205956
0.396075   0.205608
0.394187   0.205879
0.394094   0.201242
0.394212   0.201738
0.396578   0.203485
0.391817   0.204459
0.393106   0.205265
0.391752   0.205986
0.39293   0.205381
0.393272   0.207008
0.394175   0.205101
0.392632   0.205506
0.395092   0.201671
0.393887   0.201668
0.394461   0.204719
0.39475   0.204812
0.393553   0.204877
0.394589   0.205396
***********BUSCA LOCAL**************
ANTES | DEPOIS
0.671651   0.290051
0.281812   0.190772
0.574709   0.578583
0.7711   0.189377
0.569207   0.191143
0.671365   0.383828
0.768991   0.194319
0.858943   0.28698
0.28905   0.387345
0.479301   0.191942
0.576823   0.283497
0.574761   0.382835
0.473261   0.284578
0.678059   0.386341
0.669227   0.191285
0.855441   0.289383
0.478011   0.189407
0.754556   0.192286
0.86654   0.289936
0.958798   0.188041
0.478868   0.188703
0.759657   0.188868
0.475295   0.284324
0.962735   0.186085
0.757149   0.188918
1.05201   0.289167
0.759085   0.384639
0.477803   0.189307
0.854807   0.283822
0.381203   0.283341
0.768875   0.376357
0.285968   0.191717
0.759369   0.287881
0.571443   0.286964
0.661192   0.480541
0.382049   0.188275
0.761485   0.387538
0.570714   0.193704
0.962834   0.37906
0.864995   0.192127
0.955311   0.192927
0.762635   0.191057
0.566067   0.185731
0.945835   0.286304
0.577125   0.288106
0.964398   0.190793
0.573414   0.191533
0.663622   0.291147
1.34056   0.188794
0.479266   0.387863
