Tamanho    Peso
1684  54575
1688  54437
1689  54509
1702  54693
1709  54902
1689  54606
1700  54481
1699  54577
1693  54570
1685  54421
1686  54460
1689  54488
1699  54778
1698  54715
1698  54775
1698  54521
1697  54464
1694  54421
1694  54599
1697  54644
1694  54681
1687  54443
1694  54701
1703  54610
1694  54807
1687  54492
1701  54644
1696  54651
1687  54586
1694  54690
1699  54758
1680  54408
1690  54704
1702  54614
1699  54843
1688  54401
1692  54487
1695  54543
1694  54596
1695  54684
1705  54504
1685  54346
1697  54681
1699  54629
1700  54706
1695  54483
1695  54417
1691  54547
1695  54699
1693  54391

Time taken: 103
