***********CONSTRUÇÃO**************
ANTES | DEPOIS
0.213009   0.176542
0.216978   0.169775
0.216284   0.166345
0.219709   0.172601
0.21747   0.170859
0.218588   0.167419
0.21636   0.171949
0.218451   0.16962
0.222446   0.16849
0.219458   0.169693
0.220125   0.16898
0.215797   0.172181
0.216773   0.167326
0.218561   0.173172
0.216796   0.169963
0.214097   0.168841
0.219014   0.171915
0.220091   0.170255
0.221856   0.170217
0.214632   0.170468
0.217793   0.171176
0.218265   0.173668
0.220916   0.166037
0.218682   0.172801
0.217444   0.169667
0.217737   0.168565
0.217614   0.171286
0.216344   0.170438
0.216738   0.169883
0.216317   0.169131
0.2162   0.171814
0.213404   0.171828
0.215395   0.167153
0.215685   0.17231
0.218878   0.170407
0.213636   0.169088
0.218632   0.170832
0.216996   0.172066
0.210936   0.170562
0.218071   0.169584
0.219523   0.171929
0.218674   0.170486
0.21968   0.167719
0.217324   0.17135
0.223195   0.169203
0.218897   0.169296
0.218431   0.171386
0.216849   0.171085
0.220892   0.169966
0.216913   0.169065
***********BUSCA LOCAL**************
ANTES | DEPOIS
0.186724   0.135247
0.125028   0.137453
0.125639   0.195466
0.127986   0.266354
0.124956   0.248485
0.1239   0.25436
0.118801   0.40117
0.137229   0.130425
0.130127   0.195351
0.134189   0.195587
0.126322   0.195242
0.132518   0.199604
0.122751   0.252337
0.11735   0.325908
0.126309   0.194644
0.133165   0.193105
0.132718   0.194383
0.134987   0.260749
0.248639   0.26688
0.131971   0.179516
0.131943   0.201979
0.126091   0.190256
0.119956   0.248055
0.128856   0.192361
0.194863   0.188799
0.119238   0.263106
0.123598   0.326946
0.129232   0.384275
0.127473   0.203972
0.129716   0.196975
0.125625   0.201006
0.131251   0.199058
0.197716   0.26323
0.127947   0.257799
0.123697   0.259759
0.124119   0.137093
0.117671   0.32277
0.125564   0.266089
0.131447   0.308267
0.1346   0.194944
0.238712   0.191548
0.130508   0.261332
0.175873   0.192418
0.193808   0.251243
0.122498   0.191567
0.116112   0.13812
0.119175   0.204159
0.131543   0.266654
0.123178   0.136742
0.123996   0.192931
