Tamanho    Peso
1028  33209
1030  33366
1031  33405
1044  33423
1046  33397
1043  33413
1037  33380
1039  33412
1037  33365
1032  33352
1025  33342
1039  33365
1030  33208
1046  33456
1045  33428
1037  33309
1038  33300
1041  33336
1039  33304
1040  33419
1024  33323
1036  33360
1033  33346
1043  33468
1048  33533
1040  33347
1037  33356
1044  33422
1037  33301
1038  33358
1027  33387
1038  33458
1031  33231
1043  33344
1044  33529
1042  33305
1041  33428
1039  33344
1040  33317
1037  33271
1027  33355
1037  33291
1036  33254
1038  33354
1043  33544
1040  33416
1037  33349
1043  33417
1040  33436
1036  33346

Time taken: 25
