***********CONSTRUÇÃO**************
ANTES | DEPOIS
1.66126   1.09386
1.66212   1.06971
1.65749   1.07907
1.6596   1.08987
1.66107   1.08117
1.66019   1.08343
1.65861   1.07313
1.65776   1.07653
1.66046   1.07923
1.65442   1.07334
1.65782   1.08424
1.65915   1.07215
1.65735   1.08126
1.65658   1.08979
1.65714   1.07482
1.65954   1.08037
1.65952   1.07118
1.65946   1.07863
1.66423   1.08048
1.66074   1.0737
1.66191   1.0815
1.65902   1.06249
1.65924   1.07667
1.65566   1.08758
1.65808   1.07872
1.66014   1.08003
1.6603   1.07564
1.66268   1.07495
1.65817   1.07449
1.65776   1.07503
1.66621   1.08397
1.65667   1.06322
1.65909   1.07756
1.65705   1.08851
1.65923   1.07957
1.66477   1.08231
1.65824   1.07481
1.65566   1.07751
1.6635   1.08024
1.66207   1.07603
1.65715   1.08435
1.66143   1.0655
1.65731   1.074
1.65941   1.09035
1.65911   1.08028
1.66051   1.07909
1.65984   1.06873
1.65891   1.0755
1.65467   1.07775
1.65468   1.07243
***********BUSCA LOCAL**************
ANTES | DEPOIS
2.6371   1.32194
2.60559   0.883548
3.05283   0.881582
2.18162   0.887599
1.73337   0.884108
3.50402   0.869072
2.65315   0.889681
3.04055   0.892875
3.05032   0.887351
2.19984   0.878262
1.28703   0.870239
1.32244   0.878187
4.83971   0.890389
2.61223   0.887881
3.48093   0.863589
2.61089   0.88154
1.73712   0.878413
1.32249   0.87779
2.18399   0.889162
2.19422   1.31669
1.74566   0.895732
1.30654   0.890845
1.73585   0.886945
2.61083   0.888969
3.94721   0.880783
3.05556   0.869225
1.72372   0.888532
2.18641   0.883613
1.74955   0.899671
1.30504   0.880721
2.17344   0.883897
3.5181   0.888313
1.30461   0.884966
1.30042   1.3295
2.16872   0.887457
2.63764   0.872383
1.73748   0.887715
2.16983   0.882842
2.19026   1.32391
1.317   0.875763
1.29291   1.76013
1.3002   0.884167
1.74845   0.86705
3.08866   0.884994
5.24979   0.890503
2.61526   0.887233
1.31993   0.884032
1.3056   0.883073
2.63944   0.891211
2.62872   0.872212
