Tamanho    Peso
236  8207
231  8197
227  7906
216  7390
231  7857
226  7617
236  8190
232  8115
236  8012
224  7512
236  8044
232  7981
229  7859
229  7863
227  7767
231  7877
229  7974
231  7930
233  7951
225  7663
229  8173
230  8002
228  7886
230  7934
227  7776
228  7929
232  8117
232  7967
229  8103
228  7725
240  8165
225  7366
233  8032
231  7734
228  7768
221  7697
226  7761
231  7914
236  8022
230  7751
235  8184
240  8212
223  7779
237  8105
227  7825
232  7932
236  8092
233  8099
233  7978
227  7630

Time taken: 16
