***********CONSTRUÇÃO**************
ANTES | DEPOIS
0.488115   0.315427
0.487989   0.306726
0.488169   0.314913
0.488012   0.314372
0.487551   0.313059
0.488243   0.313885
0.487475   0.31388
0.486274   0.313001
0.489082   0.315282
0.486819   0.312373
0.489186   0.311516
0.487647   0.305698
0.485424   0.31367
0.488994   0.315417
0.486522   0.312721
0.486234   0.313221
0.48814   0.313898
0.487619   0.313711
0.487922   0.315049
0.487591   0.311555
0.487461   0.311504
0.488085   0.306652
0.486696   0.313471
0.488365   0.315679
0.48735   0.313427
0.486857   0.312245
0.487934   0.313047
0.485871   0.312557
0.484969   0.314141
0.485324   0.311244
0.486557   0.312001
0.487608   0.305574
0.488081   0.314841
0.487363   0.316987
0.487821   0.313169
0.486564   0.313374
0.486343   0.3128
0.487052   0.313332
0.48725   0.315282
0.48926   0.311999
0.486732   0.312899
0.48665   0.305998
0.486966   0.315053
0.486112   0.315629
0.488008   0.313543
0.485883   0.312542
0.487818   0.312126
0.487394   0.313357
0.489634   0.315286
0.490184   0.311228
***********BUSCA LOCAL**************
ANTES | DEPOIS
0.877488   0.386515
0.500508   0.379386
0.378718   0.508741
0.771397   0.501443
0.499106   0.513109
0.377527   0.371701
0.757189   0.637987
0.376163   0.25964
0.370648   0.38286
1.14705   0.510981
0.371639   0.384798
0.505539   0.38637
0.378225   0.376163
0.506515   0.38021
0.634324   0.515418
0.891059   0.505067
0.76195   0.389023
0.504318   0.387734
0.882341   0.381781
0.766262   0.249715
0.890033   0.380489
1.01221   0.254876
0.499191   0.504666
0.763933   0.3832
0.513007   0.388007
0.878849   0.380907
0.504417   0.377639
0.504489   0.382029
0.639456   0.255682
0.507351   0.510998
1.01458   0.38794
0.634617   0.507967
0.771484   0.378295
0.503844   0.377605
0.37962   0.771111
0.500757   0.638587
0.767036   0.510379
1.00991   0.386461
0.755385   0.890428
0.623859   0.378563
0.499063   0.385786
0.501937   0.38302
0.377767   0.387277
1.15404   0.379792
0.633561   0.382248
0.498822   0.382821
0.504716   0.508872
0.628239   0.375646
0.503833   0.383693
0.892791   0.517776
