Tamanho    Peso
1081  36033
1087  35932
1096  36137
1086  35780
1105  35849
1101  35972
1094  35820
1096  36168
1099  35718
1092  35946
1086  35617
1087  35901
1082  35968
1086  35815
1091  36217
1095  35678
1094  35707
1093  35973
1093  35877
1088  35951
1082  35785
1096  35916
1087  35803
1091  35570
1086  35604
1089  35786
1086  36023
1082  35565
1088  35798
1079  36187
1085  35818
1087  35897
1078  36366
1099  35976
1096  35808
1087  35679
1094  35851
1106  35855
1085  35911
1097  35927
1085  35787
1093  35561
1095  35716
1098  35931
1106  35676
1111  36182
1093  35695
1088  35961
1091  35522
1100  35853

Time taken: 56
