***********CONSTRUÇÃO**************
ANTES | DEPOIS
1.6541   1.05711
1.65067   1.05753
1.65518   1.05082
1.64825   1.05854
1.64841   1.05523
1.65495   1.04632
1.65149   1.05124
1.64727   1.05003
1.64919   1.03635
1.6537   1.05472
1.64796   1.05595
1.65066   1.0559
1.65356   1.05235
1.65231   1.06062
1.65548   1.04793
1.65751   1.04511
1.65294   1.0565
1.65301   1.04849
1.65326   1.03612
1.65163   1.05408
1.64976   1.05593
1.65652   1.05729
1.65584   1.05125
1.65351   1.05397
1.65352   1.04913
1.65644   1.04859
1.64975   1.05369
1.65365   1.04891
1.6534   1.04314
1.65393   1.05665
1.65054   1.0558
1.65202   1.05492
1.65503   1.05092
1.64943   1.05847
1.65072   1.05221
1.65017   1.0432
1.65503   1.05374
1.65488   1.05342
1.65218   1.03483
1.65493   1.05502
1.64953   1.0531
1.64858   1.05436
1.65428   1.04813
1.64762   1.05765
1.64969   1.04948
1.65339   1.04995
1.65236   1.05167
1.65544   1.05377
1.65209   1.04056
1.64855   1.05286
***********BUSCA LOCAL**************
ANTES | DEPOIS
2.19366   0.892284
2.60941   0.882219
2.19099   0.901714
2.62889   0.898845
5.70738   0.887022
2.17931   0.898235
2.63774   0.884398
3.93254   0.897614
2.19671   0.902535
3.49024   0.893718
2.62203   0.895883
2.63679   0.890625
1.75515   0.884799
3.07225   0.884354
2.61787   0.88444
3.47152   0.889042
4.37712   0.900159
1.73683   0.878905
3.52063   0.892481
2.18466   0.892818
4.37368   0.893798
3.06311   0.890739
2.6239   0.869416
3.06665   0.892586
3.50949   0.887619
3.48542   0.897852
3.94591   0.879645
3.52312   0.904088
5.72755   0.893988
3.50929   0.889906
3.04704   0.906026
3.48673   0.89533
3.485   0.88753
3.05221   0.875154
2.2152   0.876882
2.15857   0.895413
4.81869   0.892268
2.1823   0.880923
2.62296   0.904762
2.62411   0.898647
3.04419   0.887443
3.52206   0.887654
3.0807   0.891677
3.50741   0.899699
1.74107   0.883652
2.65515   0.894096
1.75392   0.875332
1.7363   0.89855
3.49762   0.885463
3.94218   0.88894
