***********CONSTRUÇÃO**************
ANTES | DEPOIS
0.481726   0.286299
0.481184   0.281103
0.481435   0.282415
0.481612   0.284484
0.48065   0.282489
0.480386   0.284174
0.482154   0.276437
0.480424   0.282682
0.480498   0.28115
0.480744   0.281027
0.481925   0.282534
0.481008   0.281677
0.482703   0.282143
0.481183   0.284315
0.481271   0.282957
0.481455   0.283592
0.481279   0.276149
0.483359   0.283097
0.480269   0.281867
0.481002   0.280974
0.482074   0.283314
0.481961   0.281595
0.482239   0.282351
0.482584   0.283996
0.480894   0.283375
0.481932   0.283869
0.482772   0.276653
0.480187   0.282871
0.481483   0.281597
0.4814   0.281528
0.481659   0.2831
0.481128   0.281654
0.482252   0.282243
0.481827   0.283677
0.480627   0.283545
0.481583   0.28389
0.481931   0.276289
0.482184   0.283342
0.48183   0.281772
0.482129   0.281426
0.480975   0.283135
0.48144   0.281731
0.482654   0.282225
0.481509   0.283952
0.480819   0.283085
0.481495   0.283725
0.479387   0.276078
0.481596   0.28314
0.480726   0.281169
0.481471   0.282053
***********BUSCA LOCAL**************
ANTES | DEPOIS
0.631293   0.253017
0.367283   0.26103
0.744258   0.254389
0.497562   0.498714
0.613398   0.250727
0.998334   0.2558
0.618384   0.247519
0.494854   0.250299
0.371962   0.252819
0.616772   0.252831
0.369919   0.256607
0.873449   0.253284
0.617717   0.250906
0.610269   0.253993
0.877394   0.248121
0.860996   0.252625
0.494233   0.259559
0.750877   0.244894
0.620507   0.251121
0.499043   0.254785
0.868807   0.246814
0.874327   0.250894
0.619066   0.246773
0.627033   0.257437
0.623137   0.248506
0.872935   0.254725
0.871778   0.252622
0.623597   0.249844
1.12181   0.256923
0.366433   0.251739
0.489988   0.257411
0.99111   0.250665
1.24444   0.253749
0.499034   0.25757
0.748671   0.251308
0.623181   0.255339
0.493537   0.256839
1.23473   0.248158
0.752652   0.256671
0.371815   0.252467
0.489055   0.25543
0.369206   0.253569
0.747747   0.253145
0.614779   0.24892
0.87388   0.24975
0.618734   0.249184
0.609507   0.255924
1.38249   0.247988
1.48541   0.248689
0.620313   0.255066
