Tamanho    Peso
1052  35933
1052  35927
1058  36032
1063  36043
1056  36076
1062  36019
1052  35938
1062  36090
1061  36155
1045  36225
1032  36192
1059  35873
1057  36035
1053  35930
1050  36061
1061  35867
1054  36172
1053  35931
1041  36271
1053  36351
1054  36154
1054  35981
1053  36105
1063  36122
1057  35975
1043  36101
1051  36229
1060  35992
1064  35975
1061  35980
1061  35909
1056  35889
1042  36095
1056  36158
1058  36030
1049  35832
1060  35881
1049  35820
1053  36178
1055  36015
1061  36176
1053  35999
1039  36351
1055  36134
1051  35955
1065  36017
1056  36077
1065  36019
1069  36130
1056  36115

Time taken: 51
