***********CONSTRUÇÃO**************
ANTES | DEPOIS
1.65925   1.10037
1.66224   1.09762
1.657   1.07656
1.66259   1.08953
1.6619   1.07958
1.65965   1.08096
1.66453   1.09055
1.66077   1.08146
1.66064   1.07564
1.6586   1.07397
1.66192   1.10038
1.65901   1.09707
1.66057   1.07669
1.65792   1.09033
1.65623   1.08329
1.65885   1.07832
1.66134   1.0899
1.65886   1.08178
1.6619   1.07452
1.66284   1.07139
1.65603   1.099
1.66079   1.09808
1.65772   1.07868
1.66235   1.09018
1.658   1.08583
1.66297   1.07743
1.66019   1.08859
1.66074   1.08615
1.66053   1.08087
1.66383   1.07633
1.66144   1.09961
1.66366   1.09757
1.66484   1.07853
1.6566   1.08584
1.65814   1.08671
1.65734   1.08024
1.66029   1.09294
1.65938   1.08328
1.66126   1.07726
1.65875   1.07722
1.65881   1.09615
1.6577   1.09823
1.65843   1.07873
1.65722   1.08862
1.6603   1.08152
1.6596   1.08049
1.66059   1.09328
1.65843   1.08327
1.66082   1.07643
1.6607   1.07275
***********BUSCA LOCAL**************
ANTES | DEPOIS
3.93981   0.870703
2.17257   0.862974
1.71787   1.33038
3.0281   0.8834
3.04281   0.889168
3.06278   0.879773
1.74262   0.884404
4.38609   0.883289
3.03607   0.886993
2.1852   0.878903
3.48239   0.873468
3.05706   1.31803
3.02758   0.874613
2.17433   0.864647
2.17314   1.30147
2.2017   1.31254
3.05393   0.88868
3.03563   2.19349
3.50093   0.886954
3.93939   0.882319
2.17301   1.73333
6.55668   0.881759
5.27973   0.904439
2.15886   1.32295
3.48714   1.74336
2.61064   0.860089
2.60982   1.74825
2.17766   1.31529
5.66639   0.878788
2.60483   1.3166
4.38105   1.33419
1.29993   0.886975
3.05342   0.8662
1.73551   1.31446
3.48805   1.7543
2.62228   0.886306
1.29071   1.76538
1.29134   1.31455
3.9323   1.31716
4.36843   0.861184
1.74121   0.880011
2.59825   0.8884
3.04108   1.32833
5.19702   0.893172
4.80335   0.861641
2.16657   0.879984
3.92588   0.882056
3.44714   0.889658
4.77965   0.876504
3.49267   2.19765
