Tamanho    Peso
293  8146
298  8373
301  8508
258  8212
295  8476
293  8296
293  8280
292  8371
295  8348
295  8540
299  8368
297  8423
290  8444
252  8170
296  8361
264  8353
298  8473
306  8312
294  8273
294  8142
266  8108
299  8368
251  8215
254  8380
297  8427
260  8567
290  8419
257  8050
296  8231
266  8278
294  8123
302  8522
248  7820
298  8583
294  8390
294  8447
298  8253
297  8293
296  8267
300  8407
292  8381
298  8278
289  8327
298  8254
300  8582
295  8380
255  7926
295  8440
306  8521
302  8457

Time taken: 18
