Tamanho    Peso
1049  33637
1045  33669
1052  33766
1054  33723
1051  33762
1051  33754
1048  33728
1052  33644
1045  33693
1052  33721
1054  33725
1048  33634
1054  33908
1049  33748
1047  33671
1050  33748
1051  33809
1048  33755
1047  33810
1055  33831
1052  33722
1045  33707
1049  33738
1054  33871
1044  33733
1050  33686
1049  33728
1059  33797
1049  33869
1044  33609
1054  33833
1048  33725
1049  33782
1049  33841
1043  33664
1044  33647
1049  33702
1045  33593
1047  33736
1048  33725
1054  33494
1048  33665
1057  33959
1054  33751
1049  33743
1051  33756
1053  33854
1051  33826
1057  33915
1052  33799

Time taken: 33
