Tamanho    Peso
147  5746
141  5655
141  5763
145  5744
143  5687
141  5725
143  5775
147  5843
141  5612
132  5489
146  5800
147  5761
143  5693
142  5694
142  5678
144  5712
143  5675
145  5780
145  5787
143  5729
145  5706
144  5748
142  5660
147  5724
141  5649
147  5813
133  5416
146  5719
141  5627
143  5671
145  5819
143  5698
144  5744
143  5707
145  5835
146  5572
143  5798
148  5871
144  5685
143  5673
141  5683
143  5726
134  4985
148  5677
149  5716
142  5700
134  5505
147  5799
148  5748
144  5652

Time taken: 162
