Tamanho    Peso
1092  35654
1091  35792
1087  35659
1097  35700
1101  35834
1100  35769
1096  35796
1099  35731
1084  35594
1081  35384
1099  35674
1089  35698
1080  35459
1093  35660
1091  35774
1091  35681
1095  35653
1100  35672
1087  35760
1093  35643
1084  35582
1098  35710
1079  35500
1106  35641
1104  35757
1095  35672
1105  35746
1097  35718
1094  35657
1093  35786
1091  35638
1084  35843
1085  35521
1098  35679
1093  35767
1094  35535
1102  35805
1088  35460
1092  35663
1095  35694
1097  35796
1100  35602
1092  35791
1093  35497
1090  35515
1100  35704
1094  35555
1092  35437
1093  35659
1097  35632

Time taken: 25
