***********CONSTRUÇÃO**************
ANTES | DEPOIS
1.65252   1.07529
1.65372   1.07163
1.65485   1.05967
1.65009   1.06804
1.65405   1.07694
1.65422   1.07289
1.65393   1.06867
1.65309   1.0696
1.65504   1.06731
1.65582   1.06809
1.65612   1.07385
1.65057   1.07239
1.6547   1.05985
1.65147   1.06787
1.65469   1.07901
1.65917   1.07371
1.65687   1.07317
1.65059   1.07189
1.65187   1.06803
1.65415   1.06855
1.65552   1.07426
1.65295   1.07645
1.65229   1.05895
1.64827   1.06739
1.65165   1.07824
1.65502   1.07359
1.65123   1.07104
1.65406   1.06892
1.65428   1.06792
1.65117   1.06828
1.65581   1.07305
1.65522   1.07211
1.65187   1.0578
1.65074   1.06545
1.6527   1.08007
1.65239   1.07315
1.64848   1.07024
1.65304   1.0676
1.64979   1.06685
1.65227   1.0657
1.65697   1.07254
1.65318   1.07512
1.65659   1.05893
1.65464   1.07099
1.65593   1.07735
1.65578   1.0699
1.65087   1.06917
1.65225   1.06945
1.65171   1.06799
1.65207   1.06796
***********BUSCA LOCAL**************
ANTES | DEPOIS
5.29881   0.882741
1.74902   0.882566
4.83129   0.888454
1.75869   0.895276
3.06129   0.8759
1.75022   0.878956
2.61968   0.861158
3.52748   0.882684
3.07489   0.890289
2.63465   0.88861
2.1751   0.889882
1.74859   0.894178
2.62219   0.875887
2.18868   0.883638
2.19254   0.874973
3.06282   0.870133
1.73496   0.883152
4.82134   0.87144
1.31462   0.886395
2.19915   0.888303
2.18398   0.888949
3.07176   0.878635
1.75097   0.864483
3.03407   0.895797
3.04552   0.883014
3.92752   0.89047
1.75268   0.898876
3.08226   0.88999
2.18282   0.904173
2.63726   0.889367
1.74655   0.889206
3.0292   0.876121
3.06616   0.895338
2.17909   0.898134
1.74124   0.872644
2.63014   0.896563
2.21599   0.894701
1.7304   0.886788
2.62988   0.873384
3.0564   0.883896
2.19818   0.891135
2.17156   0.879473
2.16237   0.899416
3.92789   0.886659
3.94821   0.900716
3.07222   0.892423
5.25525   0.904643
2.21571   0.890171
2.18342   0.901541
3.04443   0.883266
