Tamanho    Peso
243  7995
287  8365
288  8488
284  8285
249  7807
246  8068
265  8044
281  8149
257  8251
252  8289
280  8285
281  8174
257  8185
284  8398
286  8329
284  8516
290  8351
284  8375
288  8550
283  8303
263  8373
287  8418
258  8250
285  8360
281  8201
287  8261
255  8459
287  8397
284  8360
285  8267
286  8438
286  8238
286  8319
284  8191
282  8336
287  8314
289  8521
253  8259
280  8269
286  8277
251  7879
282  8258
279  8289
284  8209
286  8424
287  8527
285  8324
284  8388
261  8232
288  8453

Time taken: 18
