Tamanho    Peso
117  4945
92  3684
108  4393
97  3998
107  4456
95  3885
111  4256
112  4682
93  3805
117  4630
105  3929
95  3475
108  4416
86  3218
110  4396
116  4495
104  4302
118  4156
110  3995
112  4073
110  4162
108  4610
91  3525
106  4494
104  4177
98  3772
95  3816
83  3432
100  3872
88  3579
115  4552
98  3855
99  3477
100  4165
92  3897
98  3826
100  4209
112  4252
104  4388
93  3291
100  4037
95  3924
89  3325
101  4096
115  4299
118  4593
103  4185
113  4406
116  4584
114  4460

Time taken: 182
