***********CONSTRUÇÃO**************
ANTES | DEPOIS
0.4016   0.212668
0.400629   0.211613
0.400909   0.207313
0.401251   0.211761
0.399462   0.211207
0.401146   0.208727
0.399732   0.20992
0.399789   0.209166
0.39922   0.207374
0.399769   0.207908
0.399499   0.20852
0.39967   0.210903
0.399335   0.207032
0.39818   0.211306
0.400128   0.212355
0.400443   0.208358
0.399649   0.209332
0.400174   0.208528
0.400477   0.207665
0.398441   0.207164
0.399856   0.208825
0.401663   0.211717
0.40183   0.206932
0.401009   0.211095
0.399901   0.21129
0.401976   0.209346
0.400016   0.210469
0.400531   0.208477
0.400422   0.207939
0.400062   0.207769
0.399515   0.209356
0.400241   0.210876
0.40013   0.206837
0.398394   0.212563
0.400485   0.211535
0.400949   0.208124
0.399805   0.210832
0.398634   0.208419
0.399986   0.207695
0.398992   0.207874
0.400541   0.209713
0.400885   0.211145
0.398676   0.207187
0.401095   0.211332
0.400563   0.212164
0.400403   0.209228
0.399554   0.21052
0.399873   0.209381
0.399856   0.208161
0.401676   0.207364
***********BUSCA LOCAL**************
ANTES | DEPOIS
0.673798   0.194541
0.478984   0.191018
1.05474   0.1971
0.568787   0.19703
0.769283   0.292314
0.57706   0.194232
0.759296   0.188505
0.583356   0.193502
0.574936   0.192621
0.963428   0.193533
0.664918   0.195165
0.770712   0.187827
0.959978   0.196792
0.768754   0.196655
0.480906   0.389091
0.872555   0.381731
0.962999   0.19602
0.675394   0.19557
1.34921   0.193951
0.856246   0.191863
0.979734   0.188588
0.677135   0.384884
0.673446   0.195991
0.776783   0.291345
0.674174   0.198865
0.58927   0.19224
0.768272   0.192446
0.480787   0.190692
1.16547   0.191319
0.28736   0.192809
0.466518   0.19515
0.863547   0.191855
0.66878   0.191025
0.866246   0.19448
0.574503   0.188079
0.671844   0.194095
0.781238   0.193254
0.579206   0.386764
1.05299   0.194728
0.675637   0.193824
1.05122   0.191995
0.581447   0.189268
0.973036   0.196178
0.863098   0.195182
0.476008   0.189947
0.376984   0.192492
0.865201   0.190754
0.772919   0.195784
0.772292   0.186368
0.584942   0.196279
