Tamanho    Peso
1067  34697
1074  34888
1062  34749
1067  34778
1067  34771
1063  34678
1066  34726
1069  34692
1063  34720
1066  34672
1056  34664
1069  34856
1061  34702
1068  34757
1060  34735
1059  34671
1062  34757
1067  34822
1062  34613
1065  34671
1062  34693
1072  34735
1061  34661
1064  34746
1064  34791
1066  34731
1064  34733
1066  34788
1066  34812
1066  34639
1063  34695
1070  34824
1059  34732
1070  34712
1065  34685
1064  34682
1068  34745
1061  34767
1063  34670
1062  34564
1063  34695
1071  34731
1066  34721
1063  34716
1068  34768
1064  34652
1067  34721
1066  34708
1062  34643
1061  34710

Time taken: 21
