Tamanho    Peso
264  8602
258  8460
287  9194
269  8527
262  8347
247  8222
282  9256
259  8319
254  8453
273  8936
293  9019
269  8931
281  8945
263  8505
279  8946
273  8695
268  8754
285  8980
265  8967
274  8940
281  9011
274  8776
267  8642
276  9109
263  8593
281  9021
266  8757
287  9145
284  9359
271  8717
264  8748
257  8190
287  9299
259  8367
276  8847
251  8307
268  8841
276  9241
294  9393
261  8390
277  8833
256  8372
270  8900
267  8918
279  9222
266  8452
265  8826
263  8496
261  8335
283  9211

Time taken: 22
