104;7;0 68 177 192 211 296 310 324 506 532 535 578 650 737 754 788 803 825 852 857 872 873 877 887 889 1011 1025 1041 1117 1172 1197 1224 1228 1230 1290 1328 1332 1336 1378 1577 1610 1758 1762 1788 1792 1793 1826 1827 1831 2071 2076 2110 2221 2301 2313 2343 2543 2551 2650 2699 2719 2721 2728 2730 2734 2759 2902 2944 2947 2956 2964 3033 3034 3141 3296 3314 3385 3403 3437 3446 3485 3493 3529 3542 3549 3606 3628 3643 3679 3692 3722 3752 3819 3823 3838 3894 3921 3933 3936 3964 3980 3982 3993 4029
105;7;0 68 177 192 211 253 296 310 324 408 506 515 532 535 578 650 737 754 788 803 825 852 857 872 873 877 887 889 1011 1025 1041 1117 1172 1197 1224 1228 1230 1290 1328 1332 1336 1378 1577 1758 1762 1788 1792 1826 1827 1831 2071 2076 2110 2221 2301 2313 2343 2507 2543 2551 2650 2699 2721 2728 2730 2734 2902 2930 2947 2956 2964 3033 3034 3050 3141 3296 3314 3385 3403 3437 3446 3485 3493 3529 3542 3549 3606 3628 3643 3679 3692 3722 3752 3819 3823 3838 3894 3921 3933 3936 3964 3980 3982 3993 4029
105;7;177 192 211 253 310 324 408 515 532 578 650 737 788 803 825 852 857 872 873 877 887 889 1011 1025 1117 1172 1197 1224 1228 1230 1290 1336 1378 1535 1577 1610 1758 1762 1788 1792 1793 1826 1827 1831 2010 2071 2076 2110 2202 2221 2301 2313 2343 2426 2507 2543 2551 2650 2699 2719 2721 2728 2730 2759 2902 2944 2947 2956 2964 2967 3033 3034 3141 3153 3179 3296 3314 3385 3395 3403 3437 3446 3485 3493 3529 3549 3590 3606 3628 3643 3679 3692 3722 3752 3819 3823 3838 3894 3921 3933 3964 3980 3982 3993 4029
105;7;177 192 211 253 296 310 324 408 506 515 532 535 578 650 737 754 767 788 803 825 852 857 872 873 877 887 889 1011 1025 1041 1045 1117 1172 1197 1224 1228 1230 1290 1328 1332 1336 1378 1577 1758 1762 1788 1792 1820 1826 1827 1831 2071 2076 2110 2216 2221 2301 2313 2343 2507 2543 2551 2650 2699 2721 2728 2730 2902 2947 2956 2964 2995 3033 3034 3141 3296 3314 3385 3403 3437 3446 3485 3493 3529 3542 3549 3606 3628 3643 3679 3692 3722 3752 3819 3823 3838 3894 3921 3933 3936 3964 3980 3982 3993 4029
105;7;177 192 211 296 310 324 506 532 535 578 650 737 754 767 788 803 825 852 857 872 873 877 887 889 1011 1025 1041 1117 1172 1197 1224 1228 1230 1290 1328 1332 1336 1378 1577 1610 1758 1762 1788 1792 1793 1820 1826 1827 1831 2071 2076 2110 2216 2221 2301 2313 2343 2543 2551 2650 2699 2719 2721 2728 2730 2759 2902 2944 2947 2956 2964 2995 3033 3034 3141 3296 3314 3385 3403 3437 3446 3485 3493 3529 3542 3549 3606 3628 3643 3679 3692 3722 3752 3819 3823 3838 3894 3921 3933 3936 3964 3980 3982 3993 4029
105;7;0 68 177 192 211 296 310 324 506 532 535 578 650 737 754 788 803 825 852 857 872 873 877 887 889 1011 1025 1041 1117 1172 1197 1224 1228 1230 1290 1328 1332 1336 1378 1577 1730 1758 1762 1788 1792 1826 1827 1831 2010 2071 2076 2110 2221 2301 2313 2343 2426 2543 2551 2650 2699 2721 2728 2730 2734 2902 2947 2956 2964 3033 3034 3141 3153 3179 3296 3314 3385 3395 3403 3437 3446 3485 3493 3529 3542 3549 3606 3628 3643 3679 3692 3722 3752 3819 3823 3838 3894 3921 3933 3936 3964 3980 3982 3993 4029
106;7;177 192 211 296 310 324 506 532 535 578 650 737 754 767 788 803 825 852 857 872 873 877 887 889 1011 1025 1041 1117 1172 1197 1224 1228 1230 1290 1328 1332 1336 1378 1577 1758 1762 1788 1792 1820 1826 1827 1831 2010 2071 2076 2110 2216 2221 2301 2313 2343 2426 2543 2551 2650 2699 2721 2728 2730 2902 2947 2956 2964 2995 3033 3034 3141 3153 3179 3296 3314 3385 3395 3403 3437 3446 3485 3493 3529 3542 3549 3606 3628 3643 3679 3692 3718 3722 3752 3819 3823 3838 3894 3921 3933 3936 3964 3980 3982 3993 4029
107;7;177 192 211 253 296 310 324 408 506 515 532 535 578 650 737 754 788 803 825 852 857 872 873 877 887 889 1011 1025 1041 1117 1172 1197 1224 1228 1230 1290 1328 1332 1336 1378 1535 1577 1610 1758 1762 1788 1792 1793 1826 1827 1831 2071 2076 2110 2221 2301 2313 2343 2507 2543 2551 2650 2699 2719 2721 2728 2730 2759 2902 2944 2947 2956 2964 3026 3033 3034 3141 3296 3314 3385 3403 3437 3446 3485 3493 3529 3542 3549 3606 3628 3643 3679 3692 3722 3752 3819 3823 3838 3894 3921 3933 3936 3964 3980 3982 3993 4029
107;7;177 192 211 296 310 324 506 532 535 578 650 737 754 788 803 825 852 857 872 873 877 887 889 1011 1025 1041 1117 1172 1197 1224 1228 1230 1290 1328 1332 1336 1378 1577 1610 1758 1762 1788 1792 1793 1826 1827 1831 2010 2071 2076 2110 2202 2221 2301 2313 2343 2426 2543 2551 2650 2699 2719 2721 2728 2730 2759 2902 2944 2947 2956 2964 3033 3034 3141 3153 3179 3296 3314 3385 3395 3403 3437 3446 3485 3493 3529 3542 3549 3606 3628 3643 3679 3692 3722 3752 3819 3823 3838 3894 3921 3933 3936 3964 3980 3982 3993 4029
108;7;177 192 211 253 296 310 324 408 506 515 532 535 578 650 737 754 788 803 825 852 857 872 873 877 887 889 1011 1025 1041 1117 1172 1197 1224 1228 1230 1290 1328 1332 1336 1378 1577 1659 1758 1762 1788 1792 1826 1827 1831 2010 2071 2076 2110 2221 2301 2313 2343 2426 2507 2543 2551 2650 2699 2721 2728 2730 2902 2947 2956 2964 2967 3033 3034 3141 3153 3179 3296 3314 3385 3395 3403 3437 3446 3485 3493 3529 3542 3549 3590 3606 3628 3643 3679 3692 3722 3752 3819 3823 3838 3894 3921 3933 3936 3964 3980 3982 3993 4029
