Tamanho    Peso
1072  35852
1061  35926
1067  35914
1071  35845
1067  35794
1075  35903
1060  35626
1074  35950
1071  35725
1066  36026
1062  35821
1067  35885
1062  36034
1073  35783
1068  36029
1068  36118
1065  35909
1080  35846
1068  36051
1072  35671
1060  35755
1086  35707
1074  35805
1063  35928
1070  36071
1062  35806
1061  35658
1058  36102
1068  35903
1062  35858
1067  35891
1072  35793
1073  35971
1068  35902
1062  35732
1071  35859
1064  35610
1051  35791
1064  36009
1075  35820
1069  35859
1062  36157
1054  35577
1067  35871
1073  35636
1058  35718
1068  36043
1068  35911
1067  35976
1070  35760

Time taken: 64
