Tamanho    Peso
1056  35334
1060  35478
1056  35346
1053  35377
1061  35405
1060  35422
1062  35442
1065  35459
1058  35397
1054  35354
1051  35332
1058  35380
1056  35368
1058  35388
1059  35357
1062  35429
1058  35537
1064  35489
1057  35474
1053  35437
1052  35313
1054  35346
1055  35402
1058  35386
1062  35463
1061  35442
1057  35438
1064  35446
1058  35478
1056  35237
1053  35342
1051  35261
1059  35450
1054  35386
1061  35406
1062  35550
1055  35478
1062  35453
1059  35357
1056  35323
1058  35439
1057  35455
1057  35401
1056  35422
1052  35380
1061  35494
1058  35510
1059  35394
1057  35410
1057  35420

Time taken: 26
