Tamanho    Peso
90  3614
93  3873
116  4615
95  3698
100  3832
97  3979
100  3927
102  3916
114  4319
87  3606
90  3757
108  4376
117  4405
114  4106
103  4068
98  3969
91  3919
111  4319
97  3807
111  4342
104  4365
93  3938
88  3336
110  4236
91  3813
89  3624
111  4547
90  3673
88  3619
95  3735
94  3839
97  3845
96  3902
102  3881
111  4311
86  3576
90  3686
107  4437
101  3982
91  3680
110  4664
95  3582
103  4043
118  4531
97  3696
97  3637
105  4092
92  3627
97  3536
114  4588

Time taken: 181
