123 211 330 372 402 527 537 614 621 689 866 967 1008 1059 1205 1229 1247 1273 1438 1453 1461 1463 1741 1773 1831 2066 2168 2235 2244 2282 2368 2452 2627 2688 2774 3162 3177 3249 3504 3647 3825 3842 3858 3992 4023 4035 4193 4368 4671 4732 5050 5082 5109 5162 5361 5624 5633 5951 6019 6211 6583 6638 6647 7058 7283 7323 7399 7458 7843 7908 7926 8023 8091 8094 8247 8521 8558 8695 8749 8957 8982 9131 9597 9639 9719 9857 9963 10191 10250 10298 
211 273 402 593 595 614 621 675 689 866 967 990 991 1008 1059 1149 1157 1205 1247 1343 1395 1438 1453 1463 1544 1741 1773 1831 1862 2168 2235 2282 2329 2368 2404 2452 3162 3509 3554 3622 3825 3842 3858 3992 4023 4035 4193 4368 4671 4732 4802 4977 5082 5097 5109 5162 5624 5633 5748 5951 6004 6502 6583 6586 6638 6647 6949 7058 7179 7234 7323 7377 7399 7458 7692 7926 8094 8182 8521 8558 8578 8726 8749 8957 8982 9034 9541 9639 9719 9777 9857 9936 9963 9964 10045 10191 10250 
123 273 330 446 593 595 614 621 675 866 967 1008 1059 1135 1149 1157 1205 1247 1343 1395 1453 1463 1544 1831 1862 2142 2168 2282 2329 2368 2382 2404 2452 2688 3162 3509 3554 3622 3825 3992 4035 4193 4368 4509 4671 4732 5082 5097 5109 5132 5162 5361 5624 5633 5776 5790 5951 6004 6019 6211 6502 6541 6583 6586 6638 6647 6949 7058 7132 7179 7234 7323 7412 7458 7692 7926 8182 8247 8521 8558 8578 8726 8749 8928 8957 9034 9051 9597 9639 9719 9857 9914 9936 10171 10191 10250 10298 
123 211 330 372 476 537 595 614 621 689 866 967 1008 1059 1135 1149 1205 1247 1251 1453 1461 1463 1544 1785 1803 1831 2066 2168 2235 2282 2285 2329 2452 2688 3055 3162 3177 3249 3504 3509 3647 3825 3842 3992 4023 4035 4509 4671 5082 5109 5162 5361 5419 5624 5633 5951 6211 6583 6638 6647 6949 6985 7058 7234 7283 7323 7399 7458 7692 7843 7908 7926 8091 8094 8182 8301 8521 8558 8726 8749 8982 9031 9034 9131 9541 9597 9639 9719 9854 9857 9914 9964 10191 10250 10298 
123 269 372 402 446 593 614 621 866 967 990 1008 1059 1135 1205 1273 1438 1453 1461 1463 1544 1773 1785 1831 1862 2168 2235 2282 2368 2452 2774 3249 3509 3622 3825 3858 3992 4035 4671 4732 4969 4977 5050 5082 5097 5109 5162 5624 5633 5790 5951 6019 6211 6274 6541 6583 6586 6638 6985 7058 7234 7283 7323 7399 7412 7458 7692 7778 7843 7908 8023 8091 8094 8182 8373 8558 8695 8726 8749 8957 9031 9597 9603 9639 9719 9857 9936 10171 
123 211 273 330 446 476 593 614 621 689 967 1008 1059 1135 1149 1205 1247 1273 1438 1453 1463 1544 1622 1831 1862 2142 2168 2282 2368 2452 2774 3162 3249 3504 3509 3544 3622 3825 3992 4035 4193 4438 4671 4732 4802 4977 5050 5082 5109 5162 5419 5624 5633 5748 5951 6211 6274 6454 6502 6583 6586 6638 6647 7058 7132 7283 7323 7412 7458 7908 8091 8195 8247 8439 8521 8558 8695 8726 8749 9031 9051 9131 9541 9603 9639 9719 9857 9914 9936 10045 10171 10191 
123 269 330 372 476 614 621 689 866 967 1008 1059 1205 1343 1438 1453 1461 1463 1773 1831 2142 2168 2235 2282 2329 2368 2452 2688 2774 3055 3162 3177 3249 3504 3647 3825 3992 4023 4035 4193 4671 4732 4802 4969 5082 5109 5162 5361 5624 5633 5790 5951 6211 6502 6541 6583 6638 6647 6985 7058 7234 7283 7323 7458 7778 7908 7926 8023 8091 8182 8521 8558 8695 8749 8957 9031 9131 9541 9597 9639 9719 9857 9914 9963 9964 10171 10191 10298 
273 372 481 614 621 689 866 967 990 991 1008 1059 1135 1149 1157 1205 1247 1453 1461 1463 1785 1831 2142 2168 2235 2282 2329 2368 2404 2452 2665 2774 3055 3162 3177 3249 3504 3509 3647 3825 3842 3992 4023 4035 4368 4509 4671 4732 4977 5082 5109 5162 5361 5624 5633 5951 6019 6097 6211 6502 6541 6583 6586 6638 6979 7058 7132 7179 7234 7323 7458 7908 7926 8091 8094 8521 8558 8578 8695 8749 9597 9639 9719 9854 9857 10045 10191 10250 10298 
123 330 446 593 595 614 621 866 967 1008 1059 1149 1205 1247 1273 1453 1463 1741 1773 1785 1831 1862 2142 2168 2235 2282 2368 2452 2665 2688 3055 3162 3249 3504 3509 3622 3825 3992 4035 4193 4509 4671 5050 5082 5109 5162 5419 5624 5633 5951 6211 6541 6583 6586 6647 6949 6985 7058 7283 7323 7377 7399 7412 7458 7908 8091 8182 8247 8373 8558 8726 8749 8982 9031 9034 9131 9541 9597 9603 9639 9719 9857 9922 9964 10045 10191 
123 273 372 614 621 866 967 990 1008 1059 1149 1157 1205 1247 1251 1438 1453 1461 1463 1773 1785 1831 2142 2168 2235 2282 2329 2452 3162 3249 3504 3509 3622 3825 3992 4023 4035 4671 4732 4977 5082 5109 5162 5361 5540 5624 5633 5951 6019 6211 6454 6502 6541 6583 6586 6638 6647 6949 7058 7132 7234 7283 7323 7377 7458 7843 7908 7926 8094 8247 8521 8558 8695 8726 8749 8928 8957 9031 9131 9479 9639 9719 9854 9857 9914 10171 10191 
