Tamanho    Peso
108  4104
90  3434
99  3704
87  3723
120  4766
109  4458
78  2933
102  3963
94  4099
91  3391
112  4552
104  3791
94  3760
105  3956
84  3342
113  4372
98  3879
84  3219
92  3491
105  4055
100  3951
107  3717
114  4522
101  3896
109  4141
96  4019
100  4144
93  3861
98  3928
112  4213
101  4103
108  4105
92  3706
95  3797
89  3592
101  3677
90  3583
88  3272
99  3999
99  3940
93  3794
105  3996
117  4428
99  3950
105  4098
111  4313
95  3400
109  4389
97  3966
105  3980

Time taken: 189
