***********CONSTRUÇÃO**************
ANTES | DEPOIS
0.39969   0.216629
0.400787   0.211994
0.399709   0.213433
0.39929   0.212149
0.401019   0.212664
0.400582   0.213615
0.398827   0.211172
0.40056   0.210497
0.400404   0.208643
0.400175   0.205697
0.399311   0.215122
0.399583   0.211058
0.401947   0.213626
0.401137   0.212691
0.401426   0.21247
0.400994   0.213553
0.399633   0.210757
0.399776   0.210863
0.399786   0.208646
0.400814   0.204682
0.399667   0.214478
0.399181   0.212712
0.399959   0.21399
0.399288   0.212494
0.400556   0.211882
0.401791   0.214885
0.398706   0.211314
0.400788   0.210592
0.400871   0.208504
0.400261   0.204974
0.401617   0.214189
0.400171   0.21214
0.399666   0.213843
0.401535   0.212301
0.40114   0.213054
0.400607   0.213973
0.400552   0.210969
0.400485   0.210371
0.400293   0.208769
0.401095   0.205106
0.400389   0.214474
0.40109   0.212025
0.399404   0.214071
0.401806   0.212443
0.39993   0.213064
0.399485   0.213811
0.401863   0.211347
0.40059   0.21093
0.399075   0.209568
0.401686   0.204759
***********BUSCA LOCAL**************
ANTES | DEPOIS
0.388708   0.193799
0.67614   0.386414
0.385034   0.290321
0.570715   0.195323
0.952786   0.288893
0.857893   0.383689
0.764819   0.291943
0.677333   0.195425
1.15649   0.199083
0.480612   0.196001
0.673683   0.187543
0.575579   0.191787
0.873307   0.194362
0.569706   0.382446
0.476703   0.194589
1.24746   0.290715
0.774836   0.28813
1.06733   0.196084
0.578348   0.194789
0.679941   0.189585
0.863677   0.192508
0.669978   0.195235
0.574552   0.193858
0.383742   0.1964
0.779051   0.1962
0.481183   0.191397
0.96059   0.193026
0.770957   0.189884
0.769749   0.191588
0.487104   0.387279
0.767489   0.286083
0.970553   0.19453
0.4853   0.184591
1.06083   0.194262
1.06656   0.28876
0.486488   0.391417
0.381473   0.386731
0.381132   0.385072
0.676105   0.196001
0.871703   0.191306
1.24718   0.190828
1.24956   0.290863
0.583401   0.294197
0.290328   0.19043
0.964694   0.386332
0.955   0.19085
0.48099   0.19309
0.767255   0.197789
0.861418   0.386871
0.482098   0.391921
