Tamanho    Peso
1070  34995
1055  34794
1069  34875
1067  34964
1068  34842
1062  34842
1054  34958
1060  34847
1062  34977
1066  34779
1065  34786
1058  34931
1067  34853
1072  34765
1067  34826
1059  34844
1066  34936
1056  34833
1061  34976
1059  34793
1073  35007
1065  34873
1069  34850
1065  34815
1069  34912
1069  34974
1070  35063
1061  34793
1062  34985
1060  34752
1072  34908
1064  34938
1072  34941
1066  34858
1066  34900
1058  34918
1065  34841
1057  34776
1059  34938
1058  34668
1072  35014
1057  34845
1063  34786
1067  34863
1069  34816
1066  34892
1070  34997
1064  34918
1066  34986
1054  34701

Time taken: 23
