***********CONSTRUÇÃO**************
ANTES | DEPOIS
1.65625   1.1014
1.66199   1.09215
1.65762   1.07395
1.6643   1.08594
1.6555   1.09744
1.65558   1.08845
1.65711   1.0952
1.66404   1.08907
1.66146   1.0981
1.65321   1.0887
1.65798   1.09767
1.65989   1.09216
1.65571   1.07275
1.65913   1.0854
1.65949   1.09711
1.66359   1.08665
1.65688   1.09818
1.6596   1.08977
1.66269   1.09849
1.65833   1.08757
1.66406   1.0987
1.65824   1.0918
1.65776   1.07764
1.66165   1.08586
1.65364   1.09873
1.65978   1.09071
1.66094   1.09719
1.66237   1.08941
1.66012   1.10269
1.65786   1.08873
1.65921   1.09462
1.65978   1.09154
1.65936   1.07736
1.66161   1.08347
1.66509   1.097
1.65685   1.08839
1.6577   1.09927
1.66391   1.08903
1.65877   1.09726
1.66336   1.08686
1.65511   1.09848
1.65932   1.09145
1.66069   1.07605
1.65895   1.08296
1.66042   1.09696
1.65937   1.08835
1.65645   1.09452
1.65693   1.09021
1.65377   1.10074
1.6595   1.08759
***********BUSCA LOCAL**************
ANTES | DEPOIS
2.58812   1.31407
3.01163   0.867402
5.63931   0.860177
3.0565   0.859394
1.26305   1.30532
2.5686   1.29629
3.02268   1.72151
2.56196   1.31113
5.15157   0.864337
2.15536   1.73294
1.30155   1.28424
3.8783   1.29996
2.15465   0.857936
2.5818   0.872203
2.56318   0.854206
2.58635   0.869467
3.01406   0.865953
4.31141   0.855161
2.56831   0.857549
2.14041   0.860094
1.73287   1.29853
1.28229   0.867976
2.57557   0.861721
2.59418   1.72321
2.14798   1.31241
1.28076   1.29333
2.15021   1.72201
4.30579   1.29797
1.71919   1.30552
2.60053   0.872449
5.60339   0.873962
2.58711   1.29212
1.72078   0.862454
2.15235   0.853769
1.71781   1.72583
2.58077   0.855783
2.15787   0.858742
1.26595   1.73205
1.27887   1.74994
1.27246   0.847448
2.12873   0.855509
3.87424   1.28954
2.57644   0.846359
3.44433   0.876689
1.75092   0.865208
1.28157   1.7361
2.16345   0.855118
2.15576   0.866495
1.72847   0.860222
2.56153   0.853711
