***********CONSTRUÇÃO**************
ANTES | DEPOIS
0.241515   0.19094
0.241599   0.188982
0.241356   0.189215
0.241238   0.188521
0.244539   0.188323
0.242781   0.185982
0.24206   0.189939
0.241696   0.195196
0.24352   0.190338
0.240124   0.188272
0.241983   0.188719
0.241957   0.189177
0.241698   0.187399
0.24144   0.188686
0.242274   0.187154
0.240343   0.186099
0.244484   0.189846
0.242752   0.193653
0.241528   0.193102
0.242448   0.189411
0.244434   0.18844
0.239636   0.189408
0.241973   0.189322
0.240361   0.189582
0.242508   0.18794
0.243304   0.185474
0.243601   0.190052
0.242583   0.192481
0.242816   0.190583
0.243485   0.188561
0.24203   0.187488
0.243183   0.18859
0.243689   0.188646
0.241344   0.187952
0.242339   0.185716
0.242919   0.185591
0.242519   0.191725
0.241491   0.193799
0.240198   0.190277
0.2425   0.188786
0.24235   0.188341
0.242605   0.186668
0.242535   0.187729
0.244662   0.189158
0.241176   0.188947
0.242789   0.186194
0.242004   0.190146
0.241418   0.194454
0.241772   0.191345
0.241494   0.189495
***********BUSCA LOCAL**************
ANTES | DEPOIS
0.183684   0.269004
0.189693   0.139733
0.118548   0.201997
0.174367   0.26704
0.112773   0.334708
0.113823   0.202635
0.1177   0.277636
0.182162   0.203071
0.11806   0.209029
0.124035   0.48414
0.119845   0.338127
0.232939   0.337817
0.116234   0.200406
0.126945   0.204453
0.251515   0.263311
0.185106   0.191416
0.24197   0.275425
0.188829   0.202406
0.120423   0.197947
0.190868   0.258812
0.169215   0.197824
0.109721   0.206111
0.197055   0.201105
0.232836   0.2632
0.244932   0.202783
0.192574   0.196074
0.198786   0.210213
0.117551   0.422013
0.237741   0.203373
0.10719   0.267226
0.190649   0.207022
0.235226   0.140027
0.119673   0.200348
0.248347   0.260871
0.169573   0.210099
0.121362   0.185806
0.244166   0.26953
0.182527   0.194034
0.237582   0.343984
0.237747   0.205372
0.1101   0.746113
0.114442   0.202239
0.233693   0.28205
0.178939   0.135199
0.249065   0.468916
0.250585   0.197793
0.186292   0.199287
0.189649   0.211642
0.116389   0.276445
0.23263   0.139601
