Tamanho    Peso
269  7692
253  7447
314  7666
259  7149
317  7701
315  7796
313  7634
243  6877
321  7765
314  7645
317  7668
271  7750
316  7669
325  7597
267  7697
258  7221
266  7470
249  6773
307  7581
257  7379
277  7710
315  7649
275  7787
266  7853
252  7198
255  7245
276  7672
319  7759
260  7295
314  7466
256  7585
252  6999
327  7792
248  7149
253  6756
320  7743
259  6943
256  7282
255  7308
253  7414
310  7649
317  7691
265  7611
258  7586
257  7491
265  7442
266  7303
272  7619
319  7709
275  7837

Time taken: 21
