100;7;177 192 211 310 324 369 532 630 650 746 767 825 857 872 873 877 887 889 1025 1041 1062 1065 1117 1172 1197 1224 1228 1230 1290 1336 1378 1574 1577 1610 1758 1762 1788 1792 1793 1820 1826 2010 2071 2076 2110 2221 2313 2507 2543 2551 2650 2699 2719 2721 2728 2730 2734 2759 2902 2930 2956 2964 2999 3033 3034 3060 3141 3153 3179 3296 3314 3395 3403 3437 3446 3521 3529 3542 3549 3628 3643 3647 3679 3692 3699 3722 3752 3807 3819 3823 3838 3863 3894 3921 3933 3964 3980 3982 3993 4029
101;7;68 177 192 211 310 320 324 369 506 532 630 650 737 746 754 767 788 803 825 852 857 872 873 877 887 889 1025 1041 1062 1065 1117 1172 1197 1224 1228 1230 1290 1336 1378 1610 1762 1788 1792 1793 1820 1826 1827 1912 2076 2221 2313 2507 2543 2650 2689 2699 2719 2721 2728 2730 2734 2759 2902 2930 2956 2964 2967 2999 3029 3033 3034 3141 3296 3437 3446 3466 3493 3521 3529 3542 3549 3628 3643 3647 3679 3692 3718 3722 3752 3807 3819 3823 3838 3894 3921 3933 3964 3980 3982 3993 4029
101;7;177 192 211 310 324 369 532 630 650 737 739 746 754 767 770 788 803 825 852 857 872 873 877 887 889 1025 1041 1062 1065 1117 1172 1197 1224 1228 1230 1290 1292 1336 1378 1504 1610 1758 1762 1778 1788 1792 1793 1820 1826 1827 2010 2076 2221 2313 2507 2543 2650 2699 2719 2721 2728 2730 2734 2902 2930 2956 2964 3029 3033 3034 3141 3179 3296 3314 3437 3446 3493 3521 3529 3542 3549 3606 3643 3647 3679 3692 3722 3752 3793 3819 3823 3838 3863 3894 3921 3933 3964 3980 3982 3993 4029
101;7;68 177 192 211 310 320 324 369 506 532 630 650 695 737 739 746 754 767 770 788 803 825 852 857 872 873 877 887 889 1025 1041 1062 1065 1117 1172 1197 1224 1228 1230 1290 1336 1378 1504 1610 1762 1778 1788 1792 1793 1820 1826 1827 1912 2076 2221 2313 2507 2543 2650 2699 2719 2721 2728 2730 2734 2902 2930 2956 2964 2967 3029 3033 3034 3141 3156 3296 3437 3446 3493 3521 3529 3542 3549 3606 3643 3647 3679 3692 3722 3752 3819 3823 3838 3894 3921 3933 3964 3980 3982 3993 4029
101;7;177 192 211 310 324 369 532 630 650 737 746 754 767 788 803 825 852 857 872 873 877 887 889 1025 1041 1062 1065 1117 1172 1197 1224 1228 1230 1290 1336 1378 1610 1758 1762 1788 1792 1793 1820 1826 1827 2010 2076 2221 2313 2507 2543 2650 2689 2699 2719 2721 2728 2730 2734 2759 2902 2930 2956 2964 2999 3029 3033 3034 3141 3153 3179 3296 3314 3437 3446 3493 3521 3529 3542 3549 3628 3643 3647 3679 3692 3722 3752 3793 3807 3819 3823 3838 3863 3894 3921 3933 3964 3980 3982 3993 4029
101;7;68 177 192 211 310 320 324 369 506 532 630 650 737 746 754 767 788 803 825 852 857 872 873 877 887 889 1025 1041 1062 1065 1117 1172 1197 1224 1228 1230 1290 1332 1336 1378 1610 1758 1762 1788 1792 1793 1820 1826 1827 1912 2010 2076 2221 2313 2507 2543 2650 2699 2719 2721 2728 2730 2734 2902 2930 2956 2964 2967 3029 3033 3034 3141 3179 3296 3314 3437 3446 3493 3521 3529 3542 3549 3643 3647 3679 3692 3722 3752 3793 3819 3823 3838 3863 3894 3921 3933 3964 3980 3982 3993 4029
101;7;68 177 192 211 310 320 324 369 506 532 630 650 737 746 754 767 788 803 825 852 857 872 873 877 887 889 1025 1041 1062 1065 1117 1172 1197 1224 1228 1230 1290 1336 1378 1574 1610 1762 1788 1792 1793 1820 1826 1827 1912 2071 2076 2110 2221 2313 2507 2543 2551 2650 2699 2719 2721 2728 2730 2734 2902 2930 2956 2964 2967 3029 3033 3034 3060 3141 3296 3403 3437 3446 3493 3521 3529 3542 3549 3643 3647 3679 3692 3699 3722 3752 3819 3823 3838 3894 3921 3933 3964 3980 3982 3993 4029
102;7;177 192 211 310 324 369 532 630 650 737 739 746 754 767 770 788 803 825 852 857 872 873 877 887 889 1025 1041 1062 1065 1117 1172 1197 1224 1228 1230 1290 1336 1378 1504 1574 1610 1762 1778 1788 1792 1793 1820 1826 1827 2071 2076 2110 2216 2221 2313 2507 2543 2551 2650 2699 2719 2721 2728 2730 2734 2902 2930 2956 2964 3029 3033 3034 3060 3141 3296 3403 3437 3446 3493 3521 3529 3542 3549 3606 3643 3647 3679 3692 3699 3722 3752 3819 3823 3838 3894 3921 3933 3964 3980 3982 3993 4029
102;7;177 192 211 310 324 369 532 630 650 737 746 754 767 788 803 825 852 857 872 873 877 887 889 1025 1041 1062 1065 1117 1172 1197 1224 1228 1230 1290 1336 1378 1574 1577 1610 1762 1788 1792 1793 1820 1826 1827 2071 2076 2110 2221 2313 2507 2543 2551 2650 2689 2699 2719 2721 2728 2730 2734 2759 2902 2930 2956 2964 2999 3029 3033 3034 3060 3141 3296 3403 3437 3446 3493 3521 3529 3542 3549 3628 3643 3647 3679 3692 3699 3722 3752 3807 3819 3823 3838 3894 3921 3933 3964 3980 3982 3993 4029
103;7;177 192 211 310 324 369 532 630 650 737 746 754 767 788 803 825 852 857 872 873 877 887 889 1025 1041 1062 1065 1117 1172 1197 1224 1228 1230 1290 1336 1378 1574 1610 1758 1762 1788 1792 1793 1820 1826 1827 2010 2071 2076 2110 2221 2313 2507 2543 2551 2650 2699 2719 2721 2728 2730 2734 2902 2930 2956 2964 3029 3033 3034 3060 3141 3179 3296 3314 3395 3403 3437 3446 3493 3521 3529 3542 3549 3643 3647 3679 3692 3699 3722 3752 3793 3819 3823 3838 3863 3894 3921 3933 3964 3980 3982 3993 4029
