Tamanho    Peso
1075  35724
1071  36069
1061  35658
1062  35719
1074  36027
1077  35862
1067  35793
1068  35686
1054  35677
1067  35762
1067  35848
1064  36048
1064  35822
1071  35977
1067  35564
1063  35671
1059  35763
1072  35823
1053  35570
1081  36115
1053  35519
1082  35980
1070  35632
1066  35791
1076  36004
1065  35493
1068  36108
1062  36106
1057  35866
1066  35814
1073  35988
1077  35999
1069  35978
1068  35670
1066  35875
1061  35924
1065  36066
1069  35904
1052  35616
1062  35496
1080  36026
1068  35846
1063  35949
1073  35889
1077  36056
1071  35835
1060  35940
1069  36088
1065  35699
1066  35585

Time taken: 65
