***********CONSTRUÇÃO**************
ANTES | DEPOIS
1.61058   1.34688
1.61896   1.34321
1.61465   1.34664
1.61168   1.34234
1.6163   1.34607
1.60932   1.34135
1.61441   1.3425
1.6099   1.3471
1.61547   1.35028
1.60768   1.34112
1.61379   1.34536
1.6085   1.34766
1.61176   1.34886
1.60881   1.34589
1.61636   1.34507
1.61658   1.34186
1.61339   1.34134
1.61425   1.34627
1.61727   1.35137
1.60913   1.34066
1.60899   1.34405
1.60995   1.34742
1.61579   1.34615
1.61974   1.34236
1.6174   1.34617
1.60867   1.34203
1.6144   1.33687
1.6082   1.3548
1.60516   1.35092
1.60631   1.3418
1.60574   1.3417
1.60786   1.34488
1.61801   1.34674
1.61437   1.34332
1.61791   1.35082
1.62025   1.34205
1.60886   1.33849
1.60741   1.34746
1.61379   1.35104
1.61364   1.3424
1.60817   1.3434
1.61319   1.34536
1.60981   1.34864
1.61236   1.34343
1.60993   1.34794
1.61288   1.3411
1.60574   1.33938
1.60757   1.34738
1.60578   1.3507
1.60728   1.3411
***********BUSCA LOCAL**************
ANTES | DEPOIS
1.95189   1.50259
1.48966   1.36885
1.48373   2.47055
2.91684   1.42632
2.35299   1.39652
2.43305   1.37544
1.87239   1.50172
3.32769   2.46678
1.36394   1.5136
1.45889   1.44951
2.91167   1.44933
1.44715   2.4126
1.56215   2.39066
2.45703   1.50001
1.40485   1.50501
1.85854   1.44163
1.47006   1.91231
1.44928   1.39026
3.89588   2.88327
2.46486   1.37133
1.37323   1.45275
1.94031   1.94553
2.82538   1.48657
1.42185   1.51208
2.43689   1.88402
1.90288   2.00459
1.99035   2.00998
1.38739   1.85956
3.39243   1.93567
2.31421   1.44297
1.87872   1.4771
1.52085   1.52164
1.82323   1.48082
1.41561   1.42283
1.41811   2.33645
2.44643   1.42099
3.43274   2.33437
2.41599   1.40531
1.45102   2.49
1.45443   2.79094
1.40605   1.98922
2.40817   1.95592
2.91397   1.99324
5.75142   2.40245
1.49564   1.36961
1.44507   1.47231
1.47346   1.4261
1.49394   2.45648
1.89816   2.28019
2.37691   1.47933
