***********CONSTRUÇÃO**************
ANTES | DEPOIS
0.392213   0.212883
0.391814   0.207539
0.392841   0.212618
0.392698   0.206272
0.391052   0.206656
0.390685   0.208978
0.391108   0.205728
0.391156   0.208723
0.389916   0.208684
0.391013   0.208697
0.392458   0.2102
0.390441   0.208556
0.390634   0.212537
0.390695   0.206609
0.390121   0.206539
0.39167   0.208399
0.390998   0.206052
0.389417   0.209037
0.391141   0.208357
0.390122   0.208735
0.389842   0.210758
0.391446   0.207595
0.39149   0.213149
0.392088   0.206342
0.390084   0.206207
0.390647   0.207714
0.391724   0.206963
0.392351   0.207886
0.391326   0.208083
0.391117   0.209559
0.389865   0.209593
0.391361   0.207159
0.38999   0.212481
0.390666   0.206172
0.392442   0.206542
0.391536   0.207259
0.390467   0.206222
0.389975   0.208492
0.39197   0.20868
0.391165   0.209888
0.392561   0.20973
0.391478   0.20829
0.392703   0.211924
0.391949   0.206287
0.391752   0.206462
0.392875   0.207993
0.391683   0.206434
0.392557   0.20772
0.392945   0.208419
0.392802   0.208753
***********BUSCA LOCAL**************
ANTES | DEPOIS
0.949837   0.18986
0.862134   0.191655
0.373254   0.284116
0.571617   0.190742
0.760008   0.194751
0.755712   0.193172
0.762714   0.287614
0.856541   0.192802
0.574514   0.188968
0.668547   0.189227
0.574056   0.188869
0.568974   0.285228
0.661408   0.471794
0.755506   0.193123
0.478051   0.192829
0.660891   0.195018
0.756398   0.191537
0.669862   0.283527
1.24148   0.194698
0.574758   0.291318
0.762278   0.193964
0.567649   0.19488
0.564154   0.376977
0.662411   0.191628
0.465864   0.284856
0.477038   0.28699
0.380985   0.189342
0.762146   0.193586
0.86165   0.286693
0.765904   0.190831
0.381338   0.188594
1.05093   0.193016
1.04839   0.191445
0.670242   0.190285
1.14491   0.28397
0.757419   0.2858
0.658411   0.19097
0.474331   0.38213
1.05101   0.19442
0.762118   0.193241
0.468506   0.189198
0.753614   0.18966
0.848689   0.476242
0.572788   0.191691
0.856595   0.19087
0.381077   0.193329
0.281884   0.191528
0.377348   0.386418
0.855791   0.286466
0.475024   0.188136
