Tamanho    Peso
1705  56496
1708  56134
1726  56728
1721  56485
1708  56796
1708  56034
1711  56633
1704  57030
1706  56194
1721  56457
1711  56197
1704  56097
1696  56198
1701  56163
1708  56100
1715  56985
1714  56399
1706  56449
1722  56512
1720  56588
1706  56801
1721  56699
1698  56300
1706  56535
1721  56454
1715  56722
1704  56114
1706  56191
1697  56289
1711  56545
1700  55889
1710  56269
1720  56965
1718  56574
1714  56455
1719  56994
1719  56271
1701  56005
1714  56863
1699  56503
1714  56584
1710  56197
1690  56706
1712  56196
1702  56169
1705  57622
1702  56694
1710  56525
1690  55763
1714  56255

Time taken: 225
