***********CONSTRUÇÃO**************
ANTES | DEPOIS
0.21393   0.099011
0.214173   0.100135
0.213469   0.100282
0.214669   0.100892
0.216684   0.100236
0.213578   0.094202
0.215432   0.094662
0.216028   0.100034
0.214221   0.100384
0.218983   0.100229
0.213429   0.094691
0.213829   0.099759
0.215637   0.100398
0.215105   0.10076
0.215852   0.100154
0.216276   0.094147
0.213643   0.094784
0.215633   0.100221
0.214875   0.100357
0.214523   0.100113
0.214036   0.094666
0.212253   0.100228
0.215733   0.100189
0.213934   0.100916
0.212577   0.100223
0.215097   0.094083
0.214792   0.094669
0.214602   0.100212
0.216287   0.100204
0.214683   0.099901
0.213401   0.094662
0.210982   0.099898
0.214443   0.100292
0.216035   0.100954
0.21749   0.100421
0.213886   0.094148
0.216321   0.094681
0.214497   0.100246
0.215936   0.100321
0.215631   0.100077
0.214153   0.094786
0.213138   0.099865
0.21376   0.100379
0.213584   0.101075
0.215354   0.100339
0.213856   0.094209
0.215138   0.094661
0.214978   0.100156
0.216512   0.100276
0.21637   0.100235
***********BUSCA LOCAL**************
ANTES | DEPOIS
0.12482   0.132011
0.114291   0.123933
0.12583   0.131483
0.12815   0.134116
0.117898   0.120964
0.125465   0.133878
0.118793   0.122137
0.112215   0.130937
0.122229   0.135533
0.129543   0.124219
0.119295   0.125941
0.11962   0.119831
0.125265   0.126443
0.115824   0.13161
0.122047   0.128199
0.115896   0.13087
0.130003   0.131744
0.116322   0.13626
0.128264   0.120265
0.122776   0.136579
0.130301   0.135511
0.124787   0.133576
0.114911   0.128656
0.11741   0.134732
0.124001   0.132291
0.121636   0.137061
0.125736   0.1292
0.120792   0.140381
0.129754   0.122619
0.122043   0.138841
0.117971   0.130819
0.114064   0.125427
0.115834   0.117959
0.132905   0.135045
0.120115   0.131627
0.124888   0.125186
0.11494   0.125985
0.107455   0.120791
0.115347   0.131712
0.113753   0.132238
0.114792   0.139481
0.122994   0.130083
0.131339   0.128943
0.12648   0.136028
0.128607   0.123181
0.118815   0.123192
0.124845   0.126307
0.118026   0.129075
0.117351   0.129441
0.11695   0.138322
