Tamanho    Peso
291  7773
289  7514
293  7848
296  7906
299  7893
295  7929
292  7599
291  7698
290  7603
292  7685
292  7754
289  7791
294  7794
294  7648
290  7789
297  7742
295  7853
291  7764
297  7814
292  7776
290  7722
291  7714
295  7776
295  7679
292  7900
292  7805
290  7631
294  7695
294  7725
292  7847
291  7734
289  7768
292  7872
299  7855
293  7699
293  7702
296  7864
294  7845
294  7770
291  7732
292  7829
290  7893
291  7899
293  7751
292  7820
291  7755
292  7725
296  8060
298  7820
296  7736

Time taken: 17
