Tamanho    Peso
1085  36340
1074  36583
1100  36157
1072  36597
1084  36608
1076  35849
1073  36014
1066  36180
1083  36189
1085  36240
1077  36458
1076  36170
1073  36143
1087  36308
1077  36190
1070  36227
1079  36273
1079  36333
1067  36235
1080  36116
1088  36236
1082  36570
1077  36140
1074  35981
1085  36318
1060  36293
1076  36250
1075  36252
1079  36035
1076  36252
1081  35903
1073  36192
1079  36154
1088  35890
1071  35822
1071  36286
1071  36240
1067  36291
1076  36103
1053  36085
1076  36322
1083  35679
1073  36301
1072  36607
1090  36229
1083  35977
1079  36250
1070  36116
1082  36105
1079  36442

Time taken: 61
