***********CONSTRUÇÃO**************
ANTES | DEPOIS
1.70678   1.64262
1.69916   1.61569
1.70664   1.64172
1.70676   1.62666
1.70103   1.62517
1.702   1.63965
1.70724   1.62324
1.70356   1.62092
1.70303   1.62184
1.70174   1.62825
1.70639   1.63657
1.70724   1.615
1.70791   1.63619
1.70361   1.62983
1.704   1.62306
1.70021   1.64184
1.70532   1.61915
1.71083   1.62739
1.70538   1.61856
1.70302   1.63835
1.7052   1.64218
1.70286   1.61985
1.69919   1.6355
1.70138   1.62948
1.69817   1.62417
1.70561   1.63688
1.69472   1.6285
1.7081   1.62555
1.70238   1.6196
1.70593   1.63882
1.7092   1.64143
1.70308   1.61483
1.69876   1.63759
1.70696   1.6296
1.70328   1.62539
1.70672   1.64145
1.70404   1.62199
1.70359   1.62353
1.70462   1.62433
1.70039   1.63963
1.70853   1.64027
1.70262   1.62082
1.70051   1.63993
1.70685   1.62531
1.70276   1.62346
1.70711   1.63557
1.705   1.62784
1.7022   1.6243
1.70792   1.61644
1.70036   1.63297
***********BUSCA LOCAL**************
ANTES | DEPOIS
2.58847   3.05953
3.07547   1.5568
1.53412   1.61969
1.62258   1.56107
1.47   3.59662
4.19116   3.58624
3.53292   1.50854
1.60824   1.57555
1.5204   2.53656
2.59975   1.49729
2.54818   4.15337
1.50343   2.45471
1.48131   3.17075
2.12608   2.56449
1.54937   1.48231
1.50799   1.49889
1.49545   3.67189
1.57249   1.46883
1.6334   1.64575
2.51402   1.56892
1.51069   4.21104
1.59411   1.57302
1.56529   4.03716
1.57008   2.57781
2.15091   1.54167
1.51281   1.48573
3.142   1.58462
1.42233   1.47447
3.06797   1.54186
1.41659   2.055
5.16831   2.5865
3.05309   3.62231
1.53438   1.4577
4.02489   3.03546
2.699   3.04742
2.59191   1.487
1.49253   1.60219
2.65698   2.05727
3.52021   1.58882
1.56313   4.10056
1.54548   2.60393
1.43324   1.50862
1.51953   4.58845
1.50783   3.12898
1.48252   1.53481
2.04873   1.5706
1.59142   3.08645
1.5666   1.64467
1.4158   2.11229
1.55748   1.50595
