Tamanho    Peso
1035  33066
1042  33119
1041  33011
1039  32958
1043  33089
1028  32817
1045  33154
1042  32934
1040  32943
1042  33085
1028  32881
1035  32940
1039  33113
1040  33161
1043  33053
1040  32952
1042  33101
1031  32941
1042  33094
1035  32968
1035  33145
1036  32947
1040  33056
1036  32990
1040  33240
1037  33067
1039  33066
1036  32839
1043  33058
1041  33088
1031  32864
1038  33098
1042  32883
1024  32627
1039  33159
1040  32957
1031  32991
1044  33053
1047  33134
1046  33174
1038  33034
1028  32773
1026  33010
1043  33102
1040  32952
1037  32800
1039  33106
1037  32867
1043  33049
1044  33112

Time taken: 32
