***********CONSTRUÇÃO**************
ANTES | DEPOIS
1.7208   1.67476
1.72999   1.67756
1.72239   1.67048
1.72153   1.66308
1.71714   1.6584
1.71037   1.66397
1.7214   1.65784
1.72005   1.65435
1.72419   1.66656
1.72126   1.66615
1.71726   1.66449
1.71398   1.66748
1.71629   1.66656
1.72693   1.67042
1.71892   1.64806
1.71621   1.66097
1.72196   1.66214
1.72182   1.66547
1.71865   1.66965
1.72324   1.65951
1.71977   1.6773
1.71591   1.66817
1.72524   1.66497
1.71999   1.6637
1.71919   1.64929
1.73918   1.66703
1.7148   1.65866
1.72303   1.66548
1.72115   1.65997
1.72979   1.66879
1.71971   1.67319
1.73182   1.67267
1.72161   1.66921
1.71198   1.66167
1.72009   1.65762
1.72215   1.66072
1.72374   1.66441
1.73315   1.65921
1.72565   1.664
1.72495   1.6628
1.71939   1.67789
1.72334   1.66789
1.72025   1.66373
1.72158   1.66535
1.72342   1.64495
1.72087   1.66732
1.7276   1.67141
1.7148   1.66702
1.71081   1.65954
1.71622   1.64621
***********BUSCA LOCAL**************
ANTES | DEPOIS
2.8307   2.17653
1.68009   2.26611
1.62927   1.58846
2.06647   1.54587
1.54772   3.43608
1.62627   1.70959
3.26496   2.84033
1.65371   2.12801
1.63759   1.68769
2.68362   1.62663
1.62316   1.51326
1.69395   2.25896
1.554   1.55453
1.60597   3.19855
4.02076   3.27817
2.20015   1.59678
1.58064   1.63777
1.62845   3.37084
1.6083   1.55547
1.64789   1.59511
1.68304   2.55948
1.65382   1.57656
1.67657   1.72317
1.70034   1.55876
2.22421   2.08318
1.6125   1.67392
1.68395   1.62293
1.56433   1.58955
1.66641   2.55364
1.58267   1.55581
5.06504   1.53041
1.67166   3.88519
1.63264   2.8274
1.57398   1.57712
1.55985   1.72564
2.64281   2.12512
1.64914   1.5952
1.53254   2.81376
3.32011   2.64975
4.53073   1.56316
1.70403   1.58608
2.86993   1.50584
1.64401   2.18491
1.6299   1.62386
1.59833   1.57347
1.55873   1.60994
1.52436   1.55087
1.58598   1.57624
2.15638   1.58663
1.70719   1.63342
