Tamanho    Peso
113  4339
106  4306
100  3921
103  4110
107  4327
117  4242
106  4170
106  3984
114  4779
109  4445
94  3695
112  3945
104  4074
87  3518
101  3971
104  3876
97  4029
98  4147
108  4158
96  3871
91  3387
102  3842
108  4064
106  4164
85  3265
114  4615
98  3973
101  4092
82  3242
98  3863
98  3771
103  4100
120  4566
99  4133
124  4702
77  3048
105  3757
100  4148
88  3563
98  3939
105  4497
92  4016
92  3512
102  3930
100  4076
99  3932
111  3853
97  4209
98  4029
94  3798

Time taken: 183
