***********CONSTRUÇÃO**************
ANTES | DEPOIS
0.398946   0.222838
0.400125   0.218849
0.401496   0.220028
0.401135   0.219382
0.397997   0.217007
0.400431   0.218719
0.399992   0.21834
0.402037   0.220016
0.399757   0.217499
0.400344   0.217167
0.40151   0.220754
0.401508   0.218635
0.400646   0.219384
0.399932   0.218979
0.400536   0.216376
0.402243   0.218741
0.399161   0.217576
0.400949   0.218481
0.40108   0.216824
0.398288   0.217387
0.400624   0.219631
0.40067   0.218701
0.399452   0.219776
0.399796   0.219646
0.399425   0.216508
0.4007   0.218016
0.401717   0.217551
0.399489   0.219554
0.401248   0.217532
0.399557   0.217858
0.401085   0.219964
0.402496   0.219206
0.399918   0.219856
0.39983   0.219874
0.399626   0.216853
0.401147   0.21803
0.401127   0.217054
0.399522   0.219322
0.400024   0.217873
0.399293   0.217352
0.400628   0.220335
0.401281   0.218685
0.401451   0.219504
0.399475   0.218521
0.400404   0.216481
0.399685   0.218477
0.399698   0.218087
0.401001   0.218934
0.398773   0.21753
0.398311   0.217457
***********BUSCA LOCAL**************
ANTES | DEPOIS
0.568405   0.194864
0.385623   0.289473
0.772794   0.290419
0.878631   0.192815
0.676802   0.189195
0.382051   0.197728
0.482928   0.287668
0.382341   0.291957
0.769645   0.38407
0.95886   0.288242
0.485829   0.287774
0.485506   0.19201
0.676605   0.198989
0.771638   0.192026
0.663495   0.195796
0.672939   0.190175
0.673002   0.293434
0.769751   0.197958
0.581841   0.196232
0.568435   0.289947
0.57388   0.190477
0.382115   0.196959
0.865176   0.388198
0.774462   0.579835
0.962978   0.387402
0.577566   0.288086
0.666536   0.286264
1.24842   0.386941
1.25588   0.38931
0.970088   0.19363
0.859332   0.291373
0.772211   0.389968
0.770127   0.191391
0.678089   0.190422
1.05798   0.190836
0.676285   0.294957
1.15191   0.193281
1.05368   0.290957
0.965758   0.291
1.06172   0.385398
0.675358   0.386279
0.575623   0.3905
0.576852   0.289795
0.582857   0.189518
0.967428   0.291103
0.871626   0.294391
0.671272   0.197798
1.16239   0.191404
0.67618   0.288382
0.577565   0.387675
