99;8;177 192 211 296 306 310 320 324 532 535 630 650 695 730 737 752 767 770 788 803 825 852 872 877 887 889 1025 1041 1062 1065 1117 1172 1197 1224 1228 1230 1290 1336 1378 1548 1550 1577 1758 1762 1788 1792 1793 1826 1831 2010 2071 2076 2110 2221 2289 2313 2343 2426 2543 2551 2650 2699 2719 2721 2728 2730 2902 2947 2956 2964 2967 3029 3141 3179 3296 3385 3395 3437 3446 3493 3529 3549 3606 3643 3647 3679 3692 3722 3752 3819 3823 3838 3894 3921 3933 3964 3980 3993 4029
99;8;0 68 177 192 211 306 310 322 324 532 535 630 650 695 730 752 754 767 825 852 872 877 887 889 1025 1041 1062 1172 1197 1224 1228 1230 1290 1328 1336 1378 1548 1574 1577 1610 1758 1762 1788 1792 1826 1831 1851 2010 2071 2076 2110 2221 2289 2313 2343 2426 2507 2551 2650 2699 2719 2721 2728 2730 2734 2947 2956 2964 2967 2970 3029 3050 3141 3179 3296 3385 3395 3437 3446 3493 3529 3549 3606 3643 3647 3679 3692 3722 3819 3823 3838 3894 3921 3933 3947 3964 3980 3993 4029
99;8;177 192 211 235 306 310 324 532 535 630 650 695 724 730 752 767 825 852 872 877 887 889 1025 1041 1062 1172 1197 1224 1228 1230 1290 1336 1347 1378 1548 1577 1758 1762 1788 1792 1826 1831 2010 2071 2076 2110 2221 2289 2313 2343 2426 2551 2552 2650 2699 2719 2721 2728 2730 2944 2947 2956 2964 2967 2999 3026 3029 3034 3060 3141 3179 3296 3385 3395 3404 3437 3446 3493 3529 3549 3590 3606 3643 3647 3679 3692 3722 3819 3823 3838 3894 3921 3933 3936 3964 3980 3986 3993 4029
99;8;68 177 192 211 306 310 324 532 535 630 650 695 730 752 767 825 852 872 877 887 889 1025 1041 1062 1172 1197 1224 1228 1230 1290 1328 1336 1378 1504 1548 1569 1574 1577 1610 1758 1762 1788 1792 1826 1827 1831 1851 2010 2071 2076 2110 2221 2289 2313 2343 2426 2551 2650 2699 2719 2721 2728 2730 2734 2947 2956 2964 2967 2970 3029 3033 3050 3141 3179 3296 3385 3395 3437 3446 3493 3521 3529 3549 3606 3643 3647 3679 3692 3722 3819 3823 3838 3894 3921 3933 3964 3980 3993 4029
99;8;68 177 192 211 306 310 324 532 535 630 650 695 730 752 767 825 852 872 877 887 889 1011 1025 1041 1062 1172 1197 1224 1228 1230 1290 1328 1336 1378 1548 1574 1577 1610 1758 1762 1788 1792 1826 1831 1851 2010 2071 2076 2110 2221 2289 2313 2343 2426 2551 2650 2699 2719 2721 2728 2730 2734 2947 2956 2964 2967 2970 3029 3050 3052 3141 3179 3296 3385 3395 3437 3446 3493 3529 3549 3590 3606 3643 3647 3679 3692 3722 3819 3823 3838 3894 3921 3933 3936 3964 3980 3986 3993 4029
99;8;68 177 192 211 306 310 324 532 535 630 650 695 730 752 767 825 852 872 877 887 889 1025 1041 1062 1065 1172 1197 1224 1228 1230 1290 1328 1336 1378 1548 1550 1574 1577 1610 1758 1762 1788 1792 1793 1826 1831 1851 2010 2071 2076 2110 2221 2289 2313 2343 2426 2543 2551 2650 2699 2719 2721 2728 2730 2734 2902 2947 2956 2964 2967 2970 3029 3050 3141 3179 3296 3385 3395 3437 3446 3493 3529 3549 3606 3643 3647 3679 3692 3722 3819 3823 3838 3894 3921 3933 3964 3980 3993 4029
99;8;177 192 211 253 296 306 310 320 324 532 535 630 650 695 730 752 767 788 803 825 852 872 873 877 887 889 1025 1041 1062 1117 1172 1197 1224 1228 1230 1290 1336 1378 1548 1577 1758 1762 1788 1792 1806 1826 1831 1912 2010 2071 2076 2110 2221 2289 2313 2343 2426 2551 2650 2699 2719 2721 2728 2730 2947 2956 2964 2967 3029 3141 3179 3296 3314 3385 3395 3437 3446 3493 3529 3549 3606 3628 3643 3647 3679 3692 3718 3722 3752 3819 3823 3838 3894 3921 3933 3964 3980 3993 4029
101;8;68 177 192 211 235 306 310 324 369 532 535 630 650 695 730 752 767 825 852 872 877 887 889 1025 1041 1062 1172 1197 1224 1228 1230 1290 1328 1336 1347 1378 1548 1574 1577 1610 1758 1762 1788 1792 1826 1831 1851 2010 2071 2076 2110 2221 2289 2313 2343 2426 2551 2552 2650 2699 2719 2721 2728 2730 2734 2947 2956 2964 2967 2970 3026 3029 3034 3050 3141 3173 3179 3296 3385 3395 3437 3446 3493 3529 3549 3606 3643 3647 3679 3692 3722 3819 3823 3838 3894 3921 3933 3964 3980 3993 4029
101;8;68 177 192 211 296 306 310 320 324 532 535 630 650 695 730 752 767 788 803 825 852 872 877 887 889 1025 1041 1062 1117 1172 1197 1224 1228 1230 1290 1328 1336 1378 1548 1574 1577 1610 1758 1762 1788 1792 1826 1831 1851 2010 2071 2076 2110 2221 2289 2301 2313 2343 2426 2551 2650 2699 2719 2721 2728 2730 2734 2947 2956 2964 2967 2970 3029 3050 3141 3179 3296 3385 3395 3437 3446 3493 3529 3549 3606 3643 3647 3679 3692 3722 3752 3819 3823 3838 3894 3921 3933 3964 3980 3993 4029
102;8;68 177 192 211 253 306 310 324 532 535 630 650 695 730 752 767 825 852 872 873 877 887 889 1025 1041 1062 1172 1197 1224 1228 1230 1290 1328 1336 1378 1548 1574 1577 1610 1758 1762 1788 1792 1806 1826 1831 1851 1912 2010 2071 2076 2110 2221 2289 2313 2343 2426 2551 2650 2699 2719 2721 2728 2730 2734 2947 2956 2964 2967 2970 3029 3050 3141 3179 3296 3314 3385 3395 3437 3446 3475 3493 3529 3549 3606 3628 3643 3647 3679 3692 3718 3722 3819 3823 3838 3894 3921 3933 3964 3980 3993 4029
