***********CONSTRUÇÃO**************
ANTES | DEPOIS
0.243055   0.203498
0.241966   0.177037
0.24351   0.198782
0.242378   0.19076
0.241158   0.190571
0.242758   0.191429
0.241074   0.197317
0.244422   0.193145
0.242169   0.192899
0.241841   0.191465
0.244191   0.200805
0.242768   0.178035
0.242389   0.199114
0.242302   0.188878
0.241765   0.193366
0.243245   0.190577
0.241298   0.196318
0.243435   0.194601
0.240548   0.191905
0.241162   0.190491
0.241347   0.199173
0.242506   0.176715
0.242472   0.198193
0.23903   0.190215
0.24247   0.192182
0.242388   0.190966
0.242441   0.197294
0.241168   0.192796
0.24468   0.193622
0.242244   0.190076
0.241819   0.199392
0.241473   0.177343
0.241538   0.200648
0.242149   0.189795
0.241036   0.191425
0.242464   0.191902
0.241055   0.197047
0.242571   0.193386
0.243256   0.194968
0.238206   0.190813
0.240993   0.199051
0.240056   0.177007
0.242051   0.200737
0.241711   0.190592
0.240322   0.189459
0.240445   0.193268
0.240599   0.196239
0.241316   0.191876
0.244827   0.192279
0.243975   0.189634
***********BUSCA LOCAL**************
ANTES | DEPOIS
0.189012   0.184615
0.116568   0.135911
0.194885   0.273056
0.107611   0.200073
0.118346   0.200086
0.12601   0.268737
0.113155   0.199468
0.176643   0.266719
0.109206   0.337683
0.120236   0.19203
0.179591   0.20405
0.188455   0.202852
0.112089   0.423709
0.195228   0.203417
0.232372   0.665515
0.232368   0.34939
0.104462   0.200284
0.230408   0.273219
0.172557   0.202156
0.190425   0.264385
0.179101   0.20864
0.110705   0.346714
0.119309   0.180992
0.106079   0.342076
0.18255   0.275331
0.238209   0.277329
0.121829   0.128426
0.121546   0.27166
0.190488   0.277392
0.113259   0.201438
0.242763   0.68403
0.183099   0.201778
0.121538   0.20253
0.190861   0.128552
0.132545   0.195004
0.120136   0.266509
0.104992   0.187936
0.11969   0.201647
0.127779   0.205529
0.176218   0.195629
0.175241   0.201726
0.24445   0.190318
0.101567   0.203354
0.192947   0.211479
0.117187   0.471635
0.120081   0.274059
0.126377   0.192471
0.176537   0.20781
0.115344   0.272873
0.175227   0.196734
