Tamanho    Peso
257  7069
316  7594
261  7616
322  7639
317  7618
324  7635
319  7671
284  7792
319  7744
314  7799
276  7799
278  7738
319  7725
269  7515
268  7471
271  7708
313  7819
267  7530
261  7520
264  7421
255  7155
315  7582
321  7652
317  7699
259  7283
259  7149
317  7724
315  7730
265  7387
319  7679
268  7540
277  7612
317  7832
266  7477
311  7689
311  7507
322  7797
321  7693
320  7723
257  7642
257  7408
262  6999
319  7632
264  7710
317  7471
313  7588
315  7545
269  7654
313  7797
273  7575

Time taken: 20
