Tamanho    Peso
1060  35673
1070  35991
1067  35706
1064  35726
1072  35930
1070  35729
1064  35843
1063  35897
1066  35852
1058  35871
1056  35479
1067  35914
1057  35581
1070  35791
1061  35853
1074  36051
1063  36007
1071  35893
1075  36115
1065  35610
1050  35894
1063  36190
1077  35977
1072  36027
1073  35706
1071  35939
1066  35777
1070  35727
1065  35621
1069  35666
1078  35962
1076  35860
1057  35950
1070  35896
1059  35777
1065  36218
1067  35872
1066  35794
1065  35863
1066  35564
1068  35824
1062  35822
1063  35766
1069  35901
1077  36168
1064  35783
1078  35872
1064  35744
1073  36033
1066  35724

Time taken: 65
