***********CONSTRUÇÃO**************
ANTES | DEPOIS
1.71469   1.60289
1.73211   1.59633
1.72183   1.57967
1.72558   1.58148
1.72262   1.58671
1.72702   1.59495
1.72239   1.59632
1.71993   1.57993
1.73779   1.58422
1.72554   1.60324
1.72084   1.5902
1.72477   1.56575
1.72337   1.59372
1.72737   1.58422
1.7325   1.58811
1.72692   1.5926
1.73007   1.5997
1.71795   1.58811
1.72116   1.57941
1.73297   1.57929
1.72427   1.59147
1.72325   1.55802
1.7219   1.58597
1.72153   1.57979
1.72414   1.59104
1.73102   1.5998
1.71995   1.6048
1.72351   1.58971
1.72414   1.58169
1.73034   1.57928
1.72647   1.59423
1.71629   1.57529
1.72187   1.5985
1.72177   1.58822
1.71653   1.58485
1.71784   1.59591
1.72979   1.59949
1.7248   1.58203
1.73316   1.58777
1.7204   1.58391
1.72631   1.60519
1.71892   1.56506
1.71995   1.59087
1.7261   1.59956
1.7264   1.58746
1.72175   1.60353
1.7181   1.60182
1.72711   1.58748
1.72273   1.58353
1.72077   1.58583
***********BUSCA LOCAL**************
ANTES | DEPOIS
1.65889   1.7172
1.70946   1.70453
1.1463   4.06745
1.14217   1.18101
1.18736   1.72343
2.2648   1.16301
2.85841   2.34507
1.71155   1.18331
1.73091   1.17599
1.70668   1.74905
2.85778   1.16919
1.70142   1.17197
2.23355   1.70259
2.8164   1.70882
1.64278   2.9045
3.43747   1.16733
1.66803   1.69521
1.68843   1.18472
1.1303   1.19487
2.24101   1.76265
1.1602   1.17244
1.6701   1.20739
1.17165   2.31048
2.86333   1.17551
1.1744   3.54203
2.82765   1.72298
1.17003   1.69959
2.27823   1.18016
2.27793   1.77885
1.16177   1.19345
2.87709   2.2835
2.83213   1.1921
3.43492   1.73366
1.72085   1.76002
1.15931   1.19067
1.17052   1.70518
1.69598   1.18349
2.85671   1.7194
2.17559   2.3427
2.8285   1.74478
2.26643   2.34004
1.55309   1.15639
2.85599   3.44832
1.69777   2.30782
1.72993   1.17029
1.66024   2.31726
2.85304   2.33155
1.16611   1.16435
1.17898   1.73389
1.72149   1.73116
