43;7;806 1277 1668 1864 2912 3110 3261 3380 4032 4702 4760 4800 4814 5151 5419 5536 5852 6032 6100 6140 6270 6826 6876 7007 7057 7372 7392 7747 8315 8372 8968 9031 9099 9164 9464 9791 9812 9930 10084 10087 10095 10144 10175
43;7;586 806 1277 1668 1864 2912 3110 3261 3380 4032 4702 4760 4800 4814 5151 5419 5536 5852 6032 6100 6140 6270 6826 6876 7007 7057 7372 7392 8315 8372 8968 9031 9099 9164 9464 9791 9812 9930 10084 10087 10095 10144 10175
43;7;806 1277 1668 1864 2912 3110 3261 3380 4032 4702 4760 4800 4814 5151 5419 5536 5852 6032 6100 6140 6270 6826 6876 7007 7057 7372 7392 8315 8372 8968 9031 9099 9164 9464 9520 9791 9812 9930 10084 10087 10095 10144 10175
43;7;806 1277 1668 1864 2912 3110 3261 3380 4032 4702 4800 4814 5151 5419 5536 5852 6032 6100 6140 6270 6826 6876 7007 7057 7372 7392 8315 8372 8557 8968 9031 9099 9164 9464 9520 9791 9812 9930 10084 10087 10095 10144 10175
44;7;806 1202 1277 1864 2802 2912 3110 3261 3380 3744 4032 4702 4800 4814 5151 5419 5536 5852 6032 6100 6140 6262 6270 6826 6876 7007 7372 7392 8315 8372 8531 8560 8968 9031 9099 9791 9812 9930 10029 10084 10087 10095 10144 10175
44;7;806 1202 1277 1864 2802 2912 3110 3261 3380 3744 4032 4702 4800 4814 5151 5419 5536 5852 6032 6100 6140 6262 6270 6826 6876 7007 7372 7392 8315 8372 8531 8968 8979 9031 9099 9791 9812 9930 10029 10084 10087 10095 10144 10175
44;7;806 1202 1277 1864 2802 2912 3110 3261 3380 3744 4032 4702 4800 4814 5151 5419 5536 5852 6032 6100 6140 6262 6270 6826 6876 7007 7372 7392 8315 8372 8531 8968 9031 9099 9520 9791 9812 9930 10029 10084 10087 10095 10144 10175
46;7;806 1277 1668 1864 2802 2912 3110 3261 3380 4032 4125 4702 4800 4814 5151 5419 5536 5852 6032 6100 6140 6270 6826 6876 7007 7057 7372 7392 8315 8372 8531 8699 8968 9031 9099 9164 9464 9791 9812 9930 10029 10084 10087 10095 10144 10175
46;7;806 1277 1668 1864 2802 2912 3110 3261 3380 4032 4125 4702 4800 4814 5151 5419 5536 5852 6032 6100 6140 6270 6826 6876 7007 7057 7372 7392 8315 8372 8531 8968 9031 9099 9164 9464 9520 9791 9812 9930 10029 10084 10087 10095 10144 10175
50;7;806 1202 1277 1668 1864 2802 2912 3110 3261 3380 3744 3854 4032 4125 4702 4760 4800 4814 5151 5419 5536 5852 6032 6100 6140 6262 6270 6826 6876 7007 7057 7372 7392 8315 8372 8531 8968 9031 9099 9164 9464 9791 9812 9930 10029 10084 10087 10095 10144 10175
