Tamanho    Peso
226  7314
220  7438
230  7509
224  7274
219  6971
226  7410
226  7470
207  6551
219  7034
225  7114
229  7423
221  7323
229  7522
220  7244
220  7045
223  7377
225  7559
209  6652
218  7029
225  7135
226  7348
219  7269
228  7505
230  7393
219  6967
226  7323
223  7350
207  6641
216  7044
228  7299
224  7300
220  7164
231  7534
224  7204
219  6925
228  7567
216  7230
212  6584
216  7022
226  7123
224  7203
219  7285
229  7457
225  7288
219  6972
225  7404
225  7456
210  6736
219  7079
219  7056

Time taken: 12
