***********CONSTRUÇÃO**************
ANTES | DEPOIS
0.486593   0.314951
0.48742   0.310459
0.486461   0.318186
0.487366   0.309155
0.487871   0.309949
0.487547   0.314634
0.486719   0.311194
0.485381   0.31031
0.487676   0.308206
0.48543   0.305901
0.485863   0.312476
0.487628   0.311053
0.487466   0.314596
0.48768   0.308985
0.485318   0.309462
0.486286   0.314007
0.48713   0.311629
0.488591   0.310038
0.487036   0.308619
0.487305   0.30579
0.487066   0.313295
0.488323   0.311128
0.489513   0.317261
0.488882   0.30997
0.487226   0.309426
0.486773   0.314104
0.486222   0.311456
0.488397   0.309915
0.488104   0.308976
0.488276   0.305256
0.488436   0.313864
0.487393   0.311291
0.489066   0.316769
0.489115   0.308969
0.488233   0.309023
0.485187   0.314499
0.487594   0.311735
0.487036   0.309715
0.488271   0.308252
0.488093   0.305905
0.487512   0.313493
0.489087   0.311125
0.486636   0.317504
0.485781   0.308768
0.488388   0.309369
0.487868   0.313187
0.487193   0.312538
0.488081   0.310003
0.486038   0.308536
0.48815   0.305923
***********BUSCA LOCAL**************
ANTES | DEPOIS
0.378329   0.38219
0.509018   0.367255
0.492937   0.512422
0.762185   0.635023
0.633572   0.377934
0.377446   0.635772
0.760624   0.386841
1.13682   0.38011
0.633359   0.514886
0.881998   0.250135
0.625017   0.501824
0.37118   0.639433
0.636731   0.381883
0.629506   0.385146
0.504149   0.388655
0.368513   0.385542
0.63863   0.882771
0.633539   1.01823
0.887604   0.633809
0.626258   0.377975
0.500991   0.381137
0.369275   0.383515
0.767875   0.634862
0.620783   0.503609
0.764017   0.506256
0.75218   0.372687
1.15067   0.377276
0.771062   0.385475
0.874485   0.253309
0.378665   0.252093
0.506144   0.768324
0.617322   0.384262
0.761362   0.503215
0.382697   0.256767
0.384192   0.893732
0.626073   0.382163
0.759096   0.50372
0.498037   0.513496
0.506069   0.383871
0.375901   0.257174
0.76209   0.633016
0.637822   0.377525
0.638573   0.374837
0.766502   0.505775
0.36894   0.493025
0.387986   0.380987
0.62483   0.760562
0.625647   0.257165
1.27761   0.506149
0.887061   0.259543
