Tamanho    Peso
86  2934
102  3385
87  2825
90  3214
97  3506
80  2897
92  3631
91  3137
106  3865
85  3125
88  3152
86  3065
102  3690
85  2890
113  4412
110  4089
100  3748
92  3563
97  3551
109  3973
94  3013
87  3167
92  3444
101  3614
96  3463
84  3179
95  3347
104  3777
89  3117
84  3114
100  3688
90  3146
92  3130
95  3276
90  3320
95  3399
105  3545
89  3026
90  3322
81  3080
88  3334
83  3031
108  3882
113  4251
100  3911
107  3945
95  3766
106  4230
100  3695
106  3661

Time taken: 189
