***********CONSTRUÇÃO**************
ANTES | DEPOIS
1.72561   1.67033
1.73036   1.6578
1.72603   1.65929
1.72242   1.65222
1.72164   1.65019
1.72627   1.65368
1.72655   1.64907
1.72244   1.64929
1.72367   1.65598
1.72661   1.65291
1.72612   1.66038
1.72055   1.65247
1.72867   1.65174
1.71785   1.65722
1.72325   1.6507
1.71548   1.66229
1.72475   1.65456
1.72279   1.64728
1.72054   1.65421
1.72409   1.64398
1.72729   1.65973
1.72799   1.65435
1.71971   1.65555
1.71788   1.65623
1.72231   1.65759
1.72855   1.65172
1.72293   1.65018
1.71963   1.64702
1.72214   1.64742
1.72704   1.65699
1.7221   1.65661
1.72347   1.65119
1.71979   1.65826
1.72618   1.65943
1.72538   1.6562
1.72664   1.65651
1.72602   1.66165
1.7174   1.64889
1.72095   1.64252
1.72632   1.63861
1.7284   1.66082
1.72173   1.65905
1.72717   1.65488
1.72426   1.64876
1.72225   1.64964
1.72869   1.66054
1.7233   1.64885
1.71961   1.64618
1.71724   1.63992
1.72049   1.65275
***********BUSCA LOCAL**************
ANTES | DEPOIS
3.17058   1.92058
2.08146   3.65889
2.5702   2.00677
2.0582   3.1284
1.6231   1.48552
2.62759   2.54777
3.19706   1.51116
1.66068   3.14968
2.06791   1.52586
2.07993   2.06094
2.18207   2.10032
1.49588   3.15354
2.84249   2.60396
1.56728   4.17127
1.61562   1.64552
1.54802   1.60673
3.14034   1.64374
1.63186   1.98997
2.10289   2.09626
4.24667   1.60599
1.64156   1.97777
2.0104   2.0052
2.21403   2.1377
1.64261   1.50754
1.51806   2.09764
1.66599   2.14525
1.63945   2.12971
1.55393   1.56525
1.63878   2.68809
2.07172   4.23565
2.55799   1.53219
2.70376   2.53822
3.15975   2.68264
1.49982   2.1216
2.09271   2.02436
2.16313   2.04597
1.64565   1.45063
2.03426   2.63453
1.62636   1.58654
2.61557   1.93066
2.56934   2.1031
1.53617   2.60568
1.50226   1.56879
1.58348   1.64149
2.6028   1.57768
2.08703   1.67824
1.44538   1.60549
2.08176   1.64394
3.65889   1.48711
2.02695   1.56294
