***********CONSTRUÇÃO**************
ANTES | DEPOIS
0.220054   0.169791
0.221947   0.169324
0.222008   0.167319
0.223053   0.169886
0.223478   0.163631
0.221652   0.161852
0.222412   0.158162
0.221813   0.165725
0.220525   0.150477
0.223377   0.151267
0.218605   0.168622
0.226222   0.171704
0.224449   0.168782
0.223386   0.16906
0.219848   0.162074
0.222901   0.162696
0.22182   0.157953
0.220395   0.164535
0.222785   0.14994
0.219889   0.149989
0.216901   0.166623
0.220063   0.170557
0.218416   0.168195
0.221359   0.170007
0.220714   0.162459
0.219495   0.162194
0.222361   0.158033
0.217545   0.164891
0.220824   0.150359
0.22053   0.152262
0.218968   0.16727
0.217281   0.170041
0.219476   0.167852
0.222877   0.170103
0.219605   0.161785
0.221631   0.161387
0.218671   0.157337
0.221879   0.164736
0.218863   0.149573
0.219873   0.150691
0.22763   0.167412
0.222533   0.170001
0.222379   0.168334
0.218199   0.170311
0.221635   0.163185
0.220609   0.16277
0.219925   0.157848
0.223267   0.163479
0.219859   0.151731
0.219772   0.150664
***********BUSCA LOCAL**************
ANTES | DEPOIS
0.176851   0.183349
0.113324   0.185846
0.115928   0.242762
0.09656   0.23494
0.109532   0.236513
0.112676   0.174904
0.181389   0.111743
0.112876   0.284229
0.110146   0.125288
0.104631   0.117561
0.105769   0.232408
0.226396   0.195568
0.101507   0.161201
0.10606   0.234524
0.177926   0.115547
0.227312   0.185174
0.098282   0.129974
0.103062   0.183045
0.106436   0.12892
0.110153   0.132516
0.098305   0.106128
0.098208   0.169674
0.120222   0.187455
0.117182   0.190016
0.113424   0.171419
0.127686   0.301597
0.108194   0.126721
0.175315   0.181425
0.173232   0.130081
0.101908   0.121499
0.107378   0.179378
0.110351   0.177103
0.104383   0.176675
0.107097   0.295088
0.114272   0.181432
0.098566   0.170566
0.100344   0.121588
0.10583   0.129184
0.107847   0.116874
0.106232   0.116158
0.124293   0.124087
0.121722   0.167458
0.105083   0.11833
0.113167   0.169015
0.11261   0.253531
0.130524   0.180244
0.10512   0.13001
0.114691   0.134204
0.09891   0.128339
0.114028   0.121573
