Tamanho    Peso
253  9367
261  9467
249  9065
251  9183
256  9236
254  9148
254  9015
247  9213
253  8595
244  8523
247  8821
263  9252
265  9401
262  9532
272  9664
254  9175
257  9052
249  9021
246  8419
244  8513
273  9886
257  9146
259  9598
259  9344
250  9035
248  9059
254  8861
260  9171
251  8568
249  8602
270  9825
265  9482
260  9455
263  9752
264  9510
245  8756
258  9030
268  9353
244  8293
247  8516
275  9763
252  9041
280  9854
251  8875
257  9610
254  9290
256  8951
269  9336
253  8574
245  8449

Time taken: 17
