Tamanho    Peso
257  8366
286  8420
286  8396
292  8531
290  8498
288  8379
257  8488
286  8340
286  8459
289  8673
286  8517
256  8635
289  8535
294  8704
247  8291
252  8333
286  8500
286  8643
292  8584
284  8274
278  8417
287  8245
284  8509
291  8456
283  8353
286  8681
287  8543
253  8057
245  8344
286  8607
285  8440
286  8610
289  8370
288  8682
283  8563
284  8273
282  8360
288  8431
286  8449
284  8340
295  8660
286  8360
284  8283
284  8386
285  8484
287  8611
281  8418
287  8458
283  8347
285  8500

Time taken: 17
