Tamanho    Peso
1103  35786
1108  36070
1101  35696
1105  35924
1106  36153
1103  36003
1109  35970
1106  35937
1099  36343
1109  36438
1100  35939
1100  36033
1098  35940
1102  35965
1096  35856
1089  36497
1098  35809
1110  36068
1097  35725
1096  35819
1102  35778
1102  36011
1102  35766
1106  36089
1085  35937
1100  36051
1109  36033
1097  36024
1108  35971
1116  36024
1101  35865
1095  35952
1103  35882
1095  35891
1107  36055
1108  36075
1096  35864
1099  36228
1096  36212
1099  35810
1101  35808
1091  35931
1110  35955
1100  36156
1096  36200
1097  35939
1113  35964
1096  35807
1107  35716
1113  36013

Time taken: 66
