***********CONSTRUÇÃO**************
ANTES | DEPOIS
0.481515   0.295861
0.48256   0.294201
0.484028   0.294006
0.48224   0.293468
0.481795   0.295124
0.482629   0.294621
0.483671   0.291653
0.482143   0.292745
0.483149   0.291344
0.4826   0.290302
0.483016   0.293411
0.482999   0.294497
0.483681   0.294381
0.483662   0.293828
0.483943   0.294559
0.482378   0.294837
0.482228   0.292215
0.482899   0.293185
0.482797   0.291833
0.482025   0.291408
0.482177   0.294967
0.483059   0.294315
0.481365   0.295143
0.481491   0.293739
0.484076   0.293074
0.483171   0.293745
0.482249   0.29427
0.482348   0.292088
0.482963   0.2923
0.482357   0.290891
0.481318   0.294352
0.481562   0.294975
0.48427   0.294057
0.481895   0.293869
0.483264   0.294792
0.482695   0.294159
0.482825   0.29332
0.483738   0.292986
0.483216   0.292689
0.482449   0.291645
0.483022   0.294407
0.483091   0.294359
0.482898   0.29434
0.481986   0.294159
0.483314   0.294499
0.481652   0.294895
0.484126   0.29209
0.482217   0.292986
0.484097   0.291766
0.482157   0.291138
***********BUSCA LOCAL**************
ANTES | DEPOIS
0.614426   0.24826
0.745145   0.504557
1.11479   0.250774
0.869611   0.370271
0.613797   0.248368
1.11263   0.74042
0.864947   0.250172
0.996382   0.3728
0.376051   0.245401
0.492002   0.505319
1.11514   0.373791
0.744537   0.247435
0.608152   0.499609
0.867216   0.246321
0.986389   0.495154
0.364815   0.366689
0.739569   0.504066
0.864462   0.250158
0.992987   0.24298
1.35804   0.373044
1.25294   0.249201
1.1149   0.375566
0.866675   0.248136
0.737869   0.49488
0.85962   0.248032
0.490405   0.370217
0.496604   0.247174
0.980881   0.623343
0.869181   0.247893
0.624207   0.248329
1.11413   0.499434
0.863272   0.253994
0.86517   0.250527
1.60905   0.367062
0.98006   0.737132
0.615841   0.244107
0.736256   0.253538
0.623706   0.246749
0.49743   0.248909
0.982219   0.247846
1.10571   0.376294
0.489053   0.247166
0.867455   0.365227
0.48882   0.50244
0.492015   0.2489
0.868778   0.373873
0.877692   0.248607
1.49296   0.619255
0.618846   0.37023
0.874451   0.247075
