Tamanho    Peso
145  5746
143  5727
143  5705
144  5785
146  5798
136  5569
120  4950
145  5835
147  5766
136  5656
144  5800
144  5666
145  5663
142  5701
115  4633
146  5875
144  5723
145  5630
145  5794
143  5735
145  5843
143  5767
126  5044
143  5814
145  5789
145  5753
150  5532
142  5691
145  5844
144  5582
137  5477
143  5659
144  5722
141  5855
129  4940
132  5140
138  5597
148  5896
141  5626
141  5702
143  5713
141  5680
143  5793
133  5303
143  5659
133  5355
145  5668
143  5798
144  5776

Time taken: 166
