Tamanho    Peso
165  6589
142  5618
155  6076
163  6743
158  6127
142  5746
163  6457
158  6453
143  5539
155  6111
163  6456
140  5724
158  6136
149  5939
139  5921
159  6529
157  6330
146  5704
159  6519
159  6452
142  5510
155  6004
157  6330
167  6710
151  6259
153  6426
149  5951
135  5235
157  6379
167  6737
158  6114
166  6479
162  6732
157  6559
154  6027
145  5806
155  6423
152  6040
166  6729
152  6278
140  5554
147  5757
142  5574
151  6027
164  6511
149  6087
154  6171
122  5114
128  5164
163  6437

Time taken: 193
