Tamanho    Peso
1689  55643
1683  55371
1692  55837
1694  55601
1692  55658
1689  55527
1685  55724
1689  55734
1698  55661
1694  55549
1698  55720
1684  55539
1690  55807
1684  55573
1684  55387
1688  55515
1691  55690
1684  55791
1699  55885
1684  55627
1693  55757
1687  55596
1686  55785
1693  55746
1682  55590
1685  55488
1689  55748
1684  55683
1695  55738
1691  55610
1686  55836
1681  55567
1694  55784
1695  55736
1690  55461
1691  55632
1684  55691
1688  55690
1692  55759
1684  55554
1692  55693
1691  55503
1680  55689
1691  55592
1689  55587
1691  55419
1689  55723
1690  55793
1692  55653
1673  55574

Time taken: 97
