Tamanho    Peso
237  8577
247  8362
247  8581
253  8656
252  8800
243  8378
265  9159
263  8951
269  9292
263  9094
259  8910
261  8881
257  8988
270  8975
257  8876
241  8572
240  8544
253  8666
250  8708
265  8988
251  8707
248  8577
243  8438
268  9075
258  8778
243  8397
234  8344
256  8793
266  9045
261  8900
259  9094
252  8880
265  8996
261  8832
258  8858
243  8606
252  8749
233  8206
253  8511
265  8924
258  8859
252  8836
261  8978
271  9216
253  8878
238  8431
269  9188
245  8468
265  8960
264  8968

Time taken: 17
