***********CONSTRUÇÃO**************
ANTES | DEPOIS
0.214002   0.175947
0.218247   0.170724
0.218849   0.175692
0.218489   0.173848
0.217362   0.169104
0.216209   0.16427
0.216911   0.177551
0.216178   0.173677
0.217688   0.176034
0.217589   0.172336
0.216951   0.170348
0.217401   0.172847
0.218966   0.176131
0.217649   0.176388
0.215688   0.169439
0.216496   0.162918
0.215945   0.177355
0.216643   0.171155
0.2176   0.175401
0.217193   0.173403
0.214919   0.170335
0.217811   0.171674
0.219673   0.175308
0.217785   0.175965
0.218505   0.170521
0.216551   0.166195
0.217721   0.176825
0.220058   0.173851
0.217806   0.17588
0.214899   0.172983
0.216119   0.168717
0.215303   0.172527
0.215859   0.176723
0.215939   0.174279
0.216223   0.168438
0.217972   0.164386
0.217813   0.177417
0.215871   0.172949
0.216438   0.175132
0.217692   0.173534
0.221436   0.1691
0.21687   0.170815
0.221876   0.174833
0.215641   0.174268
0.217351   0.170214
0.217454   0.164191
0.215436   0.178424
0.21639   0.171949
0.215454   0.175523
0.217121   0.173867
***********BUSCA LOCAL**************
ANTES | DEPOIS
0.108388   0.255088
0.179218   0.177641
0.126012   0.311137
0.190246   0.190684
0.122485   0.190195
0.189088   0.118266
0.107168   0.11706
0.236378   0.112226
0.114691   0.114748
0.125263   0.128629
0.112188   0.112645
0.124894   0.124028
0.248739   0.194588
0.169566   0.124445
0.118828   0.124887
0.12361   0.127825
0.127764   0.245452
0.187098   0.195137
0.175459   0.244945
0.12417   0.132153
0.23332   0.259106
0.121154   0.131214
0.111408   0.243663
0.124764   0.127843
0.133565   0.128473
0.128024   0.180779
0.133928   0.178282
0.119121   0.121171
0.120395   0.121226
0.107486   0.124095
0.11363   0.122774
0.110876   0.176894
0.125094   0.127271
0.118746   0.178814
0.229117   0.126131
0.122698   0.121672
0.112433   0.304234
0.24141   0.311355
0.129149   0.187938
0.127108   0.131614
0.121853   0.129598
0.118607   0.128343
0.136444   0.127644
0.188129   0.124817
0.312067   0.238503
0.254517   0.12584
0.120592   0.128393
0.116354   0.259684
0.130987   0.129691
0.16963   0.124981
