Tamanho    Peso
1055  34496
1052  34541
1049  34323
1044  34332
1051  34467
1048  34448
1044  34296
1054  34589
1047  34483
1054  34406
1055  34452
1053  34433
1049  34320
1049  34229
1056  34375
1051  34438
1045  34295
1053  34648
1054  34528
1055  34415
1056  34513
1050  34529
1048  34424
1045  34166
1054  34555
1048  34477
1049  34273
1044  34499
1052  34446
1053  34446
1056  34549
1055  34637
1057  34426
1049  34237
1055  34527
1048  34422
1046  34195
1059  34552
1049  34413
1054  34324
1054  34440
1056  34584
1055  34402
1050  34264
1050  34462
1051  34407
1046  34219
1059  34680
1055  34534
1056  34541

Time taken: 27
