Tamanho    Peso
95  3582
94  3161
95  3289
96  3472
103  3987
95  3234
106  4227
93  3537
99  3346
104  4129
87  3166
101  3802
95  3258
92  3568
106  4135
119  4482
127  4419
86  2827
96  3496
101  3859
94  3317
79  2955
90  2834
103  3792
77  2717
121  4587
98  3464
94  3697
107  3923
122  4415
108  3632
93  3706
80  3089
92  3451
87  2956
96  3380
85  3402
93  3735
83  2967
104  3891
88  3297
86  3363
120  4014
98  3630
83  3174
105  3781
95  3482
126  4177
114  4170
92  3148

Time taken: 181
