Tamanho    Peso
1065  34818
1070  35017
1076  35025
1068  34825
1064  35102
1070  35011
1065  35016
1056  34836
1065  34996
1072  35042
1068  34853
1061  34858
1061  34940
1074  34866
1065  34969
1072  35102
1063  34877
1068  35018
1063  35095
1076  34844
1058  35270
1069  34858
1059  35115
1067  35242
1076  35202
1074  35094
1074  35024
1072  34985
1070  34704
1079  35136
1063  35097
1064  35194
1053  35257
1069  34997
1059  34833
1053  34896
1069  34758
1066  34895
1075  35076
1051  35018
1070  34899
1062  34968
1064  34874
1065  34865
1068  35086
1064  35000
1064  34732
1060  35167
1071  35064
1064  34929

Time taken: 56
