***********CONSTRUÇÃO**************
ANTES | DEPOIS
0.389099   0.216953
0.389032   0.212951
0.390997   0.209528
0.388563   0.216757
0.389839   0.211888
0.388786   0.214595
0.389292   0.213604
0.389531   0.212949
0.390125   0.21321
0.390876   0.212878
0.390077   0.215855
0.389349   0.214216
0.388469   0.209987
0.39001   0.216086
0.390195   0.211588
0.389034   0.214415
0.389169   0.214118
0.390629   0.21266
0.389361   0.21388
0.390016   0.212626
0.38806   0.214611
0.388726   0.213489
0.388879   0.209039
0.39033   0.216717
0.389541   0.211501
0.388487   0.214894
0.387592   0.214236
0.389605   0.211951
0.390357   0.214321
0.389797   0.212414
0.388067   0.214258
0.390263   0.213559
0.388729   0.209482
0.389716   0.216124
0.38991   0.212393
0.387927   0.214995
0.39095   0.213598
0.389375   0.212809
0.388584   0.213371
0.389444   0.213038
0.388547   0.215104
0.387202   0.21348
0.390739   0.209002
0.388912   0.216543
0.389039   0.211861
0.390013   0.215179
0.388189   0.214203
0.388864   0.212869
0.389007   0.213195
0.388559   0.213006
***********BUSCA LOCAL**************
ANTES | DEPOIS
0.564527   0.381662
0.859927   0.194071
0.861   0.191919
0.944714   0.19005
0.564941   0.188495
0.84698   0.190235
0.953409   0.38117
0.667304   0.196493
0.851146   0.187361
0.66543   0.1888
0.853138   0.287664
0.860298   0.190524
0.856851   0.194993
0.951878   0.184884
0.468928   0.191561
0.483306   0.189549
0.472432   0.19224
0.663271   0.189884
0.663026   0.190653
0.861269   0.191294
0.479917   0.285733
1.13716   0.192967
0.473666   0.195424
0.471819   0.190781
0.666055   0.187668
0.474012   0.287085
0.567228   0.187538
0.755906   0.190353
0.758262   0.191141
0.570127   0.188745
0.752727   0.190871
0.473002   0.183108
0.472249   0.194377
0.564004   0.287271
1.03297   0.190228
0.657308   0.291421
1.04657   0.193668
0.655602   0.379355
0.760828   0.282383
0.753706   0.192189
0.860636   0.189521
0.853872   0.189029
1.14192   0.194042
0.760252   0.187762
0.571704   0.191263
1.13045   0.188438
0.667128   0.190174
0.474153   0.287796
0.665636   0.196004
0.849832   0.192357
