Tamanho    Peso
1710  56377
1698  55868
1704  55980
1687  55814
1693  55726
1706  56219
1697  55796
1695  55861
1702  55906
1704  55910
1703  56209
1702  56058
1703  56030
1699  55968
1689  55647
1703  56113
1711  55904
1709  55959
1705  55880
1691  55898
1718  56401
1710  56164
1706  55809
1703  56015
1698  55776
1690  55982
1710  55845
1718  56176
1706  56003
1698  55788
1707  56252
1699  55946
1699  55969
1689  56096
1694  55809
1708  56200
1710  56017
1699  56048
1703  56067
1694  55913
1729  56308
1704  56177
1702  55857
1691  55836
1696  55928
1698  55884
1718  56087
1688  55773
1713  56095
1690  55876

Time taken: 103
