***********CONSTRUÇÃO**************
ANTES | DEPOIS
0.218919   0.153331
0.217882   0.150147
0.222261   0.142755
0.220422   0.146888
0.220055   0.118136
0.22454   0.117536
0.217415   0.117834
0.223322   0.10875
0.223939   0.117024
0.220557   0.109224
0.220135   0.149609
0.220498   0.149786
0.220974   0.143727
0.224251   0.146909
0.220148   0.118537
0.221185   0.117526
0.218566   0.117664
0.221899   0.108571
0.224575   0.11661
0.220537   0.109296
0.221842   0.150258
0.222164   0.15073
0.223728   0.144559
0.220209   0.149092
0.224882   0.118487
0.216788   0.117467
0.223618   0.118089
0.221832   0.108413
0.224425   0.116758
0.220226   0.109425
0.221775   0.150213
0.223966   0.14942
0.220327   0.141543
0.21736   0.146859
0.221791   0.117692
0.221416   0.118142
0.219512   0.117748
0.21915   0.108514
0.220638   0.116946
0.221441   0.109056
0.22465   0.148796
0.220257   0.149974
0.219215   0.143171
0.222431   0.147314
0.22063   0.117792
0.219884   0.117718
0.218181   0.117866
0.224999   0.108561
0.217782   0.117035
0.220857   0.109391
***********BUSCA LOCAL**************
ANTES | DEPOIS
0.119237   0.231347
0.124301   0.252295
0.105075   0.191822
0.109994   0.123337
0.114746   0.129083
0.101702   0.112673
0.113334   0.127886
0.097103   0.123057
0.11356   0.120336
0.107513   0.117658
0.181164   0.11525
0.110367   0.110773
0.106758   0.122693
0.112948   0.11651
0.103909   0.124762
0.10567   0.125749
0.12182   0.128489
0.170035   0.114063
0.100813   0.121195
0.163113   0.11723
0.123523   0.174031
0.101939   0.174978
0.115545   0.173992
0.11672   0.113901
0.098381   0.118031
0.110047   0.116271
0.106227   0.124879
0.109743   0.115414
0.180809   0.135315
0.112566   0.119291
0.106627   0.178487
0.105144   0.179589
0.112811   0.119344
0.106554   0.186642
0.115909   0.113372
0.106348   0.107142
0.116506   0.118369
0.089824   0.115037
0.105563   0.126119
0.108767   0.129444
0.100326   0.162423
0.0963   0.12864
0.100468   0.118234
0.106022   0.110106
0.109544   0.119519
0.123703   0.117455
0.103295   0.11241
0.105953   0.120823
0.122555   0.114742
0.108711   0.116019
