Tamanho    Peso
1098  35729
1102  35739
1101  35797
1094  35820
1097  35651
1103  35766
1104  35750
1098  35717
1092  35735
1094  35778
1098  35615
1103  35851
1099  35738
1099  35620
1104  35689
1097  35764
1106  35667
1098  35930
1101  35705
1098  35721
1100  35573
1098  35797
1087  35705
1100  35750
1087  35686
1097  35821
1095  35594
1104  35858
1088  35885
1104  35795
1100  35752
1100  35726
1102  35690
1099  35720
1105  35908
1095  35833
1096  35632
1105  35731
1103  35881
1103  35795
1103  35668
1101  35723
1101  35818
1106  35729
1104  35856
1105  35858
1098  35709
1097  35644
1092  35785
1097  35893

Time taken: 30
