***********CONSTRUÇÃO**************
ANTES | DEPOIS
0.483067   0.297712
0.484243   0.296876
0.482637   0.293535
0.483971   0.291872
0.484112   0.293829
0.483396   0.29855
0.484435   0.292654
0.482798   0.291488
0.483659   0.291928
0.482675   0.292892
0.481563   0.295431
0.483149   0.296358
0.483463   0.2934
0.48342   0.29364
0.483212   0.294042
0.48242   0.298179
0.483606   0.293222
0.483006   0.289941
0.482563   0.293588
0.481801   0.293463
0.482877   0.296828
0.482523   0.295227
0.482914   0.293012
0.482452   0.294852
0.48235   0.294128
0.48341   0.297503
0.482391   0.292164
0.483271   0.293083
0.482901   0.292574
0.482945   0.294484
0.482709   0.297251
0.484109   0.296542
0.483285   0.293659
0.48243   0.294099
0.481966   0.293195
0.483604   0.297537
0.483892   0.292496
0.483271   0.29222
0.482511   0.293569
0.483707   0.292799
0.483734   0.295439
0.482401   0.29659
0.483628   0.293581
0.483367   0.294525
0.484584   0.29362
0.483309   0.297215
0.48471   0.292451
0.481574   0.29122
0.483002   0.291875
0.484016   0.293067
***********BUSCA LOCAL**************
ANTES | DEPOIS
0.991482   0.246991
0.861518   0.246052
1.24629   0.24812
0.989464   0.250259
0.625893   0.248944
0.611967   0.248717
0.492859   0.250371
0.497322   0.255327
0.616486   0.248414
0.49107   0.250554
1.24006   0.249751
1.10861   0.24531
0.498194   0.253336
0.737771   0.747286
0.618127   0.381143
0.488604   0.251419
0.988373   0.252812
0.985068   0.370846
0.872126   0.245677
0.982861   0.251677
1.11932   0.251919
0.491354   0.246516
0.491492   0.49786
0.867715   0.371459
0.73648   0.374512
0.865452   0.245528
0.613734   0.248779
0.619926   0.251556
0.614345   0.498
0.732948   0.247771
0.862851   0.248046
1.23735   0.249855
0.742331   0.497652
0.498188   0.246978
0.61309   0.250261
1.00019   0.250567
0.371726   0.495839
1.11641   0.61834
0.993202   0.247853
0.985082   0.49674
1.10115   0.252136
0.983316   0.247433
0.868909   0.249044
0.984611   0.494724
0.371466   0.255582
0.49667   0.246197
0.74505   0.246206
0.984615   0.496351
0.739081   0.243723
0.877109   0.246312
