***********CONSTRUÇÃO**************
ANTES | DEPOIS
0.390019   0.218486
0.390026   0.21816
0.389683   0.215516
0.389243   0.215575
0.388995   0.215663
0.388396   0.212786
0.389386   0.215589
0.389235   0.218355
0.389139   0.211257
0.390097   0.211359
0.391167   0.216866
0.387743   0.218428
0.387843   0.215761
0.388713   0.214587
0.38857   0.214597
0.388206   0.212123
0.390004   0.214716
0.389715   0.218016
0.389708   0.212105
0.388582   0.213725
0.388973   0.217795
0.389223   0.218216
0.389947   0.216902
0.390444   0.214504
0.389475   0.21345
0.388749   0.211588
0.388898   0.216213
0.390147   0.218601
0.387006   0.210986
0.38888   0.212291
0.387973   0.216999
0.38974   0.218354
0.390248   0.215952
0.390889   0.215364
0.390253   0.213778
0.389932   0.212148
0.388721   0.215331
0.389025   0.216685
0.389395   0.211089
0.389467   0.211939
0.388345   0.216737
0.390226   0.217983
0.388686   0.215654
0.389559   0.214879
0.390086   0.214048
0.3896   0.212248
0.38926   0.215148
0.389075   0.218036
0.390376   0.210981
0.388542   0.213101
***********BUSCA LOCAL**************
ANTES | DEPOIS
0.657138   0.190412
0.562922   0.186684
0.56549   0.191487
0.384907   0.188114
0.666428   0.19258
0.666482   0.191159
0.561063   0.195511
0.855448   0.188867
1.04446   0.187804
0.468542   0.191251
0.666084   0.186511
0.578665   0.194812
0.659351   0.190456
0.580425   0.186813
0.756798   0.193628
0.466714   0.19382
0.863387   0.188133
0.576862   0.191731
1.23347   0.191503
0.564974   0.193544
0.660156   0.191022
0.566512   0.284504
0.757006   0.196522
0.572329   0.281946
0.762166   0.382806
0.37765   0.191162
0.759317   0.193139
0.571341   0.189148
0.757207   0.376616
0.846075   0.189012
0.667286   0.382308
0.476305   0.38174
0.762978   0.285557
0.656548   0.383969
0.569676   0.290568
0.47925   0.196573
0.655402   0.192478
0.475134   0.194371
0.846026   0.198656
0.764416   0.192972
0.852011   0.193255
0.662668   0.191481
0.568934   0.186797
0.951694   0.193796
0.755991   0.282028
0.936581   0.19377
0.380827   0.384043
0.656887   0.281112
0.475888   0.190537
0.666282   0.18699
