Tamanho    Peso
1711  56728
1720  56550
1757  56600
1724  56394
1738  56891
1711  56552
1713  56469
1728  56401
1718  57015
1728  56361
1718  56845
1704  56702
1736  56978
1689  56883
1715  56551
1700  57186
1726  56747
1725  56735
1720  56659
1709  56575
1721  56656
1716  56361
1708  56210
1724  56563
1702  56855
1727  56161
1693  56860
1705  56766
1721  56498
1711  56692
1723  56671
1727  56507
1694  55914
1707  56584
1726  56657
1720  57140
1728  56645
1731  56403
1722  56463
1705  56440
1729  56878
1730  56521
1728  56148
1705  56430
1714  56383
1723  56430
1713  56569
1726  56443
1714  56702
1738  56798

Time taken: 221
