Tamanho    Peso
280  8208
289  8432
286  8638
291  8800
286  8329
287  8554
247  8559
249  8240
283  8413
284  8594
286  8572
285  8367
290  8536
280  8420
283  8401
285  8468
282  8475
291  8373
286  8491
294  8614
282  8356
251  8320
285  8604
289  8644
282  8266
283  8325
283  8383
292  8708
290  8516
253  8562
291  8412
285  8341
284  8522
280  8481
281  8394
288  8484
289  8730
287  8524
286  8449
285  8433
294  8494
287  8565
295  8455
276  8316
281  8527
284  8444
260  8598
285  8280
288  8454
290  8650

Time taken: 17
