Tamanho    Peso
1093  35720
1095  35677
1094  35542
1099  35635
1102  35726
1098  35791
1100  35801
1093  35663
1096  35689
1094  35604
1089  35613
1104  35799
1104  35628
1094  35661
1097  35869
1098  35708
1104  35807
1102  35806
1092  35604
1096  35645
1095  35668
1105  35819
1089  35628
1098  35734
1099  35735
1098  35621
1100  35623
1090  35634
1084  35507
1095  35747
1089  35647
1106  35852
1106  35868
1094  35673
1097  35749
1095  35668
1093  35752
1091  35716
1091  35605
1101  35635
1095  35760
1100  35740
1097  35565
1094  35566
1104  35927
1093  35632
1100  35797
1098  35661
1093  35546
1089  35640

Time taken: 29
