5242
95	3
19	1
53	5
41	2
98	1
87	1
69	2
31	1
50	1
89	46
5	9
24	5
52	7
80	1
83	1
32	2
97	1
62	3
76	1
87	2
74	1
95	1
39	2
2	2
76	2
41	1
67	1
57	4
63	3
20	1
46	1
26	7
53	1
95	1
44	4
5	4
6	1
63	3
27	2
84	4
58	2
33	2
39	1
99	2
78	2
50	1
20	14
69	1
66	1
4	4
97	1
78	1
58	2
50	2
59	2
89	5
60	3
45	3
63	12
51	15
12	1
66	4
26	3
59	1
50	1
52	2
22	1
3	1
24	3
19	1
36	4
50	4
29	1
97	1
40	1
34	1
98	3
38	1
37	5
18	2
10	1
87	3
1	2
15	10
41	7
57	1
40	1
75	5
56	2
62	3
69	2
50	2
46	2
45	4
35	4
72	1
34	1
27	1
99	1
9	1
26	2
20	2
75	5
37	1
69	3
78	1
93	1
7	1
18	1
75	1
64	1
47	18
8	1
82	8
18	6
97	14
58	3
60	8
14	1
15	2
45	18
70	2
22	4
78	36
78	3
94	1
2	1
41	13
70	1
67	6
63	14
82	1
83	1
5	9
88	2
29	3
14	1
21	2
78	1
78	2
54	1
100	1
15	7
16	1
62	1
23	2
97	1
48	19
96	1
78	1
74	1
66	2
55	5
74	2
40	2
39	10
25	1
52	1
29	12
27	1
53	3
70	3
52	1
31	1
73	5
81	4
65	1
37	1
36	2
3	2
64	3
72	1
82	2
31	3
42	1
4	6
6	1
95	5
94	5
8	3
85	2
15	1
39	2
21	1
12	1
1	5
20	5
67	4
46	1
15	1
54	9
86	2
95	2
73	1
9	13
5	2
72	6
95	1
22	1
88	3
41	21
12	2
63	1
13	2
75	2
99	1
97	8
91	1
16	3
79	1
95	2
69	8
3	2
80	1
29	14
9	1
58	2
81	1
50	2
31	2
72	2
56	2
65	2
11	1
61	1
56	1
25	2
76	3
39	1
54	5
25	2
40	13
87	1
5	1
65	3
64	8
17	2
56	11
20	1
65	1
7	8
38	1
95	1
61	3
72	1
52	3
81	9
82	3
11	3
6	1
26	3
15	3
91	2
74	2
40	33
42	4
9	2
81	4
97	2
36	1
59	1
68	4
30	3
57	2
88	1
19	1
35	1
6	1
7	2
88	3
21	3
96	1
12	1
84	1
72	1
80	3
58	3
73	3
48	1
31	6
96	1
99	7
86	2
7	2
87	1
42	3
27	1
87	8
16	2
50	1
42	2
22	1
27	1
90	3
79	5
13	8
20	2
56	1
71	1
2	1
8	2
15	1
32	1
23	3
24	9
38	1
52	5
67	1
9	1
9	2
27	2
13	1
36	1
56	4
29	7
15	1
51	12
21	2
83	6
33	4
67	2
74	3
33	1
53	1
48	1
79	1
33	2
24	1
10	8
27	1
39	1
78	1
70	2
23	7
46	2
61	3
77	2
86	2
74	5
53	2
98	1
46	1
26	1
51	2
52	1
25	2
69	3
80	1
5	1
94	1
9	2
65	5
40	1
97	1
88	1
37	1
35	2
20	4
56	5
47	4
50	3
49	1
77	2
8	3
34	1
82	1
60	1
78	7
97	1
16	1
74	1
25	8
38	2
20	4
69	1
4	2
40	1
88	2
32	5
49	16
100	1
6	1
29	1
10	3
8	1
12	1
28	1
92	1
84	7
10	2
28	1
22	1
17	4
84	1
8	14
64	4
14	3
70	1
55	1
70	3
55	1
46	3
22	2
99	1
100	1
9	1
73	2
46	1
43	1
36	13
65	2
13	1
71	3
24	2
12	1
38	1
78	2
99	1
20	5
8	3
58	1
97	1
50	1
19	1
23	1
98	1
57	1
17	6
43	1
4	5
84	1
71	4
24	2
12	4
19	5
65	4
87	1
57	5
55	1
32	3
33	4
16	2
91	1
67	4
23	1
39	37
11	3
20	2
35	2
80	3
2	5
80	1
56	1
27	4
63	10
40	4
40	1
35	13
91	1
15	1
71	1
71	4
19	2
18	2
25	1
57	1
44	3
65	4
23	1
61	1
1	1
31	2
59	2
74	1
18	15
13	1
45	1
72	2
77	3
67	1
89	1
78	1
10	1
82	1
85	6
21	1
46	1
29	2
20	4
4	2
41	1
76	11
52	3
52	12
87	20
33	1
93	1
58	5
52	1
39	19
86	1
24	3
14	2
87	3
5	1
70	2
6	1
83	3
44	9
41	3
56	1
9	1
82	1
55	2
58	3
72	1
55	1
73	6
99	1
54	19
1	1
1	9
20	2
67	3
20	1
98	1
79	2
28	2
24	1
97	2
78	1
75	2
15	4
4	1
58	2
69	1
32	1
16	2
3	8
18	2
92	2
1	1
25	2
33	34
13	1
81	31
1	1
78	5
54	37
32	1
38	2
21	7
72	1
71	2
73	19
100	1
7	1
85	2
32	51
31	1
50	1
38	1
65	2
69	3
95	3
82	1
4	4
4	2
42	5
1	7
15	2
30	3
3	2
4	1
35	2
82	1
44	1
90	1
85	2
78	2
10	1
67	7
65	1
39	2
44	2
71	4
42	3
83	1
18	1
82	12
19	3
92	1
85	3
73	2
39	1
52	1
13	1
64	1
87	2
34	3
45	19
92	1
8	3
83	2
11	1
33	1
31	1
42	4
5	1
36	7
69	1
47	1
56	1
10	1
65	2
76	1
3	23
47	3
93	1
39	2
97	2
84	3
47	3
45	1
44	1
50	1
18	1
92	1
59	1
67	3
48	1
83	3
61	1
12	13
62	2
61	3
25	2
40	1
73	1
74	1
16	3
79	1
71	1
58	1
75	1
3	1
70	1
76	1
71	3
39	1
41	2
94	1
47	2
36	1
69	1
39	5
84	5
70	1
91	3
35	8
55	1
91	1
26	30
57	3
5	1
80	1
46	1
10	2
57	12
15	1
58	2
62	1
21	3
99	6
57	1
77	1
73	22
86	4
85	1
46	11
90	14
85	1
1	3
79	3
44	2
87	3
97	2
46	3
78	1
28	6
28	6
49	2
75	2
50	1
80	1
99	4
76	23
56	6
29	3
90	1
78	2
77	1
75	2
42	2
17	2
89	1
77	13
47	13
27	1
61	1
48	6
79	3
94	3
3	1
19	2
46	3
71	8
73	1
95	1
100	2
35	23
10	7
29	4
14	3
56	6
65	7
85	3
30	2
28	3
52	1
28	2
45	1
70	12
95	1
82	10
78	2
34	1
80	2
46	4
21	5
19	2
8	1
79	2
81	3
21	3
3	6
80	3
49	1
15	1
16	3
89	7
17	11
83	11
40	1
40	1
34	33
49	1
62	21
78	2
37	2
78	2
49	7
90	14
58	1
92	1
5	3
70	1
5	1
68	2
84	1
9	3
65	1
58	1
88	1
72	2
36	5
16	3
57	3
32	10
61	1
43	7
6	3
37	4
67	1
59	4
63	3
71	1
23	1
57	2
66	3
87	1
80	2
88	2
58	2
54	1
46	1
87	1
59	3
18	1
79	1
79	3
42	1
20	1
81	1
78	1
7	9
51	2
17	2
73	1
62	1
97	2
73	1
14	1
58	1
60	1
58	1
81	3
91	1
67	2
79	1
22	1
12	3
22	1
66	11
58	1
72	3
38	1
89	5
79	3
86	2
86	2
80	1
94	2
70	1
93	2
7	4
85	1
42	5
2	1
53	3
86	3
13	1
72	1
77	13
50	1
40	8
57	4
6	1
41	1
13	1
75	1
3	1
41	5
18	1
50	2
52	8
45	1
9	14
68	1
71	2
51	2
57	2
81	1
8	1
88	1
57	5
91	3
22	1
2	1
76	1
60	2
38	1
43	1
24	1
84	1
79	3
56	1
93	3
100	3
60	1
72	1
2	1
75	2
96	3
65	4
31	1
49	1
31	3
15	3
53	1
52	2
35	2
70	7
46	3
27	1
60	15
21	33
11	1
87	1
74	4
80	1
78	1
73	4
71	2
15	1
40	1
5	1
77	1
1	2
47	2
27	1
28	1
19	3
45	2
99	1
60	2
26	8
5	1
45	2
88	7
49	3
29	1
53	2
83	1
26	1
35	4
87	2
2	2
55	1
13	2
16	3
30	1
9	16
91	8
13	25
68	6
9	1
70	20
52	1
17	1
85	1
33	17
16	1
79	1
32	2
22	8
15	1
39	2
88	3
32	5
63	1
17	2
94	1
35	1
90	11
25	3
5	1
97	1
43	1
41	2
71	2
72	2
64	1
64	2
43	1
7	1
93	12
79	1
60	8
34	1
15	1
28	5
19	3
90	4
3	11
86	8
43	1
62	19
70	3
60	1
71	2
20	4
40	1
100	6
62	2
53	1
94	2
46	4
7	1
24	2
16	4
86	1
17	8
67	1
23	1
2	3
96	1
7	2
23	20
39	2
94	1
60	11
74	1
51	4
44	1
93	2
87	1
69	1
77	6
94	20
66	1
96	1
20	3
100	1
64	1
27	1
32	2
97	3
47	1
89	1
25	3
2	25
11	1
67	2
9	2
91	1
58	1
87	1
44	1
72	4
76	8
65	6
39	1
16	1
59	2
28	2
36	4
47	1
54	4
38	1
28	1
88	4
69	31
66	4
64	1
20	1
90	1
97	2
96	4
18	6
67	2
41	1
77	3
1	3
55	2
44	2
69	2
19	4
9	2
1	8
25	25
62	1
55	2
94	3
22	2
60	3
7	3
43	2
91	1
65	1
84	1
79	2
43	6
40	1
84	2
75	1
12	2
22	1
47	1
20	5
78	1
8	1
31	1
19	4
96	2
21	1
46	3
34	9
99	3
44	6
66	3
42	2
58	1
47	1
30	1
76	1
97	3
42	1
37	1
3	2
98	4
15	6
74	1
36	4
73	2
7	1
100	1
19	2
63	1
65	4
35	2
2	1
75	2
62	15
7	1
46	1
92	2
3	2
60	1
41	1
68	4
74	1
47	8
29	2
60	1
4	1
85	3
78	3
99	1
73	1
7	2
65	2
82	3
67	1
57	1
24	1
54	3
95	1
92	2
12	1
68	1
98	2
23	4
62	3
65	4
82	2
55	4
73	2
64	2
80	1
46	1
48	2
4	1
54	1
69	2
99	1
83	8
39	6
70	3
29	3
37	1
61	1
7	7
79	1
76	7
94	2
65	1
23	1
35	1
64	4
44	21
42	2
9	2
86	4
31	2
15	1
24	1
9	1
13	3
5	3
49	4
61	2
91	1
81	1
63	3
31	1
9	2
88	4
3	1
46	3
39	1
51	1
92	13
97	6
98	3
43	1
50	1
10	3
90	4
16	1
86	4
13	2
21	1
63	4
77	1
55	5
73	2
81	5
16	2
19	1
81	1
10	1
68	1
22	1
61	1
12	1
87	1
45	4
28	2
30	1
67	2
70	2
93	3
6	3
31	3
72	1
89	2
94	19
4	2
16	1
4	12
14	3
2	3
50	2
17	4
36	1
67	1
26	2
60	2
19	3
11	10
53	1
27	3
58	2
61	2
46	1
51	1
58	1
69	6
85	1
90	1
19	3
77	6
71	8
79	1
78	1
84	1
91	1
76	2
92	3
72	8
3	1
99	2
77	1
71	3
51	1
85	2
72	4
17	3
1	2
83	35
87	5
59	1
28	1
76	2
25	3
7	2
24	32
92	1
24	1
65	22
26	1
47	3
14	7
38	1
62	1
43	3
38	1
29	1
91	1
83	1
55	1
46	1
46	1
31	1
51	1
46	3
48	8
24	5
8	1
26	3
85	1
21	2
24	1
39	6
58	1
33	2
14	1
94	19
67	1
31	2
23	1
96	1
21	10
82	1
35	1
52	1
78	2
46	5
74	7
19	4
57	1
46	1
80	1
33	20
15	1
66	4
44	13
58	1
35	4
95	3
49	6
93	2
70	6
31	12
73	1
77	4
51	2
4	2
62	2
28	1
3	1
65	5
58	3
61	4
65	12
13	1
1	1
43	3
94	2
65	1
73	17
100	1
15	7
4	2
90	2
4	3
76	1
90	1
41	3
76	1
57	3
22	1
45	2
31	3
88	1
9	1
39	1
86	8
62	27
81	1
72	1
95	2
3	1
31	3
39	14
52	1
98	1
56	5
88	1
85	1
32	1
38	1
52	1
75	1
16	3
15	2
91	22
37	1
98	7
41	1
76	2
34	4
17	3
68	4
26	3
83	2
48	2
31	2
47	1
15	5
12	1
52	1
90	1
48	10
58	2
26	2
31	1
10	2
48	1
3	15
32	3
82	1
8	2
81	6
69	14
71	1
76	4
86	2
13	1
8	1
72	2
7	3
92	1
1	2
45	4
17	1
43	3
59	4
62	3
8	1
38	2
13	11
52	1
33	1
83	15
86	2
73	1
61	12
60	2
7	1
20	6
83	1
25	1
64	1
84	2
19	2
54	1
89	1
81	3
73	3
13	1
22	1
54	1
4	2
46	1
68	3
37	4
79	1
95	1
98	2
17	2
2	1
99	2
31	22
63	1
94	1
13	1
63	2
100	1
31	6
28	2
62	8
53	5
77	5
86	3
29	1
90	1
76	2
72	8
19	2
60	1
12	4
31	1
43	2
91	5
79	1
75	1
87	1
32	23
78	1
37	5
71	1
35	3
66	5
3	2
43	1
52	2
86	1
79	2
15	2
53	18
40	22
34	3
58	11
40	2
34	3
40	1
55	8
1	6
36	1
60	3
64	2
32	1
44	2
77	1
31	1
51	1
8	10
47	2
53	1
51	1
15	2
41	2
19	2
44	5
95	6
32	3
13	1
7	1
24	8
66	1
16	1
28	4
56	2
91	1
13	1
45	1
34	1
51	3
29	1
6	3
97	1
80	1
3	2
69	1
26	1
85	1
5	1
20	2
38	2
19	1
3	1
80	1
3	2
40	40
24	1
53	1
34	2
84	3
75	1
67	2
89	18
96	15
62	1
5	1
77	1
1	2
90	3
18	14
10	1
75	10
55	3
56	5
64	3
28	2
95	2
93	1
44	4
81	6
3	2
57	1
12	1
13	1
89	2
98	2
39	3
35	2
51	1
37	1
34	2
7	2
62	4
15	3
39	1
14	2
84	1
23	2
79	7
52	1
16	2
17	9
73	3
51	6
46	3
93	47
55	1
10	1
50	2
24	7
23	4
80	1
59	2
57	2
88	1
8	1
9	13
61	2
79	2
7	4
2	2
6	1
2	2
75	2
44	3
42	3
36	1
76	1
26	1
35	10
39	1
19	1
17	3
31	3
43	8
23	2
92	2
52	1
48	5
47	1
76	1
8	2
12	1
9	3
14	1
1	3
36	1
55	1
51	4
51	4
79	1
88	1
6	2
15	1
69	3
95	1
1	4
7	2
37	2
1	1
61	2
58	1
24	3
51	2
50	2
70	2
27	2
49	1
100	5
36	1
76	14
64	2
31	3
91	14
88	1
21	1
96	1
95	2
42	1
97	2
46	3
70	1
75	1
7	5
33	8
94	1
71	5
39	1
78	2
72	6
72	1
64	1
74	3
38	2
55	3
58	7
51	3
76	1
97	2
52	2
24	2
93	1
54	2
99	1
13	3
100	1
66	4
3	1
73	3
54	2
77	1
78	1
89	1
4	1
87	4
71	2
4	1
7	1
98	1
91	10
80	2
98	1
57	1
88	1
43	3
59	1
55	1
97	4
93	3
32	1
59	2
44	2
69	2
22	1
59	2
28	1
6	1
87	5
76	2
94	7
66	5
88	1
40	1
14	1
88	4
14	2
51	3
60	1
58	2
37	2
46	7
6	1
40	1
65	1
65	2
36	1
62	1
1	1
10	1
36	2
64	3
44	6
57	2
85	1
36	6
82	1
36	1
84	3
31	5
41	1
9	2
29	4
50	1
74	2
48	1
8	1
9	1
28	1
6	1
79	8
84	1
74	2
99	20
97	1
8	3
77	1
64	1
38	1
38	1
24	1
24	1
99	1
34	12
97	7
38	1
83	1
38	2
44	4
64	1
18	1
29	7
39	2
2	6
57	3
90	4
76	3
15	1
45	1
1	1
90	1
71	2
15	1
80	1
96	19
51	1
66	1
10	3
23	2
83	4
3	1
63	1
37	3
56	1
28	1
25	8
98	1
93	1
54	4
22	1
18	2
18	4
55	27
90	2
43	1
8	4
96	1
26	15
51	1
64	4
41	3
47	10
86	2
54	1
62	1
44	4
51	4
66	2
41	5
33	6
79	1
79	1
67	1
9	1
41	1
47	3
63	2
23	2
84	2
43	3
55	2
29	2
47	1
13	1
53	1
21	1
89	3
9	1
59	1
24	1
41	6
84	1
67	1
7	1
86	3
100	11
35	2
48	1
25	2
72	2
9	1
61	1
47	4
56	15
38	1
7	1
52	1
86	1
49	3
21	2
41	2
78	5
3	4
7	2
89	7
8	1
74	1
49	4
89	4
76	1
86	1
56	1
24	2
8	1
85	1
10	3
3	1
51	1
15	15
83	1
39	1
51	3
10	2
83	1
55	1
28	5
43	33
82	5
76	1
94	1
20	5
84	2
93	6
78	12
94	2
62	2
54	1
47	1
64	4
65	1
90	6
14	1
27	1
55	1
35	2
61	32
3	1
27	11
33	3
54	1
68	1
62	2
80	1
36	2
89	3
16	1
96	2
14	2
24	7
75	4
68	1
16	3
82	24
68	5
50	14
92	2
89	1
90	3
12	2
14	1
81	10
82	1
10	1
50	3
15	2
96	17
59	3
55	1
57	1
58	2
47	12
75	1
5	2
6	2
45	2
68	67
52	9
1	9
96	1
98	1
75	1
95	1
8	1
29	1
74	15
22	1
39	1
7	9
16	1
12	5
35	1
85	1
80	8
51	1
87	1
36	1
45	1
50	5
30	6
19	9
16	1
75	1
41	1
50	1
98	4
16	3
91	4
74	1
88	2
96	1
23	1
39	1
64	1
70	2
18	1
48	1
81	1
91	1
7	3
28	4
100	1
92	1
46	4
12	5
88	3
60	4
42	2
29	3
38	10
50	6
38	1
91	1
71	10
42	7
73	1
85	1
16	1
67	4
92	2
95	1
37	1
92	4
3	1
84	2
22	1
98	1
82	1
81	1
74	14
84	1
95	1
22	3
47	1
24	2
66	5
68	6
75	2
32	4
83	3
21	5
100	29
15	1
10	1
88	1
20	1
81	1
91	3
77	2
42	9
75	1
21	3
60	2
5	3
23	2
58	1
91	1
13	1
93	5
3	2
9	1
51	2
41	1
94	3
29	1
20	1
41	6
49	5
38	1
96	2
40	1
55	1
14	3
39	1
44	2
38	5
20	1
92	1
80	4
32	2
20	2
63	1
94	1
17	1
63	1
42	2
68	1
37	2
66	1
91	3
72	2
13	4
67	1
2	5
42	1
5	1
35	1
25	7
29	1
10	5
56	4
50	2
99	1
56	6
64	2
26	4
25	2
78	1
94	1
40	2
16	1
48	1
15	1
82	1
17	1
91	2
95	2
47	2
77	1
61	22
52	4
27	7
76	9
71	1
88	1
56	3
59	1
5	1
78	9
72	3
30	2
70	2
53	4
20	2
22	1
25	1
18	1
6	2
7	1
14	1
90	2
49	1
23	3
25	2
91	2
50	1
10	3
95	3
38	1
95	1
47	2
37	1
21	2
9	2
69	1
25	1
42	2
58	1
78	6
67	2
78	4
40	6
86	1
52	9
100	6
35	2
68	2
62	1
16	9
20	1
43	1
94	1
21	4
51	2
85	2
69	3
85	2
52	8
46	2
97	1
1	3
95	2
5	1
61	2
77	3
56	1
27	1
54	1
4	5
48	2
72	1
54	1
28	2
30	2
13	1
22	1
9	1
85	1
23	1
85	1
76	3
21	4
44	1
1	1
81	1
40	4
21	4
12	5
2	2
73	6
70	2
31	3
61	3
43	3
60	1
85	1
22	3
89	3
82	1
16	1
94	2
65	2
4	6
13	4
20	22
23	6
82	2
19	1
67	2
76	1
43	8
65	2
16	6
33	1
46	16
10	4
7	15
56	1
54	2
66	1
57	2
15	2
40	1
32	7
98	1
36	2
19	1
56	2
57	2
83	8
87	2
45	1
19	3
54	1
20	14
45	2
59	1
15	1
96	1
61	13
5	3
32	1
100	2
62	3
26	6
61	4
36	1
57	1
57	2
78	1
34	1
52	1
85	2
94	3
16	2
72	1
54	1
47	7
42	1
60	4
4	2
31	4
77	3
97	1
50	1
8	2
47	1
26	2
29	1
10	5
77	2
16	1
36	2
82	3
22	4
47	1
65	1
15	2
17	1
73	1
36	6
100	4
43	1
13	4
48	19
67	1
7	9
54	1
48	1
22	1
80	3
97	12
98	3
36	4
26	5
31	1
92	1
95	1
58	11
9	2
34	2
30	4
61	2
34	1
22	1
32	1
27	1
97	1
43	4
89	1
44	1
32	3
52	5
73	1
86	1
67	3
8	16
58	2
82	1
28	1
2	1
9	1
91	1
56	1
41	1
4	2
67	1
71	1
62	2
31	3
76	1
65	1
44	3
51	1
69	1
33	3
94	1
49	1
97	1
69	2
100	1
26	8
7	1
87	4
43	1
18	2
14	1
100	2
8	1
87	3
85	2
97	1
11	3
13	5
1	1
100	1
53	2
17	1
73	1
83	3
72	1
32	5
34	2
47	1
37	1
20	2
55	5
2	8
64	1
27	5
95	4
63	11
51	1
62	1
34	1
89	2
95	1
42	12
7	2
24	2
76	1
68	3
62	5
98	2
35	3
41	3
51	1
80	2
34	2
76	1
88	3
24	2
36	5
66	1
57	2
36	10
36	6
14	3
24	5
27	1
35	1
39	1
22	1
38	4
11	1
74	1
76	3
85	9
66	3
4	2
39	1
40	1
27	3
70	2
17	1
2	1
67	3
65	5
42	3
41	2
46	1
74	1
28	2
32	3
40	11
46	1
72	1
69	16
31	2
25	2
71	1
25	3
97	4
92	2
24	2
38	2
36	1
68	4
34	4
58	2
80	1
37	15
40	3
100	15
95	5
20	4
1	8
6	1
34	7
87	9
33	4
30	36
87	2
83	5
48	1
96	8
95	2
29	16
89	1
55	6
51	1
52	4
18	1
47	9
57	6
12	6
61	1
9	1
41	1
19	1
35	2
14	1
98	1
62	9
21	3
20	2
41	3
21	1
31	1
13	1
4	1
80	4
68	5
63	4
83	1
96	1
46	9
97	1
55	3
80	2
77	10
98	3
22	3
79	1
90	2
92	1
67	1
61	1
11	1
95	1
7	1
65	4
3	3
99	5
22	6
37	8
29	5
18	5
56	3
3	1
40	1
94	1
16	1
92	1
28	2
74	49
28	2
37	2
50	2
43	1
65	1
72	1
17	3
43	2
38	2
21	12
42	1
34	4
19	1
35	2
63	1
83	1
98	1
24	1
58	1
70	4
97	7
66	17
83	1
88	13
57	4
100	4
25	7
8	1
10	5
92	1
2	5
14	1
45	4
99	1
55	2
75	1
61	1
67	4
100	2
66	1
18	1
7	1
2	3
89	1
7	3
87	6
58	3
12	1
89	8
7	10
29	3
97	1
72	3
84	1
73	4
32	2
18	3
35	2
55	1
82	3
7	1
73	1
20	4
69	8
45	15
55	5
7	2
15	1
18	1
5	2
51	2
31	2
77	1
87	1
92	1
44	4
40	2
13	8
52	4
19	1
7	13
73	2
29	1
95	3
37	2
88	8
87	3
55	10
87	1
46	2
65	1
28	1
8	1
15	5
73	7
59	1
10	2
44	5
70	10
36	2
89	6
44	1
44	25
41	1
44	1
61	2
78	1
64	2
32	2
48	1
14	1
88	2
41	16
61	1
73	4
67	2
70	1
39	10
60	4
96	3
17	1
15	1
47	6
83	2
59	1
35	5
92	1
95	1
4	2
45	3
3	3
40	1
73	1
38	2
9	1
91	1
92	5
22	1
86	1
68	1
91	4
67	2
75	1
18	2
69	1
58	1
25	2
47	1
27	5
84	2
20	1
63	1
30	3
1	1
45	1
10	7
22	1
68	9
90	1
26	1
99	10
32	2
33	12
71	1
18	7
98	1
80	1
52	2
100	4
76	4
72	3
30	1
13	43
88	2
34	1
11	6
1	4
6	1
77	1
95	8
34	2
35	4
56	3
21	3
90	1
99	2
85	1
53	3
77	2
51	3
58	1
94	3
7	6
94	2
79	1
81	3
84	4
24	2
53	3
93	1
44	3
3	11
23	4
77	1
100	1
13	1
39	1
18	7
10	3
84	1
50	9
52	2
83	1
23	1
23	1
29	2
10	1
46	2
91	4
35	1
100	34
50	1
57	1
40	1
29	2
58	3
39	2
15	3
83	1
7	1
4	8
24	1
71	1
49	11
95	1
54	1
34	1
36	7
21	2
60	3
50	1
30	7
25	15
60	1
81	3
64	20
5	4
1	1
12	2
91	15
84	2
51	1
50	1
59	5
65	2
70	4
34	4
53	7
95	2
68	18
34	1
63	1
74	1
17	1
12	1
90	3
3	14
64	9
83	10
74	2
91	15
13	1
46	1
85	1
33	1
19	1
88	2
55	1
44	1
98	23
82	1
54	1
83	4
87	2
91	1
12	2
7	2
9	1
92	2
44	1
50	1
41	3
95	26
1	3
70	3
97	2
89	1
34	6
71	3
36	3
84	1
95	3
74	4
94	3
100	1
41	12
51	1
89	1
28	20
87	5
39	2
48	1
37	1
50	34
6	9
20	1
35	4
31	6
69	1
24	1
12	1
69	3
97	1
12	1
98	1
21	8
33	1
67	1
2	1
27	1
52	9
99	3
60	2
97	1
4	6
100	1
36	8
30	5
28	3
56	1
38	1
18	4
96	2
42	4
4	1
59	1
15	1
45	48
38	6
58	11
13	1
57	9
28	5
32	1
30	3
36	1
67	11
41	1
41	2
15	2
50	2
50	2
30	11
42	22
87	1
61	1
7	3
99	2
6	2
44	1
21	1
53	4
36	3
53	1
27	11
19	1
39	1
44	1
66	6
40	1
35	2
3	1
68	16
30	1
35	1
59	1
4	2
94	1
8	2
19	1
64	1
61	2
10	1
23	1
88	1
27	2
13	2
66	1
33	2
4	3
20	4
75	6
76	4
18	4
66	1
16	1
26	1
83	1
32	1
9	1
70	1
45	3
67	1
13	5
9	2
67	6
81	1
55	1
60	3
91	2
60	1
58	3
87	2
19	4
1	5
89	2
66	2
56	1
48	5
84	1
88	3
36	2
94	2
28	2
65	1
82	1
29	1
9	2
82	2
32	1
59	1
4	1
6	1
60	9
30	1
8	1
96	1
89	1
36	1
94	1
86	1
77	11
65	5
28	21
64	7
28	1
84	1
50	1
93	1
93	4
4	2
91	1
47	3
40	11
46	10
86	1
7	4
49	20
99	1
16	1
40	1
88	7
77	3
63	1
97	4
43	1
58	3
51	1
15	6
42	1
22	6
95	2
41	1
50	2
24	1
52	1
12	1
37	1
27	2
61	1
57	44
75	1
87	2
74	1
14	1
64	1
93	1
66	3
54	7
23	1
84	5
91	7
17	1
86	3
29	1
19	3
100	1
54	15
18	1
90	7
93	1
70	1
64	1
22	5
2	1
97	4
75	1
35	2
17	5
86	2
70	1
85	22
49	5
59	2
17	2
100	1
53	1
98	9
56	2
36	2
68	2
45	1
70	2
84	1
50	2
82	1
25	1
92	2
56	1
90	1
1	4
84	2
10	6
73	25
53	5
73	1
40	2
65	1
99	2
47	1
69	4
19	5
98	2
70	1
11	1
28	2
1	1
17	2
45	2
27	1
49	3
20	22
20	4
2	2
83	1
18	4
80	1
49	1
98	1
82	2
81	5
72	3
73	1
95	4
28	1
65	5
71	1
17	2
19	2
60	1
17	1
4	1
65	1
26	1
74	3
23	3
20	2
87	1
33	2
8	1
1	2
40	6
7	3
65	2
77	1
78	2
4	2
42	9
37	1
35	1
77	2
63	3
2	1
88	1
81	3
97	2
71	1
8	1
44	2
2	2
99	1
66	1
12	4
74	1
77	2
9	2
64	5
1	1
24	1
2	2
88	2
89	1
39	5
35	1
19	2
54	1
19	1
70	4
81	1
81	1
3	6
14	2
12	2
35	1
54	3
90	1
39	1
51	1
73	1
62	1
25	1
59	1
38	6
77	1
76	1
79	2
98	10
96	8
58	1
47	7
71	5
4	1
18	1
89	2
90	1
33	2
17	1
62	6
24	1
77	1
99	1
28	1
99	3
9	2
6	4
66	3
96	2
36	1
26	1
7	4
25	1
34	4
35	2
100	3
36	1
8	4
82	3
35	3
10	4
35	3
2	1
90	1
73	4
14	7
4	4
18	4
11	1
74	1
49	1
54	1
100	3
74	1
100	1
61	2
3	7
24	1
99	1
53	2
94	1
74	3
85	1
77	7
45	2
92	2
26	7
32	1
10	1
58	5
13	1
70	2
16	3
71	7
61	1
90	1
40	6
3	3
57	1
71	3
81	1
97	8
8	3
83	1
33	2
78	5
61	1
64	1
43	4
94	2
8	1
57	3
49	3
71	1
89	5
57	1
55	1
79	1
33	1
31	1
52	1
14	2
58	1
39	2
63	2
54	3
19	3
69	1
72	2
24	1
32	1
33	2
37	1
100	1
23	6
38	2
41	1
37	9
32	1
1	4
64	1
17	1
16	1
1	1
76	3
51	3
61	3
44	12
94	1
18	3
76	1
94	3
9	2
17	2
10	1
87	1
23	3
6	3
39	3
28	1
87	1
24	1
14	1
43	4
14	1
27	9
18	2
61	1
3	3
19	5
98	2
40	1
59	2
13	1
55	7
67	8
23	1
87	14
61	1
46	2
45	3
68	5
45	1
41	1
9	11
14	1
15	2
30	1
49	1
73	1
35	1
96	4
81	2
96	1
68	3
67	2
13	9
26	2
66	1
7	1
28	6
32	1
24	4
66	1
56	1
80	1
29	2
50	3
61	1
50	1
85	4
44	2
54	1
58	1
39	4
92	1
88	1
60	1
37	4
88	5
15	2
85	3
45	2
4	2
30	2
37	1
73	2
63	4
53	3
44	1
89	1
8	1
10	1
91	3
96	2
41	5
48	2
57	1
58	1
50	1
65	3
53	2
70	1
62	1
39	1
64	1
92	2
59	1
42	3
3	1
79	1
98	1
68	2
70	1
67	14
64	1
9	1
20	1
34	1
51	1
90	1
55	2
88	4
85	11
14	2
17	13
82	2
21	1
73	2
25	3
13	1
21	1
7	1
2	1
77	1
69	7
69	2
98	1
88	19
37	2
73	3
96	1
72	2
54	1
10	2
34	2
70	3
47	2
50	1
20	1
4	2
43	6
15	1
33	1
77	4
6	1
26	3
54	1
20	1
92	4
89	2
4	1
83	1
37	1
2	4
57	18
48	1
82	3
42	6
67	1
86	2
19	2
24	1
8	2
83	2
25	2
76	1
32	2
29	28
41	4
76	5
40	9
99	18
89	7
38	4
10	5
27	3
86	3
51	1
46	21
97	1
7	10
49	2
34	2
6	4
59	2
75	3
8	2
22	3
17	1
4	7
86	2
5	2
84	4
16	5
92	1
2	2
88	3
36	1
79	1
98	1
77	5
39	4
49	1
85	1
71	27
42	2
73	1
78	20
52	1
89	2
9	1
93	8
92	3
20	1
24	1
11	1
41	2
36	3
60	1
57	4
11	1
89	6
95	1
92	1
64	1
41	2
74	2
72	1
64	2
87	1
60	11
39	1
97	1
93	1
98	1
90	2
99	1
95	1
49	1
44	1
70	2
87	4
21	5
8	3
1	2
23	1
43	1
64	1
86	1
100	1
58	1
95	1
23	4
53	2
79	9
86	2
32	2
90	1
82	4
87	7
96	1
94	1
73	2
81	1
65	3
45	2
25	1
30	7
32	1
70	1
30	2
57	2
79	1
12	16
47	1
94	1
11	2
84	1
44	3
93	10
100	1
82	1
80	10
22	3
96	1
72	15
50	1
85	2
78	1
92	1
98	1
70	1
72	3
90	1
20	2
27	1
72	1
94	4
70	1
14	1
58	17
42	1
65	4
39	1
26	2
69	2
67	15
30	2
42	2
57	4
53	2
80	1
90	4
27	26
41	3
80	4
24	1
9	1
50	1
33	1
28	3
49	1
91	2
85	2
1	5
46	8
76	1
29	1
2	1
80	1
94	2
44	2
31	5
61	2
50	4
11	3
46	1
75	3
41	9
73	1
4	1
45	1
46	11
47	1
79	4
41	2
36	1
45	1
87	2
2	1
49	1
69	1
22	11
83	7
6	1
6	1
24	9
39	1
27	1
68	1
15	30
81	1
96	2
20	13
81	1
74	1
84	1
76	7
37	1
71	1
16	9
2	1
78	1
11	1
28	1
62	11
43	2
96	2
19	1
76	1
39	1
80	1
43	2
30	1
64	7
72	2
76	1
21	1
16	5
9	1
14	4
89	5
12	2
97	2
2	1
32	1
22	1
65	1
18	2
95	3
46	2
64	2
43	1
78	1
68	1
5	2
56	1
40	2
33	1
100	1
60	1
26	3
42	1
49	1
37	3
93	5
12	2
7	7
92	2
16	1
69	3
43	3
17	2
42	14
22	3
36	1
72	1
66	3
55	2
76	2
60	3
77	1
76	1
29	1
18	1
78	8
15	6
62	2
58	1
33	7
96	1
63	28
32	4
83	2
45	1
81	3
78	2
79	1
43	33
72	1
50	5
98	1
72	4
95	1
13	1
59	4
98	1
26	4
53	5
20	1
71	1
53	1
61	2
53	3
89	1
67	8
76	3
2	2
74	16
80	15
27	1
94	11
63	4
5	4
31	1
17	3
76	1
1	1
4	4
42	1
32	2
30	2
23	4
57	1
30	4
34	4
30	2
84	1
49	4
11	1
16	8
84	1
48	1
82	4
92	1
94	1
35	1
33	1
57	2
57	1
29	3
98	5
20	3
2	1
73	5
51	2
91	1
82	1
22	5
92	1
37	2
88	5
12	1
32	1
62	6
10	3
29	2
100	1
40	2
67	1
16	1
51	2
56	6
47	4
46	1
94	2
27	1
57	3
6	1
9	1
75	1
60	1
78	1
2	3
63	1
81	1
90	8
36	1
67	1
77	1
24	1
98	3
56	1
91	1
42	1
79	1
22	2
23	1
53	1
67	1
97	3
97	2
30	2
86	5
19	4
59	2
84	3
44	7
63	3
51	2
85	1
76	1
71	2
8	1
27	1
89	1
73	2
64	2
70	6
1	62
62	4
81	1
20	1
36	4
62	3
41	3
19	1
56	26
19	1
63	1
89	1
23	1
41	1
67	1
86	2
1	2
31	1
48	1
9	1
87	2
74	6
19	2
95	1
85	2
89	1
61	1
2	1
90	1
20	6
55	2
28	1
56	3
40	2
11	3
90	1
69	6
75	1
7	1
13	1
86	1
89	1
29	3
81	6
36	3
79	1
57	1
97	9
67	1
67	1
35	1
25	1
71	1
42	1
72	13
19	1
6	2
56	3
1	2
56	4
36	1
79	2
91	1
56	3
63	1
85	24
82	1
4	1
12	38
80	7
2	3
92	17
8	11
44	3
83	1
97	3
85	2
62	3
53	2
36	9
43	3
64	1
33	1
27	1
15	1
79	3
7	1
74	2
69	5
23	1
68	1
72	1
45	3
32	2
55	1
64	1
91	1
25	3
97	2
71	1
61	23
78	1
71	20
33	1
19	4
41	2
77	2
39	1
97	1
22	1
88	3
100	1
15	1
54	1
78	1
25	1
25	5
9	2
4	1
85	1
100	1
8	1
88	6
1	8
19	1
87	1
10	2
37	2
13	4
38	1
17	13
32	24
67	1
39	2
85	2
43	1
51	4
63	13
100	2
75	1
88	4
77	1
51	1
24	1
6	1
57	1
26	4
67	2
80	1
65	1
80	1
99	8
10	6
20	1
28	1
31	2
7	2
64	1
23	1
71	3
100	1
54	2
68	1
21	12
76	1
15	2
45	7
37	7
78	1
66	4
2	2
21	9
55	2
64	2
71	2
57	2
13	3
100	2
33	2
79	2
57	1
67	7
57	1
58	2
11	1
40	4
72	2
71	2
95	2
55	2
71	1
92	3
25	1
63	3
14	2
70	1
37	20
75	2
91	1
32	3
8	1
16	1
34	1
56	8
23	5
49	1
74	1
76	4
82	5
59	1
35	2
18	1
64	2
17	1
28	2
58	1
22	2
13	1
10	1
86	1
31	2
76	10
74	4
5	1
46	3
3	1
43	1
3	3
15	2
63	3
70	3
29	5
44	1
97	2
14	1
88	23
69	2
99	2
19	2
49	31
18	2
95	1
26	1
18	1
72	1
35	1
52	14
36	3
56	11
100	1
67	1
64	2
3	1
28	2
17	1
88	1
83	2
46	1
83	1
1	2
48	1
48	20
49	2
46	1
67	1
77	25
37	39
71	3
6	6
11	1
31	1
60	8
31	1
73	3
72	1
20	19
59	1
22	1
53	2
16	1
68	2
56	2
36	1
42	3
29	3
15	3
1	9
23	1
83	1
49	6
20	2
77	1
90	19
90	10
20	1
13	3
52	3
43	1
99	1
81	1
40	19
89	1
73	2
28	2
10	3
12	1
47	1
12	2
41	1
77	1
61	1
52	6
14	1
51	6
30	14
42	3
30	2
14	12
44	1
60	1
68	2
35	3
63	2
49	2
50	1
67	1
18	6
73	1
12	1
46	1
58	5
14	3
20	1
92	1
19	3
69	1
78	2
51	1
100	1
46	1
28	1
62	46
30	1
80	1
9	1
34	1
64	1
57	1
78	1
98	6
3	2
86	2
20	6
71	4
39	11
71	4
81	1
14	6
18	1
3	1
70	1
44	1
34	1
19	1
1	2
11	1
86	1
87	1
83	1
28	1
77	1
90	4
30	1
19	2
100	1
25	2
8	2
5	23
72	2
56	2
44	2
79	1
61	1
34	1
77	1
68	2
12	2
14	1
64	2
92	2
52	70
84	8
87	1
4	1
64	1
82	1
76	1
35	4
28	1
30	1
34	1
62	1
58	1
89	1
59	3
84	1
99	5
73	2
8	2
96	2
86	3
29	4
41	19
48	1
87	5
76	1
78	2
68	1
64	1
7	1
40	6
83	3
10	1
28	8
82	1
39	5
3	3
27	1
33	3
15	6
55	5
91	1
27	11
18	1
19	2
63	2
66	2
52	7
100	1
43	1
57	1
100	1
51	2
54	2
4	1
7	1
10	2
41	1
59	2
29	1
85	1
91	1
35	1
77	1
25	1
67	1
52	1
92	2
43	7
90	3
17	2
7	1
96	6
13	1
8	1
35	1
31	1
95	1
71	1
3	2
42	6
27	2
86	1
52	1
68	1
78	1
40	4
62	1
83	3
93	2
67	1
35	1
56	1
66	2
3	3
72	3
89	1
42	1
21	1
7	3
85	2
23	8
20	1
10	6
10	2
45	3
82	2
24	1
11	3
15	6
58	1
9	2
36	6
72	3
42	1
95	2
62	2
1	2
1	1
87	1
65	2
37	3
13	2
34	3
50	2
40	4
86	19
56	8
98	1
29	1
5	7
69	3
40	1
3	1
83	4
54	1
72	2
96	1
51	5
11	1
81	4
62	2
97	1
39	10
96	9
89	1
41	1
22	1
81	5
77	1
65	1
14	5
20	1
23	3
43	4
25	1
34	3
41	6
55	1
28	4
97	6
54	3
76	1
21	2
51	1
72	2
79	1
2	1
98	2
72	2
9	1
15	6
34	1
25	19
85	3
41	8
72	1
21	1
22	3
55	1
42	3
91	3
15	2
18	1
68	2
4	1
36	7
71	1
76	1
60	1
98	2
44	1
47	8
20	4
9	2
95	1
4	1
22	5
29	1
81	1
31	4
76	3
57	1
39	2
40	4
95	3
3	10
62	7
6	33
72	1
59	1
68	2
3	9
83	1
32	1
30	1
51	3
33	2
3	1
43	1
73	1
36	1
79	5
75	1
30	2
53	2
64	8
1	3
14	2
100	1
97	1
59	3
38	1
58	1
14	3
35	20
88	2
13	2
66	1
53	3
37	3
86	6
78	2
69	1
20	2
87	4
100	3
19	2
88	31
78	1
79	1
39	14
33	1
36	1
41	2
97	1
46	4
80	2
20	15
65	2
19	11
11	1
48	1
8	1
9	4
88	1
100	4
6	2
28	2
81	5
81	1
49	28
11	1
52	1
28	2
20	2
71	3
69	1
12	1
53	2
64	4
59	3
18	1
98	1
9	1
18	2
7	1
19	1
46	17
98	3
90	2
24	1
99	8
77	2
71	1
34	1
74	1
100	4
60	1
40	1
26	2
60	13
23	6
52	5
52	2
45	9
18	1
100	3
63	2
30	2
9	3
70	1
58	2
25	3
17	4
36	3
73	1
78	1
77	2
66	36
78	1
68	2
30	1
15	1
95	3
77	1
10	3
37	2
15	11
88	1
28	1
78	1
22	4
98	1
84	3
26	2
74	3
12	2
12	2
47	2
73	3
61	1
70	2
53	1
13	1
19	2
14	1
44	8
3	4
86	1
56	1
3	1
56	1
84	5
92	1
77	6
5	1
98	3
37	1
62	2
41	2
93	4
80	9
42	17
28	1
23	1
89	1
16	1
40	1
64	3
81	3
47	2
81	1
11	1
46	1
18	3
55	3
45	3
49	2
19	4
16	4
63	2
67	4
100	1
29	2
40	1
7	2
98	2
83	1
55	1
83	8
18	1
85	18
23	6
51	1
13	1
82	1
74	1
53	1
57	4
40	4
94	1
87	1
36	3
2	3
100	3
66	1
73	2
83	9
87	1
39	1
3	3
73	1
72	26
1	4
11	1
29	2
41	2
47	11
83	2
17	1
84	1
3	2
36	1
6	1
23	1
24	4
16	1
5	4
25	4
68	13
48	1
43	4
10	1
15	1
40	3
77	1
17	3
82	2
69	2
77	1
83	1
67	1
47	3
85	3
27	6
10	2
99	1
13	4
44	5
55	1
10	4
58	4
15	6
29	8
30	3
73	13
56	1
62	1
14	2
77	2
2	3
66	3
42	7
12	14
9	1
69	2
1	1
95	1
69	1
49	1
31	1
14	5
64	1
39	8
73	1
68	1
6	10
77	1
67	1
84	8
6	1
44	2
82	1
73	1
64	2
52	5
46	2
79	2
92	1
89	1
88	2
41	2
45	3
92	6
57	1
37	1
31	4
72	4
69	2
13	2
68	1
77	1
34	3
25	1
75	1
93	1
73	1
7	1
2	5
27	3
77	3
24	1
94	1
70	1
90	9
97	2
50	2
74	1
79	3
60	1
63	1
67	8
36	1
51	1
27	5
100	1
43	3
13	3
70	2
53	2
16	1
20	1
73	2
100	7
44	1
56	3
62	3
93	13
51	1
38	1
24	2
84	4
64	2
58	7
30	1
95	2
11	6
14	1
12	1
34	5
23	1
12	5
14	4
84	4
99	1
94	3
14	16
91	2
25	7
61	3
10	4
3	1
74	1
2	4
32	1
39	1
75	1
93	2
54	1
5	1
2	1
25	2
74	2
44	1
15	1
57	2
63	2
95	1
79	2
20	2
83	3
20	2
60	3
49	1
40	1
16	2
2	3
60	4
58	1
78	1
10	4
99	2
96	1
8	1
41	2
88	2
37	1
35	7
70	4
12	2
40	1
2	7
70	4
21	1
67	20
3	3
35	1
49	2
98	1
8	14
35	1
16	7
5	4
71	3
38	9
83	7
61	3
74	1
49	1
62	4
95	1
92	1
69	1
63	2
99	1
8	1
68	3
9	32
78	1
45	3
13	33
47	6
68	1
56	1
14	2
83	1
84	1
41	22
17	5
23	1
76	4
1	2
9	1
14	1
91	2
4	2
42	4
29	1
71	1
76	1
4	4
96	6
84	1
43	15
43	17
16	2
99	3
61	8
28	3
45	4
89	6
21	2
98	6
90	21
36	4
56	1
23	1
78	1
91	1
7	1
37	1
4	9
41	3
93	1
94	8
85	18
37	2
63	13
58	1
6	2
69	2
84	5
63	7
49	1
85	3
91	3
80	7
59	2
13	4
39	1
92	2
40	6
85	14
65	5
58	3
87	2
34	1
69	1
35	7
54	1
76	1
43	4
41	1
27	1
4	15
11	10
44	2
26	7
57	7
22	2
64	2
92	1
82	11
45	1
28	1
39	8
93	3
10	3
34	1
38	2
4	1
35	7
2	10
79	22
6	5
76	1
12	1
69	1
78	1
65	2
15	1
8	2
89	2
92	1
4	2
63	1
81	3
10	1
13	2
44	1
40	1
38	1
37	1
48	2
23	11
70	1
19	12
97	5
45	1
81	5
21	1
11	1
43	1
34	2
8	1
24	2
47	1
2	1
71	1
96	2
65	1
82	1
94	2
42	2
18	3
90	1
68	11
42	4
72	10
17	3
4	3
78	1
5	2
85	32
32	3
19	2
49	6
79	4
30	1
85	2
45	1
88	1
78	1
73	9
56	2
79	1
33	3
12	4
40	3
63	3
28	1
67	2
85	2
22	5
68	1
65	2
84	1
27	1
33	7
61	1
92	7
50	1
47	2
64	1
9	2
9	2
10	3
16	1
23	3
61	1
43	2
5	1
29	1
38	1
81	1
53	2
88	8
99	5
68	2
24	2
91	4
16	2
58	1
99	3
67	10
21	1
35	1
86	7
7	5
29	3
72	3
11	1
87	2
98	2
71	2
34	1
57	1
14	5
79	1
98	4
22	5
6	2
95	2
23	1
66	1
40	2
36	1
100	1
60	4
80	1
74	1
95	1
61	2
47	2
23	1
35	1
62	2
56	4
83	1
60	6
33	2
88	3
2	1
93	2
40	1
94	30
36	5
94	5
52	2
38	5
36	1
22	3
16	1
56	1
59	1
49	2
67	1
62	1
28	1
80	2
30	1
32	1
17	1
17	1
17	1
95	1
82	1
1	4
49	2
47	1
76	2
1	3
84	1
61	1
19	3
29	2
16	10
69	1
37	5
53	1
90	3
57	1
18	4
21	2
66	1
24	1
14	1
34	1
89	1
11	4
37	2
59	2
51	4
88	9
63	2
92	1
90	2
28	2
5	5
77	2
66	2
14	1
28	2
80	9
44	33
28	1
34	1
36	3
17	2
23	3
15	3
35	9
61	2
15	2
9	2
39	2
92	1
58	1
3	3
87	2
83	1
30	2
4	4
52	1
40	1
50	2
87	1
9	1
46	1
16	2
15	2
85	3
11	3
28	2
82	5
15	1
32	5
32	1
13	4
