5242
79	1
48	1
46	2
46	3
54	1
63	2
83	4
39	1
99	1
79	38
43	4
94	1
42	1
54	1
90	1
82	1
58	1
90	1
68	2
47	1
89	1
24	1
6	31
96	2
35	2
81	2
46	1
47	2
24	3
71	1
86	1
33	4
85	1
99	2
60	4
24	1
5	4
23	4
13	2
69	2
91	1
23	1
74	2
27	6
21	3
14	1
52	13
2	2
71	2
39	4
48	3
30	1
66	3
18	2
21	2
25	12
87	4
51	4
20	7
13	17
25	1
51	3
24	4
16	2
55	1
77	2
73	1
57	3
62	2
67	1
12	4
45	7
42	2
13	1
76	1
5	1
52	3
81	1
58	5
69	2
54	1
65	1
55	2
67	12
95	8
97	2
76	2
55	15
41	1
34	4
45	2
68	1
45	4
22	5
48	2
66	1
39	1
31	1
51	1
60	1
82	2
3	3
2	4
78	1
29	2
9	1
53	1
72	1
28	2
50	1
87	1
80	7
97	1
70	8
58	8
44	14
38	4
1	3
8	1
32	2
93	8
12	2
20	5
93	19
27	4
26	2
61	2
91	1
18	1
55	6
93	11
19	1
1	4
20	19
48	2
47	3
43	1
36	6
92	1
61	2
74	1
83	1
43	6
42	1
37	1
40	2
50	1
11	38
28	2
9	3
33	1
67	1
16	9
36	2
82	1
29	12
35	1
40	1
88	4
41	1
80	2
56	1
89	2
79	2
48	4
43	4
94	1
6	1
14	2
68	1
41	1
53	4
59	1
56	1
24	2
73	2
80	2
85	3
46	5
88	1
54	2
76	2
42	2
9	1
73	1
2	3
76	2
40	4
98	2
83	1
95	4
28	3
86	2
97	1
79	6
27	2
17	8
31	1
82	1
65	3
71	4
20	2
23	1
83	1
6	5
45	1
23	8
29	1
88	1
39	1
13	2
1	1
67	3
43	3
74	12
6	1
76	4
41	3
84	2
70	2
39	3
92	2
41	1
69	1
48	1
97	1
23	6
93	6
33	1
93	1
93	2
2	10
23	1
69	2
17	1
46	6
7	1
16	14
60	1
27	1
94	7
19	3
73	3
9	3
49	1
62	1
50	3
12	3
9	8
29	2
22	1
79	2
66	3
27	1
81	13
84	8
77	2
42	2
16	1
57	2
54	1
56	3
85	3
79	1
50	1
17	1
85	1
3	1
45	2
27	1
82	5
51	2
63	1
10	1
45	1
45	3
36	2
4	4
70	2
64	4
41	1
94	1
78	1
78	2
76	1
51	21
65	1
67	7
44	1
8	3
46	2
89	2
3	3
4	3
26	4
43	9
98	2
94	2
83	1
1	1
27	3
67	1
51	1
70	3
14	18
85	1
33	1
44	1
17	1
59	1
66	2
11	1
88	1
90	4
26	7
31	1
41	12
95	2
35	4
89	4
44	2
10	3
46	2
63	1
4	1
55	1
73	3
83	1
72	6
33	3
15	1
1	1
12	3
50	3
62	5
97	3
12	4
37	1
63	5
23	3
71	2
86	3
46	1
6	1
93	1
66	5
5	3
13	1
65	1
66	1
53	1
88	2
20	2
76	2
75	1
100	1
79	1
92	4
6	1
92	5
39	2
56	2
28	1
62	14
82	2
74	1
93	1
53	3
37	2
46	1
78	1
59	2
83	2
83	2
99	2
37	3
88	1
83	2
11	3
10	17
27	1
82	2
48	1
82	1
15	2
98	1
77	2
52	1
58	5
50	3
12	2
96	2
29	3
17	1
26	23
35	3
14	1
22	1
51	1
49	5
82	3
60	16
54	2
20	3
97	4
19	1
6	5
11	1
92	1
25	3
5	3
20	1
27	2
31	1
96	1
45	1
76	1
39	3
67	2
93	3
27	1
75	1
25	1
18	1
63	1
37	1
52	1
37	9
1	1
59	2
97	1
25	8
60	3
54	5
72	1
41	1
8	1
82	7
51	1
1	3
92	5
32	1
97	1
73	1
87	1
97	25
35	1
60	1
87	2
71	1
10	6
8	1
25	1
1	5
39	7
40	1
42	1
73	1
39	1
39	1
28	2
13	4
8	3
59	4
36	1
5	3
92	1
13	3
53	1
43	2
66	1
21	2
5	1
49	1
41	17
72	1
74	1
34	2
59	1
28	1
74	2
42	1
95	1
85	1
20	3
38	1
13	1
44	3
6	2
64	4
30	2
18	3
23	1
89	12
48	31
27	2
51	1
89	5
74	1
92	3
53	1
30	1
42	3
82	3
68	1
44	1
31	1
4	4
17	5
38	2
11	2
36	3
35	1
6	4
49	3
5	1
29	3
66	4
10	2
68	29
43	1
78	29
76	1
30	9
25	1
7	1
82	2
96	1
70	1
76	1
1	1
19	1
18	1
54	1
82	4
56	1
35	1
100	3
18	6
6	1
47	2
28	1
58	8
48	3
79	1
49	21
7	1
63	2
2	9
4	1
88	1
62	3
96	1
85	1
94	25
6	2
54	1
24	3
12	14
94	1
45	1
21	1
60	4
28	3
51	1
47	1
93	2
60	4
73	5
4	16
86	2
9	3
46	3
6	2
2	1
98	1
93	1
2	2
5	1
65	1
11	5
44	12
71	1
95	2
99	1
60	10
59	2
27	1
100	2
12	16
83	3
52	1
31	1
28	1
33	1
41	1
55	1
49	1
39	3
72	3
93	18
25	1
100	2
6	1
87	1
52	2
29	1
96	3
7	1
45	3
19	1
33	1
21	1
54	2
76	1
100	1
57	8
18	2
79	2
58	1
91	1
86	1
64	4
30	1
8	1
61	1
11	1
2	2
27	11
42	1
33	1
22	2
69	1
48	1
66	2
12	1
66	6
79	1
30	1
4	1
35	2
14	1
61	1
28	1
74	1
93	1
13	1
46	1
56	3
29	1
50	1
81	4
89	1
100	1
19	2
6	5
71	13
50	1
37	2
70	2
49	1
16	2
27	27
46	1
58	2
7	1
18	1
26	1
97	2
27	1
80	2
72	2
54	2
84	6
49	1
52	1
18	44
62	5
33	1
82	1
85	10
49	3
26	6
59	3
50	2
41	2
20	1
82	3
85	1
14	2
74	3
34	2
37	2
39	1
6	1
10	4
59	10
43	4
83	3
58	1
89	1
13	5
14	4
32	1
16	1
84	1
14	10
32	1
68	2
70	7
94	3
14	4
89	1
88	1
56	2
56	12
47	4
3	1
18	4
10	2
82	18
74	9
14	4
97	2
79	13
5	11
50	1
25	2
73	3
13	1
9	2
75	2
92	9
18	1
14	7
94	2
72	3
94	3
23	1
17	3
61	2
74	1
38	2
51	3
13	3
41	1
35	9
79	1
95	1
87	9
76	10
7	6
98	5
84	2
94	1
25	30
21	1
67	16
99	2
72	2
85	1
36	14
31	14
49	1
15	1
37	3
18	1
88	1
46	1
38	1
71	4
45	7
64	1
52	1
33	2
78	3
87	2
87	6
79	16
45	1
73	5
34	3
75	10
8	2
44	1
12	8
12	3
56	1
19	1
89	4
82	1
19	1
31	2
88	2
44	5
6	1
17	1
58	1
64	1
64	1
63	2
73	5
82	3
100	1
88	1
55	1
58	1
41	2
83	2
1	2
64	2
94	1
48	1
24	2
69	1
23	1
13	2
8	1
75	2
50	1
99	1
35	2
82	1
96	13
6	1
41	4
53	1
2	5
38	2
68	1
15	2
40	2
36	4
24	1
5	1
28	4
82	1
12	2
88	1
26	3
55	2
67	1
52	1
11	13
96	1
46	46
67	2
40	1
83	3
69	1
88	1
95	2
10	4
31	1
16	1
46	6
26	1
29	6
83	1
18	1
17	3
91	1
52	3
41	1
93	1
77	4
57	8
1	1
80	1
18	1
43	1
65	2
27	3
96	1
32	1
39	3
32	1
34	2
59	3
20	1
35	1
35	3
19	1
60	3
21	3
94	2
93	1
82	2
3	3
80	2
46	2
85	2
100	6
11	2
96	10
13	24
27	32
25	1
37	1
95	1
66	1
24	4
98	2
28	1
86	2
37	1
78	1
60	19
90	5
38	1
1	2
68	1
52	2
75	4
80	1
49	2
9	7
6	4
28	2
9	4
93	2
49	1
17	2
98	1
78	3
44	4
89	2
56	1
6	6
80	3
52	3
34	1
3	5
18	10
25	20
47	2
23	1
38	6
3	3
97	1
73	2
10	19
54	1
5	1
47	6
49	12
15	1
10	2
73	2
98	11
56	1
13	3
39	2
17	1
40	7
73	2
5	1
77	1
98	1
69	1
68	3
46	7
51	1
50	5
33	1
20	2
44	6
18	2
38	5
27	3
99	1
41	1
32	3
60	2
2	6
77	17
97	2
51	23
29	3
22	1
52	2
54	3
76	1
80	1
57	13
90	2
8	1
57	2
51	2
72	1
100	4
22	4
22	7
95	2
76	1
64	4
8	1
73	1
39	16
48	1
62	1
49	7
71	2
12	5
77	1
73	1
83	1
24	2
70	6
6	7
86	1
24	1
37	3
81	1
4	2
22	2
17	2
87	1
79	1
7	3
33	3
31	28
77	1
22	2
24	2
95	1
100	1
59	1
69	1
16	20
18	5
90	5
59	1
72	2
25	2
44	1
14	11
75	2
32	2
40	1
28	3
68	2
55	31
15	3
68	1
95	1
71	2
23	2
11	4
18	1
29	4
96	1
87	4
35	5
19	2
25	2
59	1
24	4
74	1
88	7
72	17
30	2
18	2
23	3
51	2
15	2
5	2
24	1
33	2
13	1
84	1
48	1
85	6
59	1
13	2
50	4
79	1
78	2
84	2
76	2
44	1
16	1
4	1
43	3
48	1
90	2
44	3
29	7
12	8
37	19
36	4
60	3
18	2
62	2
41	1
90	1
30	4
36	1
95	1
21	2
85	2
29	7
99	1
60	5
47	3
34	1
87	1
47	1
82	1
60	6
48	1
10	1
5	1
63	17
27	1
44	1
45	2
95	2
80	1
53	1
55	2
59	3
31	5
48	2
69	2
38	1
7	5
98	1
96	1
61	5
94	1
37	2
28	1
82	1
89	1
85	2
72	2
39	1
52	2
65	1
96	1
89	2
2	2
16	3
45	4
23	4
32	4
28	3
93	1
17	3
47	1
80	3
48	1
71	1
56	1
19	1
41	4
57	9
44	2
43	3
100	1
30	1
75	6
93	1
70	3
52	2
14	2
37	2
50	1
12	3
97	3
12	2
41	2
83	1
93	2
76	1
41	2
75	1
65	5
34	7
80	2
53	2
68	2
6	1
99	3
26	4
3	2
85	1
57	1
30	17
92	1
45	1
61	8
99	8
89	3
63	1
20	1
14	4
8	4
56	1
92	3
54	1
22	7
88	2
4	1
31	1
22	3
31	9
45	2
63	1
16	1
53	2
45	1
74	1
89	2
10	1
62	2
73	3
100	1
65	2
76	2
2	1
69	1
35	3
64	1
97	1
74	5
66	21
67	5
74	3
68	1
34	11
50	2
68	2
17	12
56	3
26	1
45	2
93	2
62	4
28	8
39	1
60	1
23	2
43	4
33	1
82	1
95	8
76	1
32	1
94	2
88	1
48	2
69	1
63	1
1	1
41	2
95	1
43	4
29	2
16	2
50	1
31	1
80	1
59	1
49	1
1	2
75	1
21	2
41	2
78	25
25	1
79	1
69	1
39	1
9	3
10	1
54	13
55	2
97	1
99	25
68	1
85	1
100	5
90	5
40	1
80	3
36	1
86	2
83	1
52	9
29	1
53	3
4	1
19	1
23	1
1	1
68	1
85	27
90	7
58	2
92	1
96	1
99	1
82	3
4	3
75	1
98	1
17	10
38	16
5	1
4	1
3	5
41	6
90	3
12	1
62	1
36	1
81	5
37	2
18	2
46	1
23	1
23	1
48	26
78	3
25	2
8	13
4	1
65	3
30	1
91	35
30	1
48	4
11	28
23	1
76	3
72	3
63	1
41	1
58	1
65	1
3	2
60	3
71	1
50	16
3	3
43	1
18	1
93	2
77	1
56	15
35	40
54	3
73	3
10	3
16	2
16	1
97	1
76	1
3	1
71	4
18	1
89	3
58	3
15	1
48	3
38	1
1	4
82	27
40	1
7	1
68	1
26	1
100	2
34	13
30	1
11	2
68	3
86	1
31	6
11	6
74	2
63	1
42	1
51	3
38	1
88	11
82	1
72	7
70	2
35	2
61	3
50	3
95	1
57	1
38	17
55	2
66	2
90	1
13	34
92	1
49	1
59	7
48	10
63	1
88	1
67	2
94	2
28	2
2	3
66	3
3	1
55	1
37	1
79	16
35	1
52	2
5	3
17	2
92	4
20	1
28	1
79	1
2	2
14	2
42	1
94	1
98	1
65	5
43	1
36	3
69	6
64	3
100	1
76	5
11	3
74	1
80	4
15	2
10	1
88	8
58	3
47	1
33	2
94	1
10	2
56	1
19	8
2	2
3	6
13	1
71	1
55	1
90	2
35	3
49	1
2	1
6	2
65	5
15	1
17	2
38	1
1	2
43	18
26	1
30	1
10	2
76	2
53	2
37	6
16	1
60	2
42	1
69	3
55	7
16	5
6	1
95	2
61	6
11	1
34	1
28	2
43	4
11	1
20	9
34	1
83	2
52	1
62	23
35	1
54	3
91	5
55	3
68	2
26	8
5	1
21	11
6	10
87	1
62	1
15	4
41	19
91	2
74	10
16	2
73	4
57	1
32	7
52	6
79	1
81	3
39	1
67	2
16	2
65	1
58	1
23	3
76	6
95	2
18	1
8	2
83	2
4	1
80	3
66	1
35	4
44	6
99	1
70	1
14	7
43	1
12	2
74	2
83	5
40	1
81	1
93	5
16	2
30	1
55	1
56	1
92	1
14	1
61	1
57	1
68	2
97	1
20	2
71	2
41	3
53	1
61	1
89	3
93	2
74	22
16	1
87	1
32	1
49	1
35	1
69	1
8	15
86	30
87	1
81	10
69	1
1	1
30	2
61	13
58	2
72	7
67	3
31	5
62	2
45	2
36	1
3	1
79	3
22	4
95	1
96	1
86	1
48	4
36	3
40	11
47	3
69	1
73	1
15	2
83	2
34	1
24	2
13	4
23	6
71	2
87	1
36	2
66	2
39	1
95	1
98	10
93	1
6	7
17	1
50	24
82	1
69	1
71	2
11	8
70	2
14	1
51	2
79	1
84	1
68	1
99	8
19	1
31	2
7	8
99	2
50	1
43	2
89	2
2	4
59	1
32	1
78	2
21	1
49	5
77	2
81	1
81	3
69	3
78	3
62	1
34	2
8	1
80	3
90	1
47	1
55	3
71	1
12	14
39	3
46	3
81	1
93	1
29	1
76	3
87	1
34	1
51	1
49	1
89	5
14	1
89	3
17	3
99	1
2	1
93	2
56	1
77	3
85	3
13	2
64	4
100	3
71	1
42	4
31	1
60	8
68	2
11	3
59	14
17	2
2	5
58	1
33	1
8	1
92	2
81	3
23	1
7	1
82	3
64	4
29	1
8	5
23	5
33	2
31	9
92	1
9	1
92	1
35	5
13	1
23	5
36	2
25	1
89	3
90	2
69	4
79	1
67	2
46	1
33	1
51	1
11	4
24	1
3	1
4	1
40	1
60	2
22	2
70	4
93	31
66	1
81	1
89	2
96	1
1	2
65	2
55	1
61	3
80	1
93	7
82	1
9	2
59	1
76	3
92	2
91	7
80	2
53	1
74	1
5	1
80	1
77	1
95	3
17	1
4	11
9	1
92	1
77	3
50	1
82	4
23	3
3	2
99	3
74	2
7	2
49	6
51	1
77	1
66	1
23	7
5	1
57	1
99	2
50	1
88	3
41	3
7	8
67	5
2	1
28	4
22	1
50	1
53	4
20	6
70	1
90	2
24	2
22	1
30	2
22	1
54	1
30	1
57	1
17	1
40	2
69	1
73	1
36	12
96	1
95	1
49	2
91	2
82	1
46	2
39	1
80	1
81	1
4	17
9	7
98	3
17	1
61	2
36	1
65	1
4	2
49	11
95	2
28	1
7	1
38	2
40	3
88	1
30	1
8	1
16	1
38	1
23	2
72	1
47	15
93	1
99	1
53	2
84	1
72	2
6	1
38	1
30	2
69	1
20	1
48	8
85	1
18	2
36	3
68	1
29	2
31	1
5	3
23	1
19	10
81	2
54	1
73	6
95	1
93	1
68	2
1	1
78	6
62	1
59	1
94	7
94	3
17	2
62	6
38	1
36	3
4	1
36	1
24	1
68	2
95	4
8	2
91	15
65	1
49	3
34	3
13	2
17	1
76	1
23	1
11	1
31	2
98	2
42	2
99	1
93	11
48	2
40	5
37	1
91	1
30	9
79	2
54	1
74	3
77	1
42	2
5	8
53	4
41	5
79	2
6	1
35	1
22	1
92	2
81	2
47	2
9	6
3	5
23	1
90	1
75	1
90	1
6	7
37	2
87	1
88	1
37	1
98	3
48	8
68	1
74	3
90	2
42	2
95	19
72	2
67	2
67	2
81	1
50	1
22	3
83	4
33	17
31	5
29	1
70	9
59	3
13	3
76	20
92	19
21	2
5	2
14	1
48	1
47	2
63	1
37	4
76	1
68	1
50	1
89	1
43	31
65	2
46	4
60	4
61	1
5	1
23	4
40	6
15	2
19	2
57	1
26	1
76	3
43	21
40	1
48	1
29	2
88	36
56	1
15	7
30	2
85	1
40	3
74	1
14	1
35	6
51	1
7	4
4	2
54	1
31	4
76	3
17	1
36	1
61	4
91	11
21	1
95	3
4	1
67	5
64	25
91	7
13	11
43	1
97	2
63	6
1	1
89	1
1	1
40	37
79	2
55	2
9	19
11	1
69	2
33	1
78	1
49	5
24	2
9	1
38	1
3	1
61	3
6	7
19	10
25	1
27	1
48	2
80	3
51	2
35	1
83	3
9	1
5	1
73	1
56	3
88	1
52	1
52	2
60	2
54	1
19	1
15	1
19	1
24	3
94	1
55	2
25	4
59	5
47	4
45	4
98	4
63	2
31	11
6	6
36	2
26	1
43	2
72	7
86	1
33	1
8	1
8	3
2	2
12	1
1	2
5	3
40	2
99	1
84	1
12	1
67	10
78	5
33	14
74	1
48	1
49	4
97	1
87	2
26	3
97	6
58	2
28	1
19	1
72	3
33	27
26	3
76	1
65	1
3	1
77	1
48	2
5	3
85	1
94	1
44	2
92	1
95	1
3	1
48	5
20	1
60	2
83	1
47	1
46	1
89	1
99	1
52	2
32	1
49	1
50	1
68	1
45	1
63	1
79	1
24	2
93	18
42	1
74	9
26	7
89	1
94	1
2	3
45	1
84	1
10	1
36	1
77	2
43	1
83	1
52	1
71	9
46	1
24	6
4	3
90	1
67	1
34	3
31	1
52	1
74	3
99	6
94	2
93	6
66	2
61	2
86	1
14	3
46	3
1	5
37	1
96	1
77	1
74	4
58	2
22	2
91	1
44	1
47	1
24	2
15	1
30	2
66	2
34	8
31	3
64	6
77	29
74	1
88	1
12	2
24	1
80	1
57	10
2	3
10	1
67	1
60	1
76	2
90	1
87	2
96	1
91	1
9	1
28	1
14	12
96	2
76	5
55	1
49	2
87	1
32	3
35	5
1	1
67	1
23	2
14	2
7	2
45	2
23	2
14	3
16	1
25	2
88	3
75	2
39	7
47	3
17	2
13	2
94	5
11	6
85	1
38	2
83	7
58	1
7	1
92	1
84	2
16	1
100	4
60	5
54	2
60	16
38	1
39	1
4	5
51	1
24	5
30	1
75	1
62	1
14	1
54	2
74	3
72	3
63	1
14	3
88	2
38	2
98	1
8	2
25	1
40	1
50	1
58	1
60	1
56	4
25	3
73	1
82	2
22	7
27	4
59	5
60	3
91	3
25	1
57	1
60	1
53	2
17	1
85	1
30	4
4	3
1	1
3	1
24	2
25	1
10	5
17	3
35	33
26	13
9	1
64	1
82	4
28	2
26	12
29	7
4	5
12	4
60	5
37	6
89	17
37	1
47	3
20	1
12	2
44	1
31	1
91	4
23	1
14	1
82	1
59	3
26	3
40	10
36	1
72	1
88	2
22	1
61	12
19	1
38	1
47	1
69	2
32	42
6	3
95	3
40	1
23	1
22	5
2	2
37	1
33	1
80	1
62	9
47	1
15	1
94	2
3	3
49	1
9	1
84	1
93	3
55	1
87	4
29	4
37	4
60	2
93	2
75	2
83	2
86	2
4	2
62	1
45	6
44	1
17	1
56	1
49	3
76	3
91	2
75	1
74	1
48	1
78	1
20	2
94	4
9	1
87	4
6	14
33	1
37	2
28	1
61	1
6	1
16	1
45	6
27	3
80	2
35	2
99	2
69	1
62	3
40	2
99	1
32	1
46	3
83	2
63	2
54	1
84	1
16	1
62	1
97	2
19	6
50	1
37	1
8	6
47	1
98	1
44	2
80	12
48	1
66	1
9	1
31	4
39	1
71	1
92	1
46	1
50	2
79	1
17	1
35	2
85	1
11	1
13	1
20	2
56	1
23	1
56	3
56	1
50	1
99	1
45	1
3	3
42	10
83	1
18	2
72	1
1	2
81	1
76	3
26	1
86	7
95	2
52	3
87	2
79	1
94	1
32	1
20	2
76	1
31	1
19	2
47	1
37	6
84	3
79	2
95	1
8	1
9	1
42	9
12	1
36	4
47	8
52	11
92	2
68	1
23	2
29	2
8	1
48	2
80	2
56	2
94	3
14	2
74	4
100	3
79	1
93	1
54	1
42	2
22	2
19	1
50	1
65	1
63	10
5	2
90	1
68	10
75	1
88	2
40	1
37	1
26	1
46	2
25	1
75	5
52	1
43	1
92	3
11	7
71	2
49	1
26	1
68	1
1	1
33	1
41	2
37	1
48	2
60	3
95	3
1	1
2	3
35	2
89	1
17	3
15	4
95	1
9	2
71	34
63	1
9	2
78	1
69	3
67	5
3	2
78	1
53	5
52	3
38	3
83	4
35	3
37	1
23	19
43	1
5	6
100	3
12	1
13	9
6	1
59	9
91	3
14	3
19	39
33	1
4	1
61	1
65	8
71	3
93	3
84	1
70	3
61	2
64	7
13	1
4	14
28	2
59	3
41	1
5	1
36	3
93	3
50	1
45	1
95	2
33	8
86	2
66	2
87	3
24	1
50	1
23	1
25	2
22	1
14	7
91	2
86	1
97	1
91	3
7	1
83	1
67	1
45	8
18	3
13	1
34	1
20	1
94	1
93	4
61	1
93	1
6	1
37	2
17	30
48	3
68	11
66	5
1	4
18	2
45	2
11	2
47	2
38	1
26	1
7	1
35	2
41	1
80	31
98	3
8	3
72	17
78	1
60	1
51	1
97	17
10	1
24	1
89	11
48	3
42	21
3	1
4	2
20	3
24	1
31	1
66	2
57	1
43	3
21	2
45	20
39	1
28	14
62	1
27	4
85	5
66	1
48	9
34	1
55	3
87	1
91	6
91	4
95	1
14	1
29	1
88	2
64	1
33	3
34	1
37	1
30	3
8	1
22	7
95	2
1	4
65	1
85	21
89	24
92	2
50	3
12	12
39	1
55	3
3	1
33	3
57	4
92	1
39	4
9	5
93	1
19	4
52	7
64	25
86	5
94	4
76	1
23	1
32	2
89	1
16	1
25	1
83	1
39	1
33	2
11	3
8	1
82	4
83	1
98	7
52	8
6	3
49	1
93	4
56	4
18	1
53	3
46	1
63	2
61	1
83	1
72	1
51	10
100	5
1	1
5	2
93	4
31	2
90	1
24	3
7	1
20	8
88	1
99	1
1	2
48	3
33	2
29	1
75	1
67	1
30	2
32	15
85	1
18	4
41	2
22	1
34	19
10	5
58	4
74	2
70	1
45	14
92	1
84	1
54	1
98	1
77	1
60	1
94	1
86	1
69	6
33	4
100	1
27	1
54	5
67	13
74	1
25	1
36	1
87	3
62	2
75	1
64	1
51	1
62	1
91	2
48	1
85	1
69	1
56	1
63	1
44	2
36	2
57	2
28	8
64	1
27	3
31	1
76	2
99	39
22	3
68	13
64	1
19	16
14	1
5	1
99	2
16	2
68	7
10	1
15	1
88	13
15	3
34	1
51	11
80	1
74	1
96	1
50	7
73	1
92	3
43	2
25	3
29	1
82	1
39	2
62	1
40	1
96	1
19	1
58	4
22	6
96	1
19	2
83	2
63	7
20	5
17	2
16	1
40	4
86	7
45	3
8	1
27	1
9	1
1	1
94	6
100	2
90	1
89	3
13	1
99	8
57	2
28	1
63	2
20	1
49	2
46	4
100	1
59	22
69	2
30	1
84	1
55	4
51	2
98	2
95	1
47	2
62	1
74	7
45	1
23	1
9	15
1	1
92	1
19	1
22	2
75	2
29	2
31	1
24	9
42	13
75	1
20	1
66	12
11	1
90	1
7	2
52	14
9	1
70	1
56	1
27	11
1	2
62	9
85	1
10	6
55	1
19	17
71	1
71	2
98	1
17	2
61	2
62	4
15	11
100	4
75	36
3	2
84	17
57	1
2	1
46	2
49	1
82	2
100	1
3	1
64	1
52	9
38	1
97	1
96	3
74	2
25	1
96	1
45	2
76	2
69	2
53	3
37	1
39	3
39	16
84	2
11	2
30	1
99	1
53	3
26	3
16	2
6	1
62	4
15	4
47	5
62	1
4	2
86	2
37	1
35	4
29	14
58	2
46	1
41	2
2	58
75	2
20	1
81	3
82	6
22	2
82	1
32	1
32	2
80	1
44	2
91	2
63	4
34	4
56	2
57	1
92	2
26	2
64	3
96	2
53	17
29	6
52	2
23	8
80	4
3	5
20	1
99	3
93	2
94	2
58	4
9	1
33	1
15	2
92	12
97	3
80	11
81	1
37	7
66	3
9	1
91	1
66	3
14	19
72	1
10	2
8	7
81	2
3	11
88	13
58	8
41	1
61	1
67	2
29	2
64	1
5	5
17	1
94	2
79	2
40	1
46	14
9	3
39	1
74	4
9	3
14	1
67	2
75	1
22	1
69	1
91	2
91	1
42	3
92	1
2	1
64	1
30	1
25	1
88	1
46	1
80	2
49	1
85	2
83	1
29	2
96	3
24	8
30	34
74	15
41	2
4	1
74	1
29	1
53	2
100	1
15	1
61	1
77	2
42	1
4	12
61	1
42	5
88	1
53	3
96	1
88	5
1	1
36	1
15	2
48	4
90	3
44	1
82	5
95	2
82	3
93	1
52	2
78	2
61	2
53	2
79	1
11	1
57	11
12	3
86	1
88	1
25	1
77	1
55	1
29	8
73	1
30	1
11	1
15	1
93	1
30	1
11	1
2	11
87	8
41	23
23	3
51	1
10	2
57	1
49	4
52	5
10	1
49	1
44	4
42	9
34	9
59	1
63	1
14	1
76	5
25	4
81	1
50	5
5	1
6	2
43	3
78	1
41	3
23	3
92	1
73	1
38	3
72	2
43	1
1	1
90	1
68	1
55	1
12	1
27	1
64	1
25	24
72	1
70	1
1	1
61	3
90	1
4	2
50	2
50	6
67	1
31	1
13	5
55	2
44	2
92	1
1	2
99	2
32	2
69	1
33	19
5	1
31	1
86	1
57	2
34	1
78	2
10	1
2	2
65	3
97	1
4	1
23	9
21	10
74	2
38	1
22	1
83	3
54	4
87	2
7	3
86	2
37	1
77	2
62	3
86	1
52	1
7	1
95	2
31	1
19	1
29	1
15	2
47	1
30	26
82	4
6	1
23	4
17	1
83	1
95	1
88	3
9	9
71	2
24	1
74	1
74	3
86	1
12	2
59	1
18	1
81	3
63	2
68	6
6	4
58	1
21	4
98	1
91	1
35	3
73	6
8	16
13	1
37	1
30	4
69	2
40	7
73	1
3	2
33	2
93	1
12	2
39	1
46	1
32	1
46	2
92	1
54	2
51	1
80	1
38	3
30	3
48	3
82	2
45	2
62	3
8	1
53	1
85	6
30	6
30	1
72	4
81	3
76	2
68	1
62	10
6	1
85	1
44	1
59	2
32	2
76	2
96	1
41	13
78	2
47	1
46	1
31	6
48	1
8	1
65	6
71	1
63	2
79	1
72	1
45	3
8	4
47	1
99	12
34	1
9	1
34	5
54	3
31	3
22	1
19	2
10	1
11	1
95	1
29	1
77	3
22	1
44	1
38	5
58	2
70	1
55	1
72	1
19	20
61	3
44	19
29	5
20	4
29	2
32	12
84	1
34	1
44	1
76	3
24	2
4	1
52	1
100	2
18	1
77	1
10	2
8	1
78	2
82	3
45	1
67	1
73	1
85	5
34	1
50	4
97	1
53	1
63	4
71	1
71	4
9	1
19	1
22	4
47	3
6	10
68	5
22	4
76	4
8	2
70	1
17	3
14	3
14	2
22	1
59	2
82	4
75	1
86	1
100	1
3	1
78	3
29	2
14	6
57	1
65	1
34	10
92	1
50	1
74	5
40	1
66	2
2	1
25	5
93	1
23	1
81	6
21	2
99	6
65	2
10	1
33	9
61	2
41	1
80	2
85	1
49	2
44	1
47	6
89	3
44	1
37	3
62	3
33	1
42	5
68	1
29	2
46	1
76	1
52	1
52	2
26	8
38	1
2	1
36	2
74	2
100	2
56	3
19	2
74	2
89	1
16	2
92	1
6	3
51	4
74	3
93	5
55	11
19	1
18	4
98	1
37	1
53	1
62	2
84	4
84	3
79	4
88	7
63	1
41	6
54	2
68	2
16	2
80	3
81	1
44	1
39	1
31	1
24	3
63	1
79	1
30	2
100	1
83	1
14	2
27	5
41	20
17	2
19	1
94	3
96	2
81	1
69	1
78	1
55	10
50	6
41	3
93	9
99	1
1	8
51	1
84	6
25	1
51	1
100	4
95	1
81	2
33	1
90	1
92	1
1	1
80	3
23	2
80	2
51	3
86	1
64	1
96	1
72	4
83	1
90	3
70	2
56	1
71	2
64	1
92	1
7	1
57	7
46	1
3	1
72	1
49	2
60	1
75	1
42	3
6	1
86	1
53	3
80	3
89	6
42	1
59	8
2	2
29	3
54	1
43	1
22	2
12	6
39	3
64	1
95	5
63	1
99	3
72	5
94	2
21	2
91	1
35	1
97	2
90	2
46	2
27	5
80	3
100	1
28	1
50	1
35	3
53	2
78	1
62	4
87	4
58	1
64	1
72	1
7	14
62	1
50	2
70	1
30	1
98	1
83	2
31	1
58	1
53	12
59	1
11	15
48	2
74	1
12	3
75	1
11	1
21	1
76	1
40	1
11	1
66	7
84	1
14	1
32	22
32	2
80	4
87	3
14	2
43	1
10	1
46	1
5	3
31	2
59	1
40	1
6	3
14	3
2	1
34	1
44	5
74	1
59	4
55	1
25	4
48	4
17	2
57	1
62	1
4	1
8	4
89	8
1	1
58	2
32	16
38	1
7	1
50	3
75	1
88	2
52	1
88	1
31	3
93	2
34	30
12	1
44	7
10	16
5	8
97	5
57	4
10	6
48	3
32	2
67	1
77	29
58	1
91	5
60	2
32	1
31	2
86	7
46	3
69	1
13	2
37	1
50	15
36	2
9	2
24	3
37	1
46	4
16	1
82	1
70	1
21	2
7	1
26	6
53	4
53	3
11	2
86	19
38	1
62	1
39	1
74	33
36	1
69	1
6	5
31	2
66	1
27	1
8	1
75	1
47	2
29	1
19	1
21	1
38	6
54	2
18	2
2	1
97	2
61	6
71	2
29	3
41	1
11	4
7	1
12	1
15	5
14	1
5	1
41	1
68	2
69	1
73	1
42	2
40	4
23	4
92	2
50	1
5	2
84	1
49	1
20	2
34	1
100	1
19	2
31	14
85	3
22	23
68	1
78	2
69	3
73	2
50	4
96	1
33	1
21	1
73	1
48	1
73	8
95	1
38	7
28	1
75	1
31	2
17	3
53	2
7	11
49	1
98	1
13	1
75	1
67	4
74	7
57	2
12	1
93	4
80	1
23	2
73	14
1	1
60	1
78	1
82	1
25	1
22	1
65	2
74	1
48	2
97	1
97	2
7	1
57	2
12	1
93	19
83	1
77	5
1	1
11	2
84	3
65	7
76	3
5	2
12	2
48	4
56	1
17	4
36	32
100	1
56	3
35	3
40	3
32	1
69	1
26	2
29	1
61	1
23	2
4	3
21	3
46	1
98	4
41	1
39	1
84	1
88	1
31	7
81	2
20	4
56	5
5	5
87	12
91	3
34	1
46	1
49	1
33	8
5	1
31	1
17	3
88	1
31	1
84	3
84	2
65	1
99	1
26	13
86	5
97	1
14	1
24	5
38	2
59	1
84	2
37	17
54	1
57	2
46	1
100	1
94	1
72	1
32	4
81	2
17	1
87	7
71	5
95	2
21	1
2	2
94	1
57	6
65	2
36	1
56	1
44	1
50	1
92	1
16	1
50	10
1	1
66	1
2	1
83	5
18	1
78	4
25	3
62	2
98	1
3	1
83	1
5	1
65	1
17	1
72	4
64	2
5	1
47	7
94	2
80	1
64	1
73	1
91	2
80	1
83	1
97	1
32	2
1	12
1	2
28	2
34	6
96	1
72	9
48	2
22	2
79	2
36	7
28	2
38	4
17	2
94	1
89	1
66	1
25	1
58	2
90	4
94	1
34	6
79	2
34	1
60	1
89	5
16	3
72	3
76	4
28	1
5	1
97	2
58	2
87	1
76	3
10	1
14	2
39	27
24	1
44	4
88	3
29	1
53	1
59	2
91	12
100	1
7	5
68	3
21	2
82	1
83	1
17	2
34	2
91	3
79	1
43	2
23	2
73	20
74	7
54	1
21	15
11	1
52	5
42	1
85	2
20	4
67	1
66	4
43	2
61	2
94	1
90	5
78	2
42	2
45	3
67	1
99	1
44	2
8	1
74	1
12	1
62	1
33	4
82	1
86	1
99	1
96	1
99	2
50	3
28	1
87	1
62	4
23	3
88	5
42	2
25	1
58	3
35	1
16	1
16	2
57	21
85	2
1	1
81	4
27	3
99	4
1	1
3	3
65	2
57	1
54	2
63	4
19	3
52	1
64	3
36	1
32	2
75	1
58	5
38	1
14	11
50	1
97	3
42	4
45	1
71	13
31	2
13	1
33	2
84	1
35	3
67	1
94	1
2	13
100	1
35	2
28	1
79	1
39	2
88	16
22	3
81	2
94	2
53	1
60	2
21	3
6	10
12	2
32	3
2	1
8	1
95	2
24	5
62	1
97	1
45	2
11	2
22	1
21	7
82	2
62	1
26	3
41	3
18	2
5	4
54	1
6	30
47	1
74	1
43	1
62	3
92	1
15	4
80	13
38	1
18	2
16	1
18	1
83	3
80	11
5	3
100	1
33	2
43	2
10	2
32	1
23	1
95	7
87	2
27	2
87	2
75	4
39	2
10	1
30	7
60	1
25	2
99	1
9	2
67	1
77	1
41	4
72	3
39	1
12	2
34	16
61	1
52	1
55	3
23	1
1	2
21	1
45	12
87	1
60	1
23	1
55	2
39	3
1	2
36	1
46	2
62	3
80	2
8	14
74	2
69	2
64	41
4	9
7	9
65	12
94	14
6	3
1	2
26	3
24	1
65	3
81	3
78	1
91	3
97	3
67	1
43	1
57	2
42	2
35	3
33	1
45	5
80	6
85	1
50	1
17	3
29	1
44	1
12	2
43	2
50	9
76	2
42	2
37	8
46	2
94	14
55	2
19	5
87	4
90	3
63	1
54	2
58	1
48	1
31	1
80	1
2	1
24	1
90	1
83	5
35	5
17	1
65	1
74	1
90	4
40	1
24	38
94	1
42	1
1	3
35	6
3	8
86	3
83	13
38	12
13	1
92	4
64	1
16	3
60	1
3	5
8	2
95	1
58	1
45	1
11	2
89	3
67	2
43	2
52	5
18	6
55	1
93	1
17	1
6	4
64	7
78	1
85	1
23	1
12	2
51	1
98	1
40	3
16	1
16	2
66	2
83	5
42	1
42	1
86	28
86	2
59	4
71	3
91	5
89	1
11	1
29	1
82	2
23	2
1	9
68	1
23	2
90	2
28	1
26	1
29	1
65	1
77	1
86	5
79	2
22	2
16	3
1	2
69	1
98	3
65	1
39	2
18	4
55	2
10	10
61	2
42	1
29	3
11	1
38	1
39	1
33	9
60	4
55	1
8	2
100	4
20	2
11	1
65	1
85	1
97	6
16	1
21	3
57	1
61	2
23	1
4	2
4	1
40	1
42	8
61	3
70	1
31	5
68	4
50	3
73	3
100	2
84	4
35	4
54	2
37	1
45	2
83	2
54	2
10	2
72	1
88	2
2	17
25	3
64	1
25	1
72	2
27	2
44	1
99	13
59	3
25	16
75	1
55	1
32	2
75	1
33	3
95	1
83	2
7	2
45	1
86	1
54	2
23	2
77	9
98	6
7	1
42	2
84	31
61	28
59	1
69	6
52	1
29	1
86	4
83	1
17	3
50	1
84	27
71	2
96	2
98	4
41	1
35	1
86	2
90	1
85	4
39	1
76	2
21	9
5	1
48	1
23	5
42	3
73	1
21	12
79	4
22	1
61	2
46	7
3	1
42	1
48	2
75	12
50	2
89	3
99	3
26	2
84	1
31	1
79	2
28	1
73	2
80	1
5	2
80	1
64	8
99	6
5	2
87	1
20	9
60	1
62	2
95	1
52	1
5	1
79	3
40	2
80	1
85	7
96	1
48	3
36	2
23	2
22	2
46	1
35	3
15	3
89	1
44	1
85	1
75	1
31	1
15	2
36	54
51	1
62	1
95	1
47	1
89	1
77	1
13	1
90	13
10	2
36	2
22	3
5	1
36	4
61	2
49	3
48	3
80	1
48	5
9	1
94	1
66	1
34	1
84	3
57	1
5	1
1	2
17	1
74	2
44	1
53	1
34	2
43	2
64	1
42	2
88	2
73	9
56	2
82	2
33	1
87	1
35	1
14	4
44	1
6	3
77	2
31	1
61	5
79	1
66	59
99	8
55	1
5	1
81	2
53	1
29	1
53	3
78	1
17	2
57	1
60	1
83	1
98	2
14	3
70	1
48	5
84	2
91	2
15	1
27	2
87	4
58	21
69	1
56	2
60	1
58	2
48	4
61	2
34	2
25	1
58	13
22	2
25	1
81	1
86	5
58	5
13	2
62	2
54	13
17	3
33	2
84	59
65	1
30	1
23	2
52	2
26	7
72	1
37	1
41	1
11	1
46	1
69	4
8	1
77	1
39	1
50	1
41	2
70	1
64	2
76	2
75	3
41	1
54	1
51	1
3	1
97	1
88	8
60	2
43	2
72	1
48	3
6	1
39	6
62	2
71	1
22	1
41	2
96	8
94	7
41	3
62	1
97	1
57	1
97	2
95	3
31	1
44	2
82	1
64	2
41	1
32	3
83	2
27	1
19	6
27	2
68	1
99	1
90	1
23	1
6	2
9	1
11	6
72	3
38	2
87	1
21	1
91	3
95	7
33	1
41	1
23	5
51	2
76	1
27	2
29	2
71	4
68	1
41	1
24	3
26	10
60	21
33	3
52	2
23	3
39	36
47	8
74	1
33	1
89	1
51	19
43	1
6	1
53	7
100	2
27	3
90	1
74	7
40	3
48	1
61	2
76	1
50	10
8	14
50	2
93	4
12	1
24	3
96	1
14	1
55	2
24	1
30	5
18	5
26	1
30	1
55	9
97	1
6	5
38	5
51	1
10	1
16	2
31	1
12	3
62	1
89	1
62	1
85	1
39	10
97	5
1	1
77	11
7	5
53	6
92	1
78	1
17	1
85	1
8	1
48	3
13	1
57	1
5	3
6	2
56	5
15	1
4	1
56	1
76	1
7	1
63	4
19	4
29	5
82	3
2	1
9	9
16	1
92	2
11	1
67	1
50	1
25	1
23	2
16	4
40	13
16	7
57	20
84	1
88	10
26	3
46	2
7	1
3	2
38	2
47	1
82	3
89	1
1	2
38	1
61	1
89	2
30	2
62	1
35	1
82	1
42	2
97	12
45	6
97	1
16	2
37	1
43	2
7	1
88	15
63	4
20	4
27	2
48	1
18	7
41	6
45	1
30	3
33	1
45	2
7	3
28	2
61	7
20	2
16	8
11	7
6	2
81	1
35	5
24	2
14	5
3	2
49	12
51	2
58	2
14	1
7	1
59	2
62	3
34	1
85	1
7	1
79	3
27	3
18	1
65	73
14	1
89	1
2	2
95	3
86	3
75	2
100	2
58	1
63	1
41	2
88	2
90	1
85	1
30	3
17	3
85	2
64	2
96	1
16	2
24	2
1	7
96	2
35	2
64	1
48	1
44	4
3	2
4	1
52	1
93	13
79	3
50	5
6	1
8	7
38	1
25	3
33	2
89	2
25	1
15	2
8	6
11	2
47	4
100	3
47	1
19	11
74	1
20	24
17	1
52	1
61	1
44	2
48	5
63	1
36	24
47	8
40	10
4	1
71	1
36	1
47	5
46	1
26	8
99	1
43	1
99	2
29	2
100	2
26	1
51	1
44	1
3	2
54	3
68	2
60	1
45	14
9	3
78	2
55	1
79	3
29	1
4	3
19	3
33	2
70	1
56	1
33	1
47	2
15	7
14	6
69	13
33	2
99	1
63	2
38	1
54	3
71	2
75	1
12	9
85	2
43	1
45	1
50	3
64	2
57	1
42	2
38	1
54	4
88	5
93	1
62	1
94	2
7	3
72	1
28	3
3	2
100	1
48	1
90	5
16	1
92	12
74	2
87	1
17	5
100	1
2	2
59	1
96	36
16	5
35	1
27	1
16	1
35	2
26	1
25	1
25	1
2	6
49	1
30	9
14	2
26	1
93	6
63	2
49	1
6	2
24	3
71	9
61	1
53	1
81	1
79	1
97	1
56	1
20	1
9	2
17	2
1	3
23	8
48	11
44	1
6	1
41	2
57	1
81	1
87	1
37	6
71	1
48	1
29	3
14	2
5	1
76	5
90	5
71	2
20	1
93	1
84	5
53	3
34	3
100	1
98	4
40	16
21	1
97	1
58	13
38	1
91	2
18	1
62	4
68	1
5	2
58	4
97	20
79	1
47	2
53	1
18	1
16	2
83	2
38	2
22	4
54	1
92	1
44	1
11	1
39	11
75	1
55	2
62	6
53	1
63	1
3	1
1	1
21	1
82	5
27	6
37	3
18	22
50	1
86	1
24	6
75	2
75	6
21	1
13	1
95	1
35	3
58	2
67	1
22	1
88	1
54	8
27	2
4	1
32	2
88	1
68	1
57	2
42	1
82	1
54	2
33	1
78	1
75	5
20	6
96	8
95	1
82	1
72	1
48	2
30	8
62	1
48	5
44	2
47	1
95	1
57	12
92	1
16	1
82	1
13	1
93	2
29	7
79	1
64	1
56	3
13	11
42	1
87	1
49	3
66	5
36	1
69	2
8	1
44	2
23	3
69	1
66	3
93	1
97	1
22	7
49	1
21	4
45	2
79	2
91	15
87	3
65	8
57	2
95	6
64	1
60	1
35	4
29	1
21	2
35	1
81	2
79	1
77	1
11	1
16	1
50	2
30	1
61	1
90	1
90	1
75	1
37	1
25	1
40	2
93	5
90	5
61	1
77	2
91	2
95	3
39	2
11	1
62	1
58	3
29	3
7	1
47	1
16	1
59	2
20	1
33	2
80	2
81	2
86	2
95	11
80	13
28	2
58	11
65	3
95	1
14	3
100	1
96	14
87	1
22	2
62	2
20	1
51	4
49	4
23	1
69	2
81	2
44	3
89	2
4	3
54	1
36	1
33	1
72	1
90	3
77	1
50	2
91	5
48	15
89	6
87	1
71	1
56	1
8	1
23	1
31	18
32	4
32	2
1	4
34	1
99	1
92	1
6	1
1	3
26	1
22	1
49	2
82	1
59	4
4	1
3	17
12	13
3	9
1	2
50	3
97	15
45	4
48	5
75	12
7	2
92	2
15	40
24	4
48	4
40	1
66	1
36	1
80	1
72	2
93	7
18	1
20	2
82	2
16	16
71	2
7	23
53	1
2	11
20	1
10	1
51	7
52	2
4	3
76	3
15	5
47	4
61	4
46	1
90	4
49	5
86	12
22	5
79	2
14	2
76	1
8	2
3	47
64	2
94	1
33	3
59	1
92	3
49	9
65	8
1	3
50	1
20	5
75	1
46	2
48	1
16	10
100	1
18	2
23	1
54	2
23	2
86	1
34	3
54	1
76	3
63	6
91	17
95	2
79	1
58	1
18	2
85	2
42	1
83	2
65	2
71	2
51	4
53	2
93	1
86	2
12	4
44	4
29	1
72	1
35	2
37	1
53	4
20	6
75	1
9	6
90	5
26	1
38	5
28	1
37	1
2	2
61	3
54	2
88	2
53	1
57	1
25	1
14	3
2	1
97	3
78	5
93	2
78	8
86	1
13	9
70	6
21	10
63	3
24	5
3	1
75	2
68	40
20	3
94	1
20	4
36	4
28	2
5	1
58	1
14	2
11	1
40	23
65	2
61	2
56	4
67	1
27	6
81	3
19	1
71	1
68	1
40	2
86	1
4	2
85	1
69	1
100	3
29	2
61	7
56	1
57	3
98	1
60	1
80	3
55	1
73	1
8	3
70	8
59	1
40	1
90	1
89	2
15	3
4	5
10	3
43	1
33	3
100	4
21	4
74	2
34	5
97	2
61	1
86	1
91	1
61	6
32	5
20	1
70	3
72	1
86	1
97	3
5	2
13	2
79	1
52	7
36	1
5	4
18	2
15	3
66	2
39	3
80	1
94	3
84	3
80	1
83	4
90	3
27	1
16	1
93	2
69	1
66	1
76	1
66	1
42	3
22	1
79	9
89	1
2	3
41	1
93	1
60	3
61	36
37	6
95	2
94	1
60	6
40	2
94	3
82	2
88	2
67	1
55	3
42	2
80	1
40	1
56	2
6	1
89	1
44	2
26	1
50	1
1	1
25	1
99	2
81	2
12	2
4	7
7	5
74	1
79	1
57	9
16	1
3	5
8	3
38	8
39	2
23	2
29	1
85	3
56	3
16	1
16	1
84	2
17	1
7	1
74	1
81	2
82	1
92	5
85	1
26	3
68	1
62	1
46	1
78	1
14	1
19	2
65	2
3	3
63	8
79	6
77	1
76	1
98	5
50	1
100	2
5	2
23	2
19	2
15	1
21	4
41	6
9	2
42	1
37	8
73	3
92	1
79	1
10	3
86	2
10	2
86	1
55	3
83	1
29	1
21	1
28	4
88	1
18	3
100	1
37	4
73	1
24	3
46	1
79	5
