5242
57	1
31	1
47	6
87	3
40	1
86	1
81	4
15	1
15	1
54	49
2	38
61	2
56	2
82	1
72	1
79	2
77	1
64	2
24	1
71	2
49	1
90	1
77	19
57	1
16	1
15	2
59	1
82	3
56	2
82	1
28	1
59	5
22	1
27	1
28	1
59	3
56	5
57	1
56	2
27	1
74	1
92	1
19	1
98	1
87	3
5	1
44	8
17	1
89	1
13	3
43	1
45	1
71	3
82	1
66	1
49	10
100	3
23	1
64	3
96	23
56	1
63	4
14	4
67	2
74	1
71	2
1	1
66	5
15	3
2	1
6	6
71	6
94	1
27	1
69	1
59	1
73	4
74	1
52	1
40	2
70	1
94	2
76	1
46	19
58	12
22	1
100	1
72	14
89	2
54	2
71	1
33	3
84	3
80	3
50	1
13	1
81	1
45	1
16	1
47	2
40	1
40	3
64	4
36	1
12	4
60	1
52	1
76	2
54	1
71	1
74	1
25	25
92	1
63	2
11	9
36	13
80	3
94	3
89	1
46	1
70	24
33	2
1	3
8	16
14	2
60	2
64	2
94	5
6	1
66	8
16	10
22	1
27	1
90	21
96	1
66	3
44	1
89	2
9	1
2	1
78	1
9	1
98	9
48	1
61	1
74	1
17	1
75	1
10	1
9	2
50	1
25	2
27	9
94	2
62	1
57	10
8	1
32	1
71	12
63	1
48	1
11	2
32	1
59	1
100	3
50	4
97	1
46	1
39	2
58	1
38	3
43	2
31	1
54	3
9	1
35	6
4	1
21	5
29	5
28	3
50	7
81	1
2	1
22	2
69	1
44	4
45	4
2	1
64	1
79	1
75	3
28	3
10	2
13	1
31	15
70	2
68	8
30	1
27	1
13	3
82	21
100	1
94	1
52	2
8	6
29	2
94	6
12	1
8	1
93	1
67	2
21	8
11	1
58	3
5	10
84	1
27	1
63	3
36	2
29	1
95	2
29	1
64	1
91	1
67	1
12	3
96	7
22	7
87	1
47	9
50	1
77	2
64	1
99	1
5	1
95	7
35	1
39	8
67	1
21	1
16	21
22	1
17	3
69	3
22	1
93	3
96	3
50	1
12	8
59	1
27	1
18	3
31	3
60	2
90	15
34	7
64	1
68	3
49	2
34	1
3	1
45	4
99	3
10	1
47	1
77	1
76	1
86	1
3	2
7	1
29	2
48	2
98	1
76	1
4	1
20	1
39	4
8	1
63	2
99	3
40	2
33	9
22	1
25	1
15	1
19	21
74	1
39	3
33	1
68	1
26	2
46	2
56	3
54	3
74	4
30	6
31	1
80	3
32	1
79	1
86	2
93	1
67	1
81	13
100	19
87	1
87	1
94	1
36	1
63	1
2	1
26	2
6	2
36	1
60	3
87	1
67	13
7	4
14	3
84	3
86	2
91	5
5	1
18	1
82	1
5	1
72	5
67	1
86	1
66	5
21	1
93	2
83	3
24	3
37	6
62	3
80	2
98	3
87	8
79	4
96	2
54	1
12	1
96	1
75	1
93	1
64	3
85	1
87	1
95	1
66	1
49	6
11	2
32	2
61	1
68	1
45	2
27	2
41	4
5	4
34	7
13	2
38	1
43	6
57	1
51	1
96	1
71	1
97	2
54	1
17	1
17	5
94	1
21	3
16	2
1	2
27	1
97	1
14	7
92	6
80	1
97	1
45	2
85	1
73	1
2	1
63	1
54	1
64	3
42	1
51	1
31	2
58	1
45	1
18	32
46	8
30	3
77	2
12	1
67	5
51	3
77	8
41	2
21	2
4	4
86	2
55	1
35	2
95	1
88	11
66	3
13	1
30	1
22	1
50	1
29	1
60	4
17	4
87	11
8	3
99	1
48	1
61	1
70	1
12	1
22	1
45	1
24	7
75	2
66	2
37	1
28	5
4	8
99	6
33	5
84	1
51	2
89	7
16	1
69	2
70	3
7	2
76	2
39	3
79	1
78	27
2	2
14	5
1	1
47	1
22	6
16	1
64	1
34	4
65	3
61	4
96	1
99	7
1	2
25	1
45	2
98	1
59	1
3	4
28	1
44	3
34	3
73	3
67	1
79	2
12	1
17	1
57	1
81	1
56	22
89	1
60	1
97	2
1	3
29	1
51	2
29	1
82	1
32	1
58	2
83	2
52	1
27	2
65	4
18	8
65	4
71	1
43	4
41	11
18	30
71	1
92	1
4	1
51	2
25	14
49	1
29	3
57	3
61	2
15	1
45	2
35	1
54	1
83	7
20	2
67	2
20	3
45	2
83	1
63	3
8	1
18	1
15	2
95	1
48	27
4	1
91	42
59	2
15	2
90	1
93	2
28	3
65	9
91	1
20	4
59	1
16	3
14	1
2	1
57	3
69	1
93	1
98	2
55	11
44	4
49	2
51	2
3	5
1	20
67	1
98	30
98	1
52	5
47	23
23	1
6	1
14	7
3	1
53	1
74	3
53	2
35	2
51	3
22	9
82	1
74	1
64	1
96	3
85	4
73	2
96	1
99	2
80	2
24	1
9	5
79	2
24	3
16	2
53	4
76	5
77	1
18	1
71	2
7	3
7	3
62	1
61	6
15	2
64	2
23	1
88	9
85	2
65	1
36	2
41	11
3	2
63	1
8	1
37	1
39	1
97	1
48	5
16	1
100	10
53	10
4	14
74	1
54	2
92	2
7	1
3	2
100	3
81	5
49	1
73	5
11	2
43	2
30	2
24	4
90	5
3	1
19	5
84	2
66	2
12	2
58	2
33	2
82	3
64	1
33	1
21	1
57	1
4	3
73	7
20	3
55	1
58	3
50	1
49	4
68	2
39	1
78	4
34	1
35	1
41	1
37	2
61	1
28	1
83	1
44	3
18	1
76	1
75	1
20	1
92	1
36	2
65	1
53	1
24	1
51	2
6	5
81	12
83	1
35	3
64	1
19	1
27	1
7	24
23	1
77	3
66	1
48	2
28	2
83	13
40	3
72	1
71	2
15	2
64	14
71	1
78	1
59	16
87	5
10	1
95	5
78	6
1	3
93	2
78	2
83	2
60	4
17	3
10	1
84	1
32	5
51	1
94	2
66	1
25	1
92	1
12	8
31	2
47	3
91	3
3	1
44	2
31	2
44	4
43	2
64	1
84	1
36	20
74	4
61	1
27	3
22	3
26	2
53	4
79	1
99	1
20	1
47	2
5	1
94	2
21	2
26	20
75	7
85	1
65	1
99	8
2	11
32	2
23	1
2	1
78	1
86	2
45	2
4	7
74	1
100	10
58	2
97	1
89	1
81	4
31	1
95	1
50	1
62	1
13	3
77	1
66	4
92	17
98	1
62	1
43	1
64	6
90	27
85	10
46	3
83	1
47	10
59	1
7	4
71	2
34	2
14	1
66	9
60	11
3	1
34	1
86	1
49	1
61	1
58	1
1	1
85	4
69	7
46	1
14	1
51	3
20	19
97	3
20	7
99	11
33	1
18	8
85	1
97	9
3	1
55	2
46	14
54	1
34	1
93	2
20	3
46	1
58	3
27	2
54	1
50	4
13	2
55	1
38	2
93	1
5	1
47	2
38	5
16	2
4	1
69	1
55	5
65	2
60	2
93	1
71	1
50	2
65	3
31	1
55	2
46	3
74	2
61	1
44	1
37	2
40	1
73	1
23	1
9	1
31	8
46	1
47	2
36	2
51	1
65	3
46	1
16	2
5	1
86	4
56	1
47	2
79	5
40	1
8	2
35	1
1	3
44	1
79	4
10	1
49	9
86	2
35	36
65	3
29	1
39	3
23	1
83	1
9	2
3	5
75	1
58	1
21	3
26	1
32	6
80	1
12	2
26	1
18	2
88	2
43	1
86	1
16	5
66	5
95	2
95	1
9	1
99	1
57	1
32	3
62	2
72	1
28	2
70	1
90	1
95	3
36	1
48	1
100	1
78	2
85	2
66	4
28	1
26	1
92	3
24	1
20	2
26	3
43	1
96	7
57	2
67	2
74	4
94	10
32	1
71	1
98	2
13	2
4	2
62	2
46	2
49	1
32	1
17	1
25	7
62	4
54	1
72	2
94	1
3	2
91	1
41	1
13	1
66	3
42	4
15	1
63	7
4	1
41	1
24	2
84	1
98	1
12	2
67	1
90	2
30	9
46	4
20	2
26	1
77	10
63	17
6	5
6	6
23	1
81	4
15	1
30	2
52	2
32	1
99	1
38	1
53	4
2	3
92	1
9	1
98	2
12	3
48	1
15	1
67	1
16	1
10	3
44	2
39	1
82	1
100	1
68	2
6	1
75	9
48	1
70	3
6	1
99	1
1	13
75	1
60	11
51	2
40	1
34	4
73	2
18	3
38	22
75	18
54	2
93	41
84	3
49	2
46	1
93	5
63	2
17	6
10	9
47	3
13	1
78	4
46	1
56	1
79	2
79	6
30	4
88	1
32	1
53	6
86	1
74	2
65	9
74	2
9	1
26	2
51	3
57	3
49	1
32	3
45	2
15	2
32	4
39	14
90	1
43	1
40	3
75	1
10	2
81	2
72	2
42	1
60	1
71	1
65	4
91	29
15	1
86	1
58	2
60	1
19	1
74	1
21	1
14	2
100	14
51	6
4	1
94	2
45	1
75	2
69	9
21	1
21	5
80	1
82	2
77	3
44	28
10	5
49	2
46	1
20	1
72	2
92	3
38	3
32	4
97	2
80	2
86	5
75	4
81	1
59	2
8	4
58	2
69	1
91	5
59	2
62	3
85	3
46	1
92	2
37	3
80	2
9	2
19	1
85	1
91	2
60	5
96	1
19	3
28	2
30	2
24	2
67	1
47	5
34	1
92	1
30	1
38	5
91	2
20	2
59	3
69	3
65	6
36	16
31	3
96	3
100	2
54	1
31	1
81	1
42	4
85	1
46	1
8	2
30	4
62	9
93	1
58	2
97	2
92	1
59	1
39	1
10	1
75	1
44	2
7	1
78	2
7	11
65	1
62	1
44	1
85	3
4	1
45	1
39	4
79	1
27	6
7	1
60	2
31	2
40	5
91	3
79	1
44	2
62	2
40	2
28	1
46	1
19	2
35	2
78	3
6	1
33	1
95	1
98	1
47	2
13	1
6	1
86	4
86	2
55	2
57	1
53	2
17	2
43	1
32	2
20	1
79	1
53	3
97	1
49	6
39	5
84	3
4	3
45	2
21	1
17	4
85	1
30	10
44	1
56	2
44	5
64	2
80	2
47	22
18	2
74	1
8	4
51	2
79	1
3	2
46	1
27	2
92	2
83	4
27	3
62	2
17	1
44	3
45	3
27	2
36	2
69	1
58	6
5	1
18	1
38	9
78	1
45	3
19	1
56	1
69	5
67	2
46	1
37	2
3	2
3	5
63	2
33	1
94	8
11	3
44	5
78	2
11	1
41	1
1	1
74	1
66	1
10	2
5	1
1	2
8	1
96	1
78	1
46	2
17	2
37	1
4	1
84	1
37	1
95	4
72	4
10	5
11	1
100	5
16	9
73	4
6	1
97	13
48	2
9	1
99	4
75	2
60	4
20	8
34	2
36	3
34	1
94	3
67	1
63	1
96	2
57	4
8	1
88	1
95	2
23	6
93	1
99	1
59	1
99	2
84	1
48	3
83	2
66	13
37	2
83	4
19	2
85	2
44	1
37	2
19	6
35	2
59	2
63	1
54	2
60	1
100	1
7	4
52	8
87	2
55	31
72	2
12	2
3	32
79	1
97	2
49	28
9	3
19	1
76	5
36	1
61	2
95	1
73	10
42	2
38	4
80	1
74	2
69	1
98	4
15	10
97	4
80	3
22	2
79	1
70	2
33	1
5	4
49	4
28	1
88	1
90	13
79	16
10	1
39	1
98	12
5	10
19	2
2	1
82	5
38	1
99	5
85	3
52	3
80	1
26	1
48	1
85	32
30	1
77	1
6	5
76	5
20	5
46	3
87	49
5	2
34	6
97	21
6	1
2	5
30	3
55	1
47	3
55	1
85	1
100	1
57	3
52	5
69	8
100	2
28	3
30	10
7	2
31	1
77	14
100	37
64	7
84	1
45	2
41	2
21	1
23	1
15	3
4	2
74	1
42	1
59	3
67	1
1	3
81	1
33	1
87	1
86	6
61	1
12	1
63	3
41	1
60	2
10	5
94	1
69	2
88	3
57	1
45	3
3	3
90	1
9	1
35	1
98	3
76	1
96	14
92	1
26	4
47	1
65	1
22	4
74	2
12	1
67	1
43	5
85	4
7	2
60	1
87	11
88	1
69	1
56	1
23	10
62	1
68	2
61	2
10	1
2	1
21	26
29	2
88	1
47	1
58	7
87	12
66	1
10	2
8	2
93	2
99	7
4	2
83	1
59	1
50	2
65	4
79	1
85	3
10	8
11	3
40	1
15	1
22	5
38	4
93	1
12	7
87	2
61	1
78	13
12	1
30	2
1	9
26	1
77	1
71	1
6	1
88	1
14	4
95	9
38	3
84	6
30	1
15	1
90	2
60	1
24	1
82	3
52	7
65	1
93	3
19	1
45	2
69	1
14	2
65	8
55	3
4	1
22	2
26	4
63	1
16	7
30	2
65	6
55	9
61	4
64	22
97	3
84	1
69	2
33	1
52	1
33	1
22	13
26	2
16	1
88	2
29	1
80	1
97	1
22	13
34	1
87	3
96	6
99	2
71	3
49	7
69	1
81	13
86	13
41	2
49	1
36	4
44	13
22	4
2	3
1	3
31	3
16	1
61	2
41	1
49	1
57	1
73	2
60	4
99	3
15	1
32	1
76	3
17	10
19	3
43	2
4	2
59	1
50	4
38	3
2	1
35	22
3	2
50	1
69	1
18	8
99	1
84	1
75	2
22	5
18	1
65	1
88	2
93	1
93	2
82	2
67	1
7	1
75	1
35	3
60	1
77	2
52	1
83	2
12	1
72	2
71	1
55	4
62	4
98	1
80	2
4	1
47	1
67	2
70	1
67	1
9	2
39	5
7	1
39	1
81	2
51	1
97	2
65	1
55	9
63	1
46	14
32	6
28	2
65	3
55	9
30	1
78	1
24	1
46	4
53	2
23	1
81	2
12	3
80	2
60	9
52	4
60	1
48	1
85	1
39	2
47	1
2	1
41	4
59	5
42	2
15	1
18	2
86	8
93	2
48	5
59	4
60	2
34	6
8	3
71	54
8	1
18	1
44	2
38	3
95	2
64	1
95	2
57	2
63	1
97	1
4	15
8	1
76	1
69	1
10	1
33	1
59	2
79	2
60	2
55	1
99	4
15	1
52	1
78	7
71	3
75	1
33	2
88	3
27	8
95	1
99	3
5	2
28	4
63	1
55	1
93	2
88	1
2	1
30	3
4	1
57	1
78	1
11	1
100	1
73	1
25	1
72	4
33	1
68	5
38	1
64	2
78	2
89	1
41	1
10	3
21	2
25	1
58	3
67	2
76	2
3	5
62	1
33	1
74	1
41	2
73	1
93	4
55	5
81	2
2	5
91	1
12	2
24	1
54	3
31	2
80	1
81	1
59	4
87	9
64	1
47	2
31	6
90	1
23	5
31	1
16	1
97	1
40	2
1	3
61	9
22	2
67	1
34	3
67	2
61	4
47	1
22	2
97	1
13	3
37	1
94	7
16	1
83	2
14	1
99	1
17	1
67	1
75	4
61	26
71	2
27	1
80	1
45	1
63	4
99	1
52	1
3	4
86	1
25	1
20	1
26	1
95	4
71	3
95	1
66	1
56	1
86	2
92	3
14	2
91	1
53	1
8	6
64	3
92	8
44	5
14	1
98	3
64	1
81	1
3	2
27	2
38	2
96	2
45	1
35	2
25	1
32	1
94	1
29	4
34	1
47	1
45	2
8	1
65	3
70	2
86	8
29	6
11	1
55	4
37	1
46	2
29	4
49	7
24	1
59	1
1	1
56	1
1	1
4	1
55	1
88	1
72	2
66	1
43	2
41	2
61	2
45	17
14	1
11	3
22	1
98	2
77	1
18	1
72	2
46	1
46	1
69	13
100	7
51	4
5	1
26	3
28	2
6	1
14	1
34	16
88	1
56	10
35	2
46	1
46	3
83	3
76	1
59	1
88	1
21	1
51	3
10	1
67	25
75	1
35	1
15	2
38	2
90	10
47	1
82	1
26	1
86	1
19	1
79	5
5	1
50	2
97	4
85	1
78	2
96	3
18	28
37	1
36	7
31	11
61	1
78	12
31	1
90	4
60	1
59	1
72	4
19	1
23	1
35	5
66	4
15	2
44	6
90	1
29	3
13	1
35	1
79	1
6	2
18	3
93	1
28	12
40	2
35	1
54	2
13	2
51	1
2	1
29	1
73	1
15	1
51	3
27	2
19	1
1	20
48	1
16	3
56	2
26	5
68	5
12	1
97	1
10	2
8	1
94	3
99	7
68	3
9	3
30	3
30	2
67	1
23	1
57	1
40	2
72	2
60	6
38	2
97	3
58	27
88	1
87	1
11	5
35	2
100	1
98	1
46	1
11	4
97	8
97	1
100	1
94	1
3	1
70	12
81	1
58	2
30	2
6	2
50	1
11	2
8	1
82	24
23	3
20	1
62	1
58	4
89	3
23	7
85	9
94	1
72	1
84	1
47	1
93	2
82	2
48	5
14	1
94	2
73	2
58	3
81	7
47	2
69	3
12	2
14	1
21	1
59	1
37	4
97	1
56	5
87	2
71	2
85	1
87	24
28	1
95	4
10	1
29	38
15	5
86	12
100	2
64	2
14	1
19	2
85	2
44	1
78	1
71	2
81	2
22	1
53	24
20	1
62	1
96	1
44	4
55	11
39	4
54	3
21	2
17	4
98	45
28	4
77	2
92	1
58	1
69	5
82	2
76	1
40	1
70	23
51	2
79	2
93	9
44	1
7	3
22	1
72	1
35	9
98	1
9	1
92	1
17	1
17	3
19	1
14	4
43	1
63	2
57	1
8	2
71	4
60	2
23	4
92	1
32	1
35	1
96	1
69	1
50	1
55	1
44	4
55	2
83	1
63	1
75	4
91	3
37	3
41	2
81	7
19	1
25	6
4	2
31	3
83	2
8	15
100	1
56	1
41	1
75	11
81	1
26	1
51	1
21	1
76	3
27	1
69	1
99	2
23	6
95	2
14	2
94	1
56	1
71	2
44	8
4	12
51	1
95	1
94	1
95	1
71	1
14	1
77	2
62	1
46	5
8	3
9	1
75	15
7	3
13	1
95	1
73	1
96	1
97	1
37	1
9	3
16	1
98	2
38	2
95	3
67	1
45	5
59	1
92	2
17	5
14	2
23	1
7	2
57	2
10	3
45	2
53	1
43	2
56	6
13	1
15	1
56	1
7	4
31	14
31	1
57	7
9	1
82	1
100	1
69	3
84	1
30	1
77	2
89	1
52	1
34	1
33	1
78	1
7	4
92	4
54	3
80	4
26	2
28	1
4	1
85	1
12	1
26	2
37	9
73	2
67	1
7	4
51	1
93	1
43	1
45	1
31	6
9	2
89	1
84	2
87	2
30	2
85	2
38	1
73	2
62	1
72	3
42	1
55	2
30	2
70	12
44	2
1	5
12	4
43	1
33	3
67	4
78	1
21	1
24	4
29	1
36	1
56	2
25	1
14	2
10	2
31	1
87	5
8	2
73	1
44	1
30	11
71	2
13	3
75	3
36	2
73	1
7	1
51	4
42	1
89	1
51	1
8	1
2	1
38	1
17	2
31	2
43	2
5	1
44	5
43	1
34	9
54	5
94	2
74	5
73	3
90	6
33	1
64	1
63	2
12	1
34	1
29	1
46	1
83	1
64	2
25	4
91	1
88	6
86	1
23	1
27	4
33	2
60	4
96	2
48	3
57	1
52	1
58	1
70	4
39	4
69	1
29	1
44	3
95	4
80	2
39	3
81	6
16	1
70	1
19	4
22	1
99	3
60	2
23	1
99	3
13	5
27	4
78	3
60	3
99	7
41	3
49	2
64	3
66	6
79	1
51	2
10	1
26	2
8	1
1	1
60	2
77	3
5	6
55	2
29	29
59	9
47	2
95	1
74	2
43	2
95	9
57	8
97	2
77	2
81	11
14	1
42	2
29	2
47	2
14	3
40	1
48	2
82	1
48	5
53	1
63	1
39	1
55	1
4	1
91	11
59	4
79	1
97	4
98	1
42	5
21	1
86	1
19	1
62	1
77	23
59	5
65	2
62	2
32	1
1	1
53	2
29	2
11	4
90	1
71	8
70	1
64	1
11	1
25	3
51	1
39	1
93	1
58	7
26	1
23	1
14	3
89	4
11	6
70	1
7	2
31	2
82	2
35	2
79	1
69	7
13	1
89	1
13	1
10	1
86	3
16	1
12	1
44	2
55	1
21	1
4	2
42	3
100	2
34	4
87	6
6	1
60	11
7	1
92	1
62	1
53	2
80	12
84	2
37	6
88	15
4	2
12	2
33	1
24	3
41	2
19	1
13	2
44	2
53	2
40	1
65	2
94	3
7	1
71	2
20	3
51	1
54	1
19	2
25	1
3	1
56	2
14	5
50	1
92	1
45	3
68	1
22	1
56	1
42	4
22	1
37	1
35	1
34	1
27	1
99	3
26	1
1	1
26	3
96	1
55	1
99	2
52	1
87	1
99	3
34	2
41	1
44	5
11	1
32	1
38	1
69	2
87	1
53	2
74	1
81	5
92	2
2	5
51	4
51	3
67	1
73	1
57	1
34	1
96	1
59	3
98	1
99	7
99	4
48	2
4	1
51	2
60	7
90	4
91	2
15	6
79	4
68	12
7	1
5	1
17	3
87	1
93	1
50	1
89	1
66	1
77	9
90	1
72	3
50	1
23	1
24	2
55	1
40	2
44	2
16	1
59	4
78	2
39	2
94	1
75	1
74	12
80	2
39	6
95	1
17	1
8	1
22	2
83	2
75	2
58	1
89	1
44	3
19	8
44	1
65	1
76	1
38	1
7	2
12	1
95	1
26	2
11	4
37	2
99	3
47	1
55	1
17	2
31	1
93	1
30	8
29	1
36	2
21	67
19	2
51	2
87	1
80	3
92	2
69	1
66	1
70	7
54	2
47	2
24	1
1	2
100	3
56	10
98	3
29	6
11	3
33	3
6	1
94	1
32	9
91	7
80	5
74	29
2	2
70	6
10	1
81	32
2	2
96	22
63	1
71	4
54	2
71	2
18	1
7	14
78	4
51	2
62	2
42	4
95	1
40	3
32	2
17	1
8	1
88	9
87	1
95	2
12	2
50	1
33	1
82	1
9	3
18	8
59	8
85	4
22	1
9	1
47	5
90	1
40	2
28	1
86	1
69	2
91	2
30	2
29	1
84	1
47	2
59	1
12	1
10	1
70	2
39	20
46	2
26	5
9	2
62	3
79	1
95	7
51	1
95	2
86	1
16	1
30	1
89	3
69	2
27	30
67	5
59	2
96	4
48	2
89	1
2	1
90	19
87	2
71	4
70	1
10	3
44	1
12	1
32	1
33	2
70	1
26	1
14	1
12	1
81	1
21	3
18	8
29	1
1	16
88	6
11	2
7	1
87	1
89	8
98	1
80	1
71	1
47	5
83	4
96	2
9	1
45	1
77	2
33	2
28	3
98	2
68	2
95	1
22	1
76	3
55	4
38	2
17	1
12	10
45	23
61	1
74	1
30	9
82	2
78	2
85	1
50	3
31	8
9	1
78	1
75	2
44	1
8	4
99	5
10	19
77	3
47	2
27	3
51	1
41	2
72	2
6	2
80	1
68	1
93	1
77	1
28	3
35	8
83	2
5	1
28	2
61	1
34	1
54	2
50	4
15	9
23	1
45	16
12	1
94	2
8	2
75	1
41	1
73	9
93	3
66	1
61	2
98	4
17	6
29	1
48	3
91	1
19	32
76	1
47	1
38	1
39	1
41	2
24	1
54	1
94	1
40	1
97	7
100	1
91	6
84	1
75	1
60	6
61	3
75	2
55	2
66	1
75	13
76	3
71	1
65	5
51	1
71	1
44	2
65	5
50	2
72	2
25	1
69	1
17	1
45	3
54	11
68	2
67	1
77	3
23	5
6	2
49	1
72	2
97	1
26	3
87	1
71	3
79	2
49	1
34	1
70	1
54	3
19	6
31	2
13	2
88	1
25	11
45	1
81	1
84	12
40	1
55	11
34	1
100	13
32	1
78	1
24	3
41	6
6	2
36	2
75	1
36	16
64	1
99	1
26	12
1	3
57	1
26	1
92	2
75	1
62	3
27	2
86	1
26	3
41	1
9	1
40	2
17	2
29	3
98	1
50	4
18	9
57	1
47	3
71	3
22	1
24	4
68	4
18	1
99	3
58	3
76	4
56	1
4	1
60	1
37	1
3	1
66	1
52	1
59	17
36	2
58	1
32	1
71	1
22	2
11	1
80	1
79	9
83	1
18	22
35	2
54	1
63	1
100	4
86	3
88	1
91	2
83	1
73	2
23	5
25	1
76	1
76	15
39	2
40	1
51	1
66	2
67	2
26	1
94	1
76	1
83	8
29	1
40	1
21	14
99	2
99	1
1	3
85	6
83	2
100	1
2	2
40	1
97	2
85	1
27	3
75	3
30	1
77	4
61	1
35	1
94	1
37	1
11	2
85	1
97	13
30	12
5	44
69	1
38	11
43	1
17	1
77	2
77	2
67	1
2	1
47	1
90	1
40	4
56	1
96	1
64	2
53	1
98	1
21	1
78	1
2	5
36	2
92	5
87	1
52	3
63	22
86	1
34	13
55	1
53	1
93	7
27	1
88	1
18	1
62	8
75	1
40	6
97	1
26	7
94	3
22	1
75	2
60	13
84	4
49	1
16	2
56	13
89	23
18	1
3	3
4	8
47	3
39	1
27	1
78	3
92	1
27	1
6	3
78	8
4	1
28	2
70	1
13	4
79	9
16	3
66	1
10	7
15	4
58	4
15	9
12	2
86	7
24	2
76	1
83	4
79	1
1	2
45	1
7	1
48	1
4	4
93	5
28	10
64	1
99	1
24	19
87	1
48	1
3	2
16	7
5	1
46	1
94	1
22	1
13	9
26	21
85	30
32	1
77	1
49	3
28	2
37	2
32	3
29	1
10	2
22	4
89	1
70	23
61	1
86	1
12	2
93	5
33	1
12	1
75	1
35	16
35	1
21	1
6	2
3	2
44	1
80	2
95	1
18	1
45	3
80	1
66	1
56	1
53	1
58	4
79	1
33	1
63	2
31	1
53	23
35	11
61	4
80	1
16	1
10	1
52	2
67	1
65	1
67	1
42	3
96	1
69	13
85	2
33	3
3	1
53	5
33	2
4	3
68	1
60	3
30	3
69	4
33	4
22	2
54	1
27	2
35	1
29	1
78	1
86	1
97	2
69	2
3	1
44	1
42	6
98	2
19	1
23	1
55	1
53	2
59	4
9	10
74	1
15	1
1	1
87	1
42	2
30	1
31	1
65	6
29	1
47	24
32	3
1	1
64	1
46	1
32	2
18	5
95	2
12	1
37	4
97	2
5	12
22	1
51	5
58	23
52	3
29	2
24	1
20	1
34	4
61	2
72	2
74	1
63	3
13	3
87	1
28	1
87	2
77	3
39	1
72	2
42	1
72	1
81	1
57	1
8	2
82	1
99	26
97	1
45	1
11	1
70	3
26	3
39	2
96	2
40	3
66	1
19	2
51	9
32	1
16	2
27	1
22	2
56	2
86	12
78	1
35	19
87	1
6	2
13	1
54	4
72	1
86	8
60	2
92	3
46	2
33	1
56	1
97	8
23	11
15	3
83	1
51	1
8	1
97	9
62	2
24	5
21	1
75	1
48	2
74	1
25	1
17	1
12	1
94	1
99	2
38	1
8	1
53	1
49	5
87	35
51	2
46	2
71	3
54	1
90	2
15	1
33	1
49	5
47	2
81	1
2	1
30	4
11	1
76	1
84	1
72	1
23	6
9	23
41	3
15	6
41	1
47	1
63	1
68	1
88	2
6	8
18	13
54	7
22	1
90	1
94	1
42	1
34	1
13	2
64	2
7	1
59	6
28	1
51	1
29	2
46	10
83	3
74	4
47	1
16	1
3	3
1	1
76	4
98	4
59	2
18	1
16	1
21	4
96	11
93	3
61	1
63	2
57	1
30	4
34	1
92	5
5	2
31	1
26	2
72	2
40	2
1	1
17	1
53	1
92	2
40	1
87	2
50	9
41	1
98	1
75	1
61	1
33	1
62	6
23	3
93	1
22	3
21	1
66	3
53	1
70	1
64	2
98	2
3	1
43	1
16	1
93	1
47	1
72	1
86	1
93	6
8	1
23	1
55	14
54	2
96	7
51	1
83	9
23	19
39	1
40	6
33	4
82	2
60	1
90	16
51	1
75	2
99	2
38	8
36	1
64	1
18	1
93	2
62	6
40	1
31	4
6	4
15	1
93	3
44	1
23	2
16	1
3	5
45	2
71	1
35	1
66	2
99	4
7	2
76	1
64	4
25	1
20	1
60	4
64	14
97	13
48	2
34	4
30	3
46	1
13	2
37	3
36	2
39	1
99	1
88	4
71	1
35	1
54	2
53	1
48	3
7	2
13	9
49	3
74	1
45	11
26	1
16	1
20	8
8	1
20	2
32	3
63	4
32	1
12	2
37	2
86	3
58	1
88	2
44	1
4	11
47	6
25	1
94	2
69	4
13	3
48	1
30	3
63	3
77	2
98	2
37	3
61	3
84	7
56	2
60	1
71	1
40	1
73	1
90	2
86	4
32	1
98	1
46	2
75	1
90	2
39	3
6	2
24	1
98	1
20	3
38	2
16	2
36	1
14	1
80	6
78	5
35	2
24	4
39	1
53	1
21	1
6	2
42	2
67	1
60	4
49	2
27	1
30	8
3	2
38	1
41	2
96	1
42	1
6	1
21	3
8	2
54	1
19	1
46	1
86	1
74	1
58	6
1	2
13	10
30	3
88	2
17	3
97	1
7	2
90	1
13	1
72	2
14	2
12	14
79	1
20	9
35	1
4	7
16	4
90	5
70	2
68	1
13	6
96	2
70	1
49	1
86	1
51	1
15	1
14	5
64	2
97	1
62	1
37	2
69	3
74	1
56	2
76	1
9	2
90	2
59	6
64	1
62	1
100	2
80	2
73	1
98	1
97	1
21	3
87	1
11	1
31	1
53	3
37	2
32	1
43	1
68	5
38	8
23	1
9	9
2	1
1	1
1	1
57	1
82	2
66	1
55	2
62	1
5	3
20	1
28	2
78	4
19	3
27	5
4	2
48	1
19	1
3	3
97	4
97	5
5	2
21	2
10	1
19	2
32	3
54	2
100	3
5	3
97	2
63	1
70	2
4	1
62	2
63	1
68	2
87	1
73	1
36	1
41	2
99	2
91	1
82	2
34	1
64	10
68	1
82	3
40	1
29	3
95	1
10	1
2	1
91	1
6	2
7	7
79	2
21	1
61	17
15	2
87	4
76	6
55	1
95	1
95	2
46	3
66	2
55	1
54	1
40	1
22	1
61	11
54	2
73	1
35	6
60	1
16	6
80	3
96	2
64	1
49	1
83	1
16	1
80	1
86	1
32	2
20	1
59	1
26	5
39	1
69	2
85	3
36	1
5	2
90	2
73	2
81	2
3	1
96	4
68	2
4	8
39	4
96	15
47	1
79	1
84	4
38	3
34	1
36	1
9	16
10	1
66	3
40	2
37	2
53	7
19	5
8	3
30	1
6	5
27	1
17	9
35	2
82	1
80	6
10	5
46	4
72	2
61	4
83	1
97	1
54	3
95	39
24	1
15	2
5	3
64	29
2	1
27	1
70	14
5	22
97	2
2	1
17	7
31	3
12	1
39	1
94	1
29	1
9	2
97	1
35	1
90	1
10	4
23	2
26	1
62	1
81	2
42	7
77	1
48	1
52	1
8	10
19	1
14	1
82	4
96	1
22	2
56	1
52	2
14	1
9	1
51	1
90	4
85	2
16	3
58	1
70	3
16	1
5	1
19	3
90	2
54	1
50	2
95	3
90	1
30	8
87	2
38	2
75	4
93	1
59	9
61	1
19	3
68	2
56	1
60	2
3	6
9	3
77	4
56	2
66	1
68	1
68	3
27	2
32	13
37	1
25	1
17	1
77	1
69	1
25	6
29	3
97	1
82	9
43	1
44	3
26	9
60	1
68	2
92	1
62	1
40	1
28	1
81	2
44	1
88	1
81	1
47	2
57	2
3	1
22	1
11	6
8	1
44	3
61	1
26	1
14	2
11	18
74	3
49	3
44	4
37	4
56	1
53	4
68	22
14	3
52	1
87	1
47	2
35	1
17	1
32	2
77	1
76	3
85	2
19	5
64	8
3	1
94	3
34	1
10	1
1	2
23	2
73	5
70	1
27	5
70	1
68	1
52	11
48	2
19	2
15	1
77	1
4	3
24	1
83	1
35	2
47	1
22	1
26	3
77	1
29	1
14	1
44	12
91	5
4	3
61	1
42	10
39	4
11	1
33	2
47	25
79	1
24	1
15	5
43	1
6	1
41	1
19	13
36	4
79	1
69	9
61	6
80	2
58	1
12	2
34	8
56	3
55	1
65	1
33	2
64	1
30	1
56	2
92	2
60	3
86	2
61	1
89	1
48	3
82	1
87	3
69	1
28	2
25	2
97	1
2	1
94	1
20	1
82	2
44	3
32	1
20	8
78	1
37	2
5	1
84	2
85	1
85	2
31	1
59	1
66	1
43	1
43	13
12	2
24	2
17	4
88	1
51	2
96	2
90	2
9	2
43	5
81	1
61	15
88	3
42	1
79	1
15	1
97	10
98	3
86	7
74	1
54	8
38	1
15	2
2	4
4	3
68	2
75	3
47	2
98	1
18	30
75	2
50	2
62	1
90	3
16	1
20	1
91	22
19	1
88	1
80	8
19	4
79	1
78	1
6	26
16	1
4	5
11	5
60	1
3	1
71	1
16	2
87	1
50	4
63	5
80	10
33	1
41	23
91	13
88	1
94	20
75	3
45	3
1	1
9	3
57	3
72	1
20	4
29	1
67	1
10	2
34	2
97	2
57	2
44	3
87	2
50	1
85	4
50	1
54	5
91	1
88	1
33	1
73	1
32	1
4	1
89	1
87	1
63	1
24	3
38	1
95	2
75	3
85	1
68	5
34	1
51	4
72	4
32	1
95	2
87	24
56	1
87	1
12	7
36	1
7	3
48	1
63	2
83	1
51	1
40	2
60	4
9	2
24	1
79	1
7	1
69	2
43	1
55	2
56	2
40	9
66	3
66	1
14	1
31	2
98	6
99	1
60	1
91	2
52	1
54	2
37	1
20	1
80	20
85	1
20	1
100	1
16	1
17	1
13	1
44	1
70	2
22	4
53	1
16	4
85	3
62	9
42	3
52	1
58	1
60	1
13	1
14	5
76	1
60	1
81	1
1	3
48	2
83	9
86	1
4	1
19	2
42	1
97	3
85	2
30	1
35	25
8	2
25	1
82	1
23	3
90	1
68	5
97	9
89	2
99	2
55	1
61	1
81	3
89	14
16	2
13	1
15	2
2	2
55	1
74	1
48	1
51	7
4	1
16	1
84	2
88	3
35	3
34	1
58	6
36	2
44	2
74	3
72	2
49	1
9	1
54	1
41	1
75	1
55	2
87	9
61	1
28	1
75	3
66	1
34	2
8	1
100	11
39	1
8	1
48	3
12	2
28	1
57	2
47	1
97	3
100	2
12	1
55	2
87	2
21	2
20	31
1	8
60	12
94	23
77	11
87	2
42	1
92	2
20	2
60	3
24	1
76	7
38	2
72	2
50	1
1	1
71	2
93	2
92	2
1	2
79	5
60	7
4	1
22	2
42	1
43	2
45	1
51	1
49	2
10	4
65	1
71	2
63	7
68	1
53	2
25	2
58	3
7	5
88	4
89	1
14	1
45	1
1	2
43	3
68	1
51	1
66	2
22	1
88	5
37	9
9	1
26	2
98	1
79	1
13	3
65	15
50	2
39	1
7	2
3	1
37	6
9	2
25	10
86	45
70	2
55	3
36	2
96	2
13	5
21	9
93	2
6	1
97	4
95	1
28	3
28	1
1	1
23	2
17	4
89	3
30	1
64	4
76	1
49	7
84	6
16	1
57	4
73	1
68	1
7	2
68	1
63	2
21	1
46	1
93	1
75	6
81	1
91	2
100	21
95	7
12	5
15	2
86	2
73	11
58	1
100	1
65	2
94	2
99	5
74	1
76	1
16	2
89	1
12	3
97	4
22	2
72	2
27	8
75	2
62	1
30	1
9	1
27	1
78	1
44	1
19	2
2	4
76	2
40	9
29	1
49	1
47	1
90	1
30	1
24	2
48	1
56	3
46	2
62	2
58	3
78	5
24	1
61	1
21	1
90	2
91	1
3	2
10	1
10	3
60	1
82	2
37	1
67	1
70	7
8	4
32	1
6	2
68	3
58	1
70	2
40	1
89	4
97	3
39	5
89	2
42	2
57	2
58	22
11	1
50	1
5	2
7	5
40	1
27	1
65	3
48	1
8	2
50	1
38	16
65	3
38	14
99	2
35	2
68	2
82	1
66	2
1	1
47	4
97	1
42	1
21	1
69	1
29	2
35	23
58	5
47	1
56	3
40	33
52	20
38	1
75	7
22	1
27	3
19	10
44	1
88	2
1	1
43	44
25	1
98	1
27	4
28	2
40	3
23	1
25	1
27	4
15	2
78	1
19	3
19	1
8	1
26	2
13	1
40	1
49	14
71	13
84	1
61	1
17	10
17	1
95	1
92	1
42	1
53	1
69	3
21	1
29	2
87	2
70	1
30	2
66	1
96	1
51	1
75	8
91	1
8	3
33	7
97	4
24	2
37	6
23	1
19	1
59	1
44	1
82	2
97	1
25	1
99	1
100	3
94	1
63	2
78	3
4	1
24	2
74	2
71	3
69	2
51	2
46	1
6	2
18	1
78	1
97	1
21	6
49	1
37	1
19	1
10	2
39	2
53	1
45	1
12	3
65	1
43	3
7	2
41	4
1	8
22	8
95	1
45	1
60	1
6	2
99	5
4	1
53	2
5	1
83	3
14	2
81	1
61	3
8	1
67	2
19	1
9	3
34	1
8	2
39	1
75	1
84	3
30	18
90	3
37	1
2	2
71	1
9	1
73	3
31	2
28	3
79	3
14	1
41	2
57	1
38	60
20	8
65	1
9	1
35	2
26	1
98	1
23	4
78	1
26	2
86	1
61	1
88	1
75	1
99	5
11	1
19	1
9	2
31	1
37	1
13	1
5	4
13	12
19	1
22	5
1	1
96	1
22	2
88	2
16	4
83	4
74	2
8	1
84	3
50	1
54	2
37	2
75	3
37	3
90	13
89	5
68	3
3	19
71	1
89	2
80	2
64	1
72	7
34	1
60	1
30	2
96	1
75	2
18	2
62	1
21	1
100	2
86	1
29	1
96	1
46	1
40	1
27	3
31	1
69	1
94	1
6	1
15	1
10	9
96	2
90	2
25	1
56	1
95	1
70	4
5	1
17	1
75	2
6	1
59	9
98	7
23	1
93	1
39	1
72	1
78	2
50	1
54	2
16	1
45	2
90	3
3	1
97	3
6	2
37	1
80	2
68	2
40	1
43	1
67	4
12	1
79	4
49	1
22	6
32	1
52	3
71	1
31	1
34	3
22	4
100	2
55	1
7	3
79	3
25	1
20	1
92	2
53	2
82	1
56	1
95	2
37	8
13	15
33	1
55	2
16	6
10	6
73	11
17	4
22	1
100	1
32	1
90	2
83	1
13	3
87	3
98	3
73	2
95	2
56	9
14	12
7	4
46	1
43	10
33	1
58	2
4	4
27	1
77	6
68	1
99	1
96	2
34	1
58	10
76	11
28	1
88	4
64	6
16	1
46	1
70	4
84	1
44	1
70	9
23	2
8	5
48	1
69	1
75	1
8	2
42	1
91	5
73	1
14	18
12	7
88	4
66	1
9	1
85	1
80	1
20	2
32	5
95	1
99	3
29	1
19	2
44	10
99	1
67	1
56	2
24	2
14	1
70	11
50	3
5	1
65	2
68	1
94	16
47	1
83	2
49	3
97	3
14	1
8	1
59	5
62	3
9	14
75	7
50	33
37	1
4	7
81	14
49	7
37	1
65	1
74	1
20	1
4	2
16	1
65	1
29	1
12	1
54	5
20	2
61	3
8	2
56	5
40	6
61	16
51	4
95	1
89	1
45	1
50	2
59	3
90	5
93	3
76	2
39	2
100	3
2	7
16	3
46	2
65	1
30	1
34	3
42	3
41	2
17	9
50	2
57	7
66	16
44	1
46	1
40	4
34	1
55	9
50	1
7	10
9	1
81	7
64	2
67	1
12	2
46	3
62	1
4	2
2	1
71	2
81	11
95	1
51	72
18	1
100	2
66	2
64	2
53	3
73	1
34	3
58	2
97	4
81	1
49	2
98	1
81	1
29	3
48	3
76	3
30	18
93	1
39	2
46	2
86	1
14	2
1	2
51	1
41	1
48	3
17	6
8	6
28	2
77	6
66	3
92	4
31	1
42	7
44	1
13	2
56	2
1	2
49	3
53	1
37	5
82	3
98	3
55	2
28	1
3	8
86	3
39	44
83	1
38	1
71	1
7	2
79	2
83	1
61	19
20	7
39	11
55	1
93	1
16	1
91	2
12	1
65	4
44	2
34	2
24	1
34	2
83	3
89	3
43	1
3	2
51	2
66	4
33	1
13	1
77	11
67	3
82	2
94	1
81	1
58	3
35	4
34	1
56	1
85	1
76	2
12	1
33	2
82	7
87	5
65	8
100	7
55	1
65	1
58	1
78	2
49	8
11	1
81	4
60	2
63	1
57	1
12	2
3	3
5	2
38	3
3	2
4	5
22	5
8	1
65	3
98	2
50	1
51	2
73	1
47	3
97	1
13	1
43	8
53	1
7	15
21	4
31	1
70	1
96	1
34	2
15	1
25	22
91	4
45	1
37	1
55	4
46	3
92	3
38	1
40	4
38	4
5	1
87	1
23	1
56	3
43	26
39	7
37	1
46	2
49	5
24	8
66	1
73	1
10	1
5	2
6	1
60	1
61	1
88	1
80	3
90	3
68	9
93	21
14	1
85	2
23	1
68	1
29	3
48	1
2	6
38	2
45	1
68	1
47	1
91	1
54	1
48	1
13	3
77	2
81	1
39	5
21	3
42	1
97	1
91	1
45	18
56	8
29	3
50	2
83	1
52	2
72	4
61	3
42	1
61	2
50	3
76	7
56	1
23	1
10	1
54	1
92	2
98	4
85	10
46	3
39	1
58	8
48	1
46	1
56	2
63	1
57	1
27	11
59	2
68	1
13	1
25	1
83	2
76	4
73	15
37	1
22	1
21	2
64	2
63	6
23	2
28	5
15	1
95	3
54	4
93	2
87	2
21	2
44	1
87	1
69	6
79	1
73	1
11	1
16	1
7	1
50	2
21	3
39	4
89	1
28	2
9	1
3	12
35	9
77	2
65	1
100	1
38	1
93	2
60	9
25	1
50	3
3	5
42	1
36	1
36	2
15	1
81	4
24	1
66	1
41	3
96	1
73	1
64	2
86	3
77	9
92	2
36	1
99	1
86	4
10	2
49	1
16	1
93	1
96	6
91	1
41	1
28	4
23	1
82	4
17	1
70	1
88	2
53	3
85	22
20	1
62	6
70	5
49	7
67	1
25	1
32	1
95	1
33	3
5	1
29	1
77	1
32	2
6	1
2	2
77	1
87	1
93	1
66	2
75	1
89	2
41	1
67	2
34	1
55	5
65	4
62	1
32	1
57	2
80	4
30	2
83	1
45	1
29	4
20	6
45	1
53	2
31	1
23	1
21	1
1	1
64	2
30	2
58	2
88	18
48	5
44	2
38	2
9	2
53	2
20	2
40	1
86	8
94	1
34	3
90	1
3	2
100	5
4	5
22	2
46	3
61	1
3	2
33	1
15	2
43	1
87	2
9	1
5	1
32	2
19	22
76	2
78	3
6	34
37	4
24	1
100	1
27	2
33	1
68	3
49	17
84	3
45	1
6	4
45	1
38	1
62	1
37	2
45	3
72	2
24	1
66	1
31	1
80	1
56	1
66	24
58	10
38	12
45	1
2	2
32	1
56	3
8	1
84	11
37	3
36	1
54	21
87	2
98	4
2	1
14	1
56	1
20	1
76	1
39	12
4	1
71	3
68	2
55	20
82	1
10	9
4	1
71	4
2	6
8	4
72	3
22	1
43	1
23	1
8	6
98	1
35	3
74	1
47	3
5	5
20	10
49	1
80	1
16	1
38	1
87	2
44	6
87	2
52	1
8	1
74	1
22	6
74	6
14	12
23	2
3	2
35	7
20	2
70	2
98	1
11	8
68	1
44	2
44	13
67	7
6	2
57	1
52	2
73	1
5	3
86	8
93	16
58	5
37	1
100	1
39	2
21	3
15	2
64	2
63	1
62	1
74	4
46	2
51	1
93	3
69	3
13	6
49	1
26	1
50	1
22	1
86	4
45	11
58	1
62	8
43	2
39	1
44	3
97	1
58	1
52	1
71	2
87	1
35	1
8	1
40	1
23	1
71	3
81	1
79	3
100	1
17	1
41	15
26	1
58	4
77	3
61	13
73	3
70	5
63	1
94	1
5	54
31	4
87	2
8	1
52	7
90	1
49	3
84	1
18	1
61	1
1	12
45	4
20	2
84	2
90	2
83	4
97	1
73	1
75	1
100	2
39	7
98	1
70	1
13	1
73	1
84	3
46	2
99	6
41	1
46	2
11	1
28	1
45	2
90	5
32	1
98	2
33	6
8	1
80	3
92	1
98	2
77	2
3	7
8	7
9	1
29	1
37	3
26	4
56	2
53	3
60	3
8	10
48	1
46	1
39	4
31	8
65	4
83	3
34	1
66	2
46	3
12	1
50	1
16	1
57	5
95	1
69	4
12	4
21	2
95	2
47	3
51	1
83	2
81	1
74	2
61	2
93	2
5	1
62	2
51	2
39	2
37	1
99	1
75	1
58	3
81	3
45	10
18	1
15	1
95	1
48	2
11	3
79	13
34	7
87	3
61	2
28	1
84	2
50	1
100	6
78	1
14	1
63	1
100	1
32	1
17	1
53	2
71	1
94	1
75	4
87	2
56	1
36	1
96	1
100	1
43	2
28	1
2	1
38	7
71	1
99	1
1	4
18	1
34	3
27	1
42	8
94	1
83	4
92	2
14	3
26	4
72	1
64	1
94	2
27	1
23	1
4	3
28	1
97	1
84	1
68	10
40	3
78	1
42	2
52	3
65	3
16	1
29	2
61	1
80	1
91	12
64	22
76	1
66	1
51	5
99	1
30	5
82	3
12	2
80	2
83	7
92	4
80	2
76	2
46	1
31	8
9	1
81	1
36	1
13	3
99	2
59	2
1	2
39	1
67	2
26	1
14	1
50	2
89	1
36	1
85	2
74	3
63	1
33	4
52	2
87	6
