5242
44	2
56	1
36	1
69	4
30	1
89	1
97	4
72	1
62	1
38	36
46	31
66	5
70	7
43	1
6	1
88	1
94	1
28	3
2	1
9	1
22	1
7	1
41	16
47	3
65	1
7	1
66	1
69	4
44	3
75	1
8	2
3	3
9	1
81	2
26	3
94	6
38	1
16	4
78	2
84	3
51	2
55	1
14	2
2	4
39	2
11	1
43	17
98	1
42	1
61	2
71	4
18	1
6	3
41	2
52	1
76	11
67	4
21	6
5	10
41	24
2	1
88	3
63	1
95	1
67	1
28	3
13	1
48	5
82	1
100	3
64	5
38	3
8	2
62	1
84	1
7	1
53	5
81	1
83	2
75	1
33	1
37	2
99	1
62	14
72	9
65	1
91	1
65	17
60	1
63	2
31	1
79	3
15	3
2	1
37	5
98	1
30	1
66	1
18	1
59	2
92	1
76	1
25	3
81	1
69	4
30	1
63	1
86	2
71	2
79	1
66	1
28	8
14	1
74	1
73	9
24	7
55	4
98	7
42	1
66	2
72	18
13	1
7	2
16	2
88	1
35	2
73	1
100	15
8	1
22	17
57	11
95	1
48	2
94	23
22	1
51	4
58	1
32	1
64	1
44	1
92	1
55	1
93	2
6	1
79	1
31	1
24	1
50	22
69	1
11	3
59	1
88	1
27	3
32	1
65	2
44	6
5	2
75	1
4	12
48	1
59	1
21	3
7	2
56	2
17	5
69	3
31	1
43	1
26	2
51	1
52	2
49	3
45	1
5	3
8	2
34	5
86	2
52	4
75	4
23	2
25	2
70	1
99	2
17	2
89	1
18	2
13	7
49	3
93	1
9	1
61	7
70	5
47	1
42	3
31	23
16	2
7	8
15	1
1	1
32	3
49	8
82	1
67	1
70	2
34	7
15	2
71	7
93	1
8	3
90	1
50	2
97	4
94	1
12	2
93	5
36	1
96	2
3	5
98	2
24	3
54	1
77	2
73	2
93	1
7	1
22	2
90	9
11	2
29	1
82	4
20	1
14	9
85	1
28	2
92	1
64	4
41	1
20	3
13	1
97	1
97	7
74	3
88	2
74	3
61	2
40	3
23	1
47	2
21	3
88	1
78	3
60	3
43	1
35	1
47	18
26	6
53	2
30	4
87	2
59	1
9	1
80	4
4	3
37	2
100	1
40	1
26	1
47	1
34	1
28	1
68	1
76	1
52	1
12	1
59	1
38	1
21	1
49	1
94	2
99	1
12	1
22	3
93	1
9	2
53	3
58	9
89	1
92	3
41	2
82	1
26	1
17	3
87	1
69	3
53	1
26	9
9	4
1	3
19	1
78	1
97	2
94	1
72	1
76	16
41	10
11	1
80	1
63	1
96	1
51	1
49	4
12	2
26	2
57	4
25	6
70	1
22	33
57	4
1	5
5	4
93	1
10	3
99	1
91	1
2	1
46	1
68	2
59	1
25	2
41	7
1	1
73	2
25	2
19	5
13	1
69	3
94	5
29	3
49	4
90	3
11	2
4	1
96	2
75	2
80	1
21	2
28	3
6	2
74	1
81	1
99	2
95	4
79	3
88	1
46	2
33	1
63	2
86	3
1	4
31	6
78	1
13	1
48	1
61	9
94	2
11	1
95	1
87	7
32	1
56	1
50	1
84	5
76	1
75	1
84	1
9	1
59	1
70	1
38	2
32	2
75	1
74	2
51	1
94	1
34	2
62	1
89	2
52	1
70	4
45	2
82	1
66	1
73	4
50	1
16	16
93	5
75	1
59	2
78	1
10	2
5	3
99	11
71	1
61	2
27	4
93	1
57	3
99	2
44	1
91	1
29	2
49	1
48	3
31	2
63	2
89	1
66	3
64	3
40	11
28	4
81	1
73	1
29	1
18	1
71	1
31	1
42	1
58	3
90	1
18	4
32	1
71	14
96	10
86	6
10	5
100	3
85	1
30	4
47	1
37	3
58	1
20	3
49	1
92	2
70	1
91	35
67	2
50	3
99	2
97	3
52	5
1	1
72	1
100	6
81	8
86	1
54	1
89	4
87	1
41	1
40	2
8	5
95	1
68	2
48	1
52	3
11	3
86	6
34	1
51	2
73	1
3	1
46	1
81	1
22	8
91	1
55	2
67	2
11	1
46	1
1	1
9	1
53	1
97	1
80	7
51	2
36	2
30	2
96	3
68	2
34	1
30	8
59	5
93	13
34	28
80	2
86	1
98	3
82	2
75	16
93	1
17	1
30	2
12	3
8	1
93	1
40	1
33	3
71	1
72	3
14	2
90	3
42	1
41	4
33	1
40	1
92	3
57	4
2	1
97	14
51	1
5	27
11	2
92	7
13	1
89	1
69	2
29	5
17	1
38	1
35	1
77	3
33	3
50	1
5	2
98	2
87	1
96	3
91	10
82	4
54	1
33	2
99	7
85	3
81	1
67	28
50	1
45	1
80	10
19	1
44	2
90	3
70	1
30	2
77	30
14	1
32	3
56	2
58	1
97	1
13	1
57	1
11	3
96	1
98	2
78	1
34	1
22	3
56	3
62	23
14	2
66	2
73	1
28	1
13	3
68	1
39	1
91	2
76	3
43	3
5	1
18	8
90	2
93	2
43	2
33	2
33	2
53	1
71	2
36	12
8	1
11	1
31	1
99	2
40	1
83	1
16	2
85	1
92	22
54	7
35	10
41	1
88	1
72	2
77	2
44	4
66	2
82	5
8	2
53	4
24	2
94	2
40	1
47	3
7	1
16	1
91	14
59	3
53	2
88	3
41	2
65	1
85	4
53	1
77	1
90	1
45	1
94	3
13	4
18	1
93	1
63	1
40	1
12	16
3	1
22	3
82	6
53	1
84	1
62	1
63	2
16	1
38	1
94	1
49	3
72	1
95	1
27	1
6	2
78	1
41	1
8	3
89	2
92	1
65	2
35	1
7	14
37	2
11	3
45	3
44	1
4	2
53	16
24	3
72	3
71	1
52	1
38	2
89	8
63	2
85	2
32	3
99	4
87	11
2	1
19	2
3	29
35	2
4	1
66	10
11	12
91	3
65	10
5	3
9	1
58	2
15	1
89	2
62	1
21	3
62	7
64	2
13	1
20	1
60	2
43	5
24	21
35	1
13	2
92	1
57	2
19	2
43	4
36	1
37	2
22	1
48	4
63	1
36	2
28	6
70	3
69	2
6	1
32	1
46	1
92	7
76	6
77	1
72	2
73	1
21	13
6	17
32	2
79	2
53	3
13	10
27	3
66	2
36	2
3	1
24	1
86	2
7	8
69	1
27	4
37	1
39	3
66	1
14	5
88	8
50	1
92	1
33	2
60	3
58	1
100	6
7	5
84	1
48	1
94	2
44	2
72	3
77	4
4	2
32	1
8	12
44	1
61	12
61	2
96	2
86	1
3	5
32	7
9	1
37	1
4	1
36	1
66	1
15	2
6	1
65	3
79	5
16	2
35	1
63	1
46	10
77	1
91	4
85	13
39	1
5	1
4	2
21	2
56	2
43	3
33	13
77	1
66	1
54	1
20	4
34	2
63	3
16	2
69	2
4	6
72	1
53	1
100	3
49	1
59	1
19	3
49	4
7	3
39	1
17	1
76	1
27	2
11	2
43	1
94	2
38	1
58	3
45	1
14	1
15	3
35	1
68	3
80	1
100	2
33	1
80	1
18	1
50	1
53	6
59	1
42	2
15	3
38	7
8	3
3	4
80	3
7	1
71	4
24	1
56	2
38	3
68	1
93	5
34	1
12	1
95	1
41	1
57	1
72	5
85	2
38	24
63	6
14	1
82	3
7	1
45	1
76	2
50	2
32	1
17	3
27	2
48	2
23	5
49	2
20	2
20	3
49	1
5	1
70	1
99	1
27	3
23	7
6	2
22	1
7	1
31	1
52	1
4	1
86	2
72	1
84	1
66	1
28	4
46	5
8	1
25	1
38	2
40	1
23	3
31	1
2	1
65	1
91	2
31	4
19	1
33	2
96	2
38	6
72	1
71	3
26	29
17	16
46	1
57	1
69	4
48	1
100	3
75	4
32	3
70	1
10	1
56	1
4	3
79	2
76	5
6	2
48	1
68	2
30	1
12	1
15	1
21	1
75	2
8	1
4	6
7	1
31	1
22	1
56	1
61	4
1	5
36	2
92	1
93	5
32	1
71	5
67	1
12	3
90	1
98	11
47	1
9	5
19	6
16	2
82	2
8	2
46	16
30	1
51	3
61	3
31	2
31	1
74	3
90	2
64	7
59	1
91	1
40	2
1	1
34	17
34	2
64	2
89	1
67	1
71	1
72	3
11	1
98	1
48	1
3	1
25	1
73	8
32	2
28	10
70	2
66	1
55	4
34	1
78	3
33	3
32	5
49	2
9	8
81	2
36	2
71	1
96	5
27	1
59	3
63	7
20	4
83	1
61	2
20	3
21	1
38	6
59	2
97	6
35	1
79	1
60	2
81	1
43	1
85	8
66	1
81	1
80	9
10	2
83	6
82	3
32	3
6	2
56	2
60	2
79	26
11	1
38	1
44	1
50	1
85	2
79	3
51	1
32	3
2	2
40	3
69	3
53	11
16	1
28	2
49	2
17	1
95	1
1	1
87	1
17	2
17	3
40	4
5	1
79	1
88	2
40	1
45	2
82	2
3	1
88	1
14	2
13	4
10	14
97	2
16	2
71	1
12	2
51	2
32	4
26	6
52	3
27	1
61	8
60	6
68	4
18	1
55	3
92	1
44	3
12	4
52	18
42	2
43	4
84	1
26	2
96	1
78	2
76	2
81	1
6	1
86	2
32	1
5	4
56	1
62	2
10	3
52	2
81	2
48	2
71	1
76	1
1	1
40	1
96	2
15	2
72	1
79	1
92	3
26	9
35	7
17	3
52	1
100	2
13	2
99	1
71	1
1	3
80	1
50	1
63	1
31	1
69	12
89	1
44	4
59	2
52	1
27	1
95	2
91	1
76	6
42	2
16	1
72	2
85	7
73	1
89	1
81	2
63	2
69	1
34	1
37	3
53	3
44	7
92	1
6	1
24	1
68	3
92	2
37	1
11	1
74	2
15	2
8	3
74	1
35	2
54	1
48	1
37	1
57	1
77	1
50	1
64	2
42	1
7	3
82	3
90	2
73	4
61	4
33	2
8	1
97	1
94	1
23	1
35	1
62	3
97	1
15	3
32	1
67	1
86	3
11	3
56	1
31	5
15	1
54	7
33	2
38	1
94	6
8	1
44	4
43	13
83	2
52	1
64	2
4	1
71	1
76	2
97	1
93	5
68	7
36	3
49	3
78	1
33	1
26	3
57	3
20	2
28	3
53	1
93	13
92	1
21	1
40	3
72	7
31	3
83	1
42	1
91	1
28	3
7	1
3	1
24	1
2	4
44	3
42	1
13	5
51	3
99	2
54	1
75	2
12	1
54	1
43	1
76	1
66	2
75	1
45	2
41	4
1	2
3	1
73	2
78	2
51	3
65	1
49	1
40	1
99	4
64	9
36	11
63	1
21	7
25	5
38	1
14	1
1	13
83	2
34	1
48	4
87	2
40	4
3	2
94	1
75	1
46	2
48	4
14	1
48	1
84	8
55	5
27	1
68	1
32	3
21	3
37	3
94	1
94	1
58	2
1	1
48	4
93	2
57	6
15	2
96	4
44	1
51	3
8	1
83	1
71	1
21	1
13	1
86	33
66	3
49	1
26	1
15	4
43	8
76	2
78	10
60	1
76	2
43	18
28	1
26	3
31	1
9	3
64	1
53	3
89	1
47	1
49	1
84	3
36	1
52	1
85	1
35	1
21	1
95	1
54	10
50	20
17	4
79	3
57	1
14	2
84	1
63	4
25	4
27	1
9	1
74	23
41	2
5	2
88	1
64	11
18	8
81	4
76	1
19	3
94	2
28	4
43	1
13	3
41	1
80	1
21	1
94	17
16	1
25	5
49	9
100	6
5	2
53	4
38	19
63	1
54	2
61	3
85	1
15	5
16	3
25	2
50	3
48	1
21	1
72	2
11	1
35	1
50	16
47	3
61	3
22	3
4	2
62	1
59	15
64	52
74	6
9	2
10	2
40	4
79	1
51	1
81	1
56	1
76	4
68	1
16	3
2	2
75	1
10	1
90	1
6	5
64	18
38	1
73	1
7	1
39	1
92	3
46	11
52	1
53	3
60	7
12	1
42	6
75	5
71	1
27	1
79	1
94	3
20	2
96	13
17	1
87	7
8	2
59	2
8	3
82	1
35	2
32	3
83	19
79	1
74	2
82	1
99	38
72	1
93	1
96	6
53	10
21	3
17	3
23	1
94	2
42	2
1	12
3	2
79	1
40	1
38	5
56	14
100	1
54	4
47	4
53	1
34	11
63	2
4	1
73	1
41	1
24	2
87	1
28	3
59	11
20	4
92	2
84	4
7	3
34	1
41	1
55	12
12	1
23	1
3	9
12	1
60	1
36	5
13	2
14	1
33	2
71	2
13	1
66	2
46	1
75	4
86	2
59	1
98	1
63	1
79	4
47	1
61	2
36	10
48	1
48	2
87	2
8	1
76	1
69	1
24	20
59	2
75	1
57	2
54	3
24	2
45	5
23	2
55	4
82	6
11	4
86	21
51	5
47	1
17	2
52	7
13	1
1	3
83	3
60	2
81	1
73	5
57	1
86	1
8	1
17	19
99	1
19	6
98	1
80	2
36	13
6	7
96	1
36	19
20	8
71	1
33	2
80	15
41	25
4	1
83	8
18	3
25	2
35	1
6	10
87	2
100	1
89	5
3	1
29	1
22	3
73	1
93	1
95	1
69	7
33	2
21	1
84	2
90	1
18	2
35	1
88	1
1	22
81	8
52	1
76	1
60	5
79	1
3	2
37	2
75	2
74	1
70	1
92	4
79	2
54	3
66	1
47	3
69	1
68	1
87	3
48	1
94	2
50	1
4	2
71	2
54	1
25	1
52	3
34	5
26	2
95	28
32	1
8	1
71	2
23	5
21	1
7	1
49	29
13	16
93	1
81	3
78	1
20	2
74	2
63	6
93	1
93	17
49	2
76	5
26	1
80	10
20	2
11	1
93	4
23	5
58	1
82	1
13	1
68	1
6	2
88	13
39	2
26	2
31	1
58	1
2	2
53	1
26	2
45	3
89	6
54	3
75	2
85	1
36	6
76	2
82	3
43	5
46	3
60	5
72	4
83	13
58	1
98	1
1	1
53	3
10	1
87	1
93	2
74	3
22	1
72	1
15	11
28	2
85	1
39	7
7	2
81	1
59	2
51	2
20	4
47	1
12	1
16	1
55	1
35	10
89	2
84	1
72	3
14	2
1	9
64	2
76	1
75	4
74	4
44	1
83	1
26	3
27	2
50	3
34	2
62	4
42	1
77	1
7	2
74	6
46	1
65	1
33	1
59	1
67	1
50	1
44	1
95	3
20	1
4	1
79	3
26	1
61	1
86	2
96	1
77	3
47	1
65	1
84	4
84	1
77	16
3	2
60	5
42	15
92	1
83	2
61	1
42	1
62	1
91	3
37	1
1	1
60	1
14	6
92	3
96	1
83	3
40	2
46	2
25	9
30	1
11	1
67	2
15	2
31	1
89	8
24	2
2	1
59	3
29	2
65	2
70	2
74	1
92	1
41	1
60	1
27	2
64	1
73	1
73	2
86	1
70	2
3	1
47	3
38	17
62	2
51	1
100	1
91	2
98	8
59	2
57	1
78	1
30	1
1	5
5	1
67	1
51	2
49	2
81	2
24	2
88	1
25	2
53	3
30	2
51	1
59	1
77	3
79	1
91	4
12	1
21	1
21	2
99	1
69	4
6	4
73	6
70	3
32	1
17	2
24	5
53	1
77	1
23	1
87	6
38	1
7	1
80	2
81	1
99	3
8	1
45	8
1	3
82	1
87	4
45	1
68	1
45	2
78	6
3	1
79	1
66	4
1	1
68	1
74	2
82	2
74	1
66	2
43	1
6	3
48	2
92	2
51	21
10	2
54	1
96	2
55	3
20	1
10	2
89	1
57	2
69	2
100	10
4	5
84	6
23	1
15	3
97	2
1	1
45	2
22	22
37	2
5	1
35	2
95	3
50	2
97	3
33	1
55	1
41	1
1	2
20	1
29	1
32	31
25	1
35	1
68	3
26	2
80	8
38	1
35	1
29	1
8	1
82	1
100	2
51	1
89	1
16	2
89	1
51	1
75	2
11	21
8	2
17	10
96	1
13	1
45	6
16	1
5	3
66	1
22	4
4	1
90	1
80	1
70	3
92	2
18	2
89	4
90	6
64	2
63	1
18	1
20	1
60	1
33	6
80	1
93	10
64	1
6	2
13	3
76	1
22	1
9	1
71	1
18	1
34	1
14	3
88	1
39	1
9	18
75	1
25	3
22	2
54	3
35	9
5	2
21	1
55	1
87	1
79	2
11	12
37	4
19	3
8	4
74	2
28	1
7	1
67	3
43	1
59	2
37	3
39	11
41	1
90	12
70	1
36	2
83	7
7	4
99	1
10	1
34	1
23	1
92	10
72	1
61	2
11	1
46	2
58	21
45	2
17	1
14	1
97	2
27	1
49	3
69	5
48	20
98	4
45	1
12	9
75	2
99	1
73	5
37	13
33	1
29	1
47	1
5	1
43	3
98	2
8	3
53	1
23	2
30	2
91	2
35	3
68	5
1	8
28	1
75	1
69	1
14	3
97	7
10	2
53	3
82	1
28	1
20	1
35	19
68	1
45	5
89	3
35	38
56	4
25	15
27	2
33	2
60	2
61	1
20	1
79	8
26	1
86	2
7	1
49	4
45	7
77	2
56	1
74	1
29	4
93	8
43	2
98	2
58	1
75	4
24	65
29	1
63	4
97	1
85	2
96	1
89	1
14	1
38	1
59	18
88	3
25	2
28	3
37	1
33	1
13	1
68	1
56	1
6	1
52	2
48	3
23	1
74	1
31	7
26	10
81	1
93	2
96	2
80	3
9	4
94	2
67	1
14	1
44	2
25	1
13	3
45	1
59	1
75	2
32	1
30	1
14	1
70	1
98	1
44	1
60	1
78	1
50	4
51	5
66	16
91	3
50	5
17	2
56	2
48	4
92	2
4	1
3	2
17	13
73	1
57	1
100	1
61	3
29	2
94	1
89	2
76	3
23	2
45	2
83	1
70	1
73	6
82	10
49	6
27	1
61	1
4	1
22	1
62	2
78	5
48	9
43	2
55	5
66	2
48	1
94	12
26	2
93	1
46	1
9	1
13	1
59	2
82	3
83	8
34	1
49	4
77	1
7	2
61	1
85	4
76	1
28	2
48	6
61	2
64	1
17	1
90	2
43	3
7	1
65	1
88	9
72	5
61	2
98	3
5	1
32	2
11	1
34	1
82	1
3	4
66	1
72	1
94	4
30	2
90	2
91	1
12	1
44	2
43	1
44	1
74	1
79	8
85	4
46	4
9	2
10	1
19	1
82	1
46	1
63	1
57	3
15	9
18	3
39	6
50	2
11	2
56	1
10	1
5	1
57	4
8	1
87	1
50	2
90	3
31	3
33	4
9	1
55	3
56	1
90	2
27	2
31	2
92	2
26	6
52	4
9	7
52	9
36	1
15	1
48	10
29	1
83	2
79	9
14	1
82	2
95	1
54	4
93	1
69	2
93	2
52	2
30	1
48	1
55	1
42	14
10	2
34	2
10	1
29	2
49	1
30	3
69	7
20	1
33	1
83	2
12	1
78	2
40	1
10	3
90	1
48	1
77	1
90	1
96	1
14	9
31	4
39	1
30	8
64	6
1	4
39	2
83	2
5	4
92	1
67	1
69	1
31	2
98	2
36	4
90	6
89	1
43	18
23	1
88	1
86	4
83	2
52	1
91	1
38	1
73	1
66	1
22	2
91	2
68	5
12	2
74	1
80	6
78	4
92	2
39	2
4	2
53	1
37	1
62	4
81	1
30	3
28	1
94	1
69	2
95	3
21	2
83	8
87	3
2	8
76	3
56	2
13	2
38	4
7	1
23	2
86	4
34	2
54	1
34	1
92	3
6	2
47	4
12	5
100	2
11	13
58	2
59	1
30	2
71	2
47	13
23	3
49	2
48	4
87	6
77	1
8	10
41	2
70	2
39	1
70	2
49	1
71	1
100	3
6	1
87	2
68	1
36	5
69	1
18	4
64	3
84	1
28	6
29	1
29	1
70	1
72	1
28	2
76	2
93	14
49	2
86	1
40	1
84	1
56	5
15	1
99	2
47	3
27	3
74	12
98	1
56	1
13	1
62	3
13	1
22	1
84	1
81	7
31	1
84	4
69	4
62	2
52	3
44	3
86	2
36	1
12	3
3	1
77	1
65	1
21	2
7	1
96	1
80	2
55	3
16	1
16	1
41	1
36	1
97	1
52	6
8	1
75	2
88	5
78	4
97	1
41	3
55	1
41	1
13	1
100	3
69	3
9	1
34	4
44	8
70	3
15	2
11	3
39	3
96	2
53	1
15	2
46	1
80	1
54	1
85	2
24	1
71	1
66	1
29	5
39	1
57	2
26	1
45	1
16	1
81	1
84	17
12	1
67	1
68	3
38	5
76	1
57	1
98	2
54	1
84	2
27	1
48	1
58	4
16	1
85	1
92	1
94	4
49	1
49	1
31	2
20	1
99	1
56	1
50	2
73	3
5	5
76	1
3	4
96	1
57	2
18	1
52	1
54	1
75	5
16	2
40	2
15	5
14	3
86	1
82	1
100	2
9	1
90	1
8	2
32	1
69	8
16	1
64	2
19	1
23	3
46	2
72	4
4	2
33	2
1	3
98	11
52	2
27	2
20	1
78	1
3	1
52	11
65	2
39	1
56	4
21	6
27	4
17	2
29	1
70	2
16	1
81	2
77	3
60	1
93	1
100	1
34	5
13	1
70	2
36	8
16	1
82	6
100	5
76	1
48	1
9	2
17	1
33	4
95	1
93	2
80	4
34	2
47	3
66	2
1	1
2	1
68	2
78	1
8	1
38	2
75	4
96	5
3	2
73	2
78	3
40	1
48	1
51	3
29	12
78	2
100	2
44	38
88	2
81	1
96	1
34	2
56	5
10	1
12	2
57	2
98	3
10	4
78	2
10	3
12	3
6	6
18	3
82	4
21	2
3	3
36	11
37	1
17	4
53	8
32	1
74	5
4	1
26	3
95	1
92	21
26	3
72	7
98	1
51	5
20	2
38	6
93	1
50	14
24	5
42	7
11	5
35	3
97	2
48	3
99	1
52	1
39	2
18	14
29	1
6	2
77	3
6	1
20	1
30	1
10	3
49	3
37	2
86	4
48	2
28	1
75	5
22	1
55	2
1	1
63	1
34	1
52	2
7	1
46	2
66	1
59	3
27	1
98	1
81	2
49	1
42	32
43	1
40	3
6	7
83	1
50	3
6	3
59	2
25	2
52	1
63	1
56	1
10	2
52	1
1	33
1	6
27	1
9	4
92	2
58	1
81	1
94	14
13	2
54	2
8	9
30	3
67	45
10	1
42	3
17	2
65	1
37	1
65	3
60	1
11	6
34	2
29	9
81	1
79	5
81	6
90	2
59	2
47	1
36	10
33	1
83	1
26	1
43	3
67	2
97	2
23	1
20	1
58	3
95	1
37	1
78	1
37	2
86	1
8	1
75	4
30	7
88	3
31	1
44	18
35	14
26	3
22	2
60	13
100	1
19	3
81	2
66	3
35	4
4	1
76	2
81	5
39	1
59	5
53	1
18	20
46	3
97	4
92	1
50	1
14	2
27	2
67	2
15	4
95	1
95	1
100	2
79	3
99	2
10	4
43	1
90	13
75	8
58	3
94	1
57	3
78	2
53	4
79	16
49	1
89	1
47	1
73	1
81	1
65	11
26	3
22	1
98	1
1	4
13	12
66	2
52	2
5	1
91	17
28	1
60	1
37	2
8	1
82	1
84	2
82	1
5	1
24	1
2	14
61	1
21	3
84	1
74	1
32	20
22	2
59	13
27	1
38	1
8	6
25	3
69	1
52	1
13	1
78	1
2	1
29	4
69	1
50	2
3	2
57	1
92	1
9	3
62	2
55	2
21	1
12	7
89	4
65	6
42	1
20	2
32	1
21	3
63	1
41	2
3	5
92	2
16	1
63	1
98	1
98	5
99	2
58	3
76	1
45	10
15	1
65	4
15	32
46	1
7	7
93	1
40	5
54	1
36	1
84	3
36	1
2	1
45	1
77	1
32	23
42	1
88	1
44	6
42	6
30	1
32	2
8	2
58	1
77	1
28	3
29	4
96	5
1	2
92	1
13	1
2	5
72	6
11	1
43	2
57	9
52	2
46	1
10	4
20	3
47	3
50	3
14	1
56	3
37	9
46	3
73	1
6	1
88	1
59	1
20	2
1	2
6	1
81	18
100	1
5	4
3	2
24	1
2	2
33	1
77	1
91	8
77	1
45	32
64	2
97	1
22	1
57	5
47	2
46	2
93	1
96	2
7	1
62	1
50	1
98	1
76	8
79	2
37	1
19	1
77	9
87	1
63	2
77	1
84	9
7	12
23	1
23	2
72	33
40	1
34	1
51	2
78	20
12	1
3	1
65	3
96	6
77	1
46	9
71	5
78	9
9	1
82	17
32	2
20	3
78	1
60	1
14	2
60	1
2	5
7	10
93	21
17	2
16	15
77	2
43	1
67	2
5	1
34	1
54	2
58	1
10	1
15	20
6	1
99	2
40	8
26	1
11	1
4	2
56	2
64	5
85	2
100	1
31	1
28	2
90	19
18	1
6	10
73	2
10	1
71	4
28	1
32	2
89	1
68	7
18	4
93	5
65	1
42	18
78	1
82	1
5	25
18	3
35	3
74	1
61	2
44	56
43	15
82	1
13	3
79	5
36	1
35	1
15	1
99	1
96	1
63	2
83	3
63	10
69	2
65	2
83	1
22	4
87	7
59	3
56	2
33	22
12	3
42	4
95	6
22	5
20	4
43	2
63	3
71	1
92	1
64	4
96	1
2	1
92	2
33	28
49	3
37	13
37	1
37	34
18	3
73	1
41	1
42	3
19	13
86	2
100	3
35	1
38	1
28	9
48	7
75	27
30	1
59	1
92	2
48	2
5	1
49	1
35	2
52	3
55	2
15	1
89	4
48	2
37	1
54	3
87	4
31	1
42	2
33	1
36	9
46	1
1	2
88	1
85	3
40	1
27	1
44	1
56	1
93	3
17	1
28	1
30	2
23	1
99	4
9	1
88	1
25	2
48	8
26	3
3	17
74	2
24	1
48	1
11	1
74	1
91	1
35	1
11	1
43	3
64	1
46	1
57	1
94	6
85	1
92	2
41	1
68	5
86	1
46	3
7	2
75	3
72	1
69	1
18	2
94	2
66	3
88	1
60	1
29	1
4	2
83	2
37	1
59	1
16	6
69	3
75	2
23	1
56	1
31	1
58	3
58	4
62	1
100	1
29	1
64	1
100	1
28	1
99	1
61	13
42	4
41	29
24	3
65	1
10	2
4	1
18	3
93	3
61	1
51	1
71	2
74	1
64	8
9	1
91	3
29	18
2	5
52	5
35	1
56	1
63	5
14	2
76	3
63	2
97	2
78	3
32	6
41	1
55	6
9	1
22	1
82	1
9	1
100	1
53	1
91	1
70	2
100	1
10	21
34	1
79	3
78	1
13	1
57	1
71	1
16	3
6	4
15	1
34	2
9	6
73	2
5	2
56	1
87	1
70	1
75	18
82	1
62	5
74	1
65	2
86	1
88	5
29	1
57	2
20	2
99	2
68	7
34	2
11	1
40	21
44	4
32	2
70	1
71	1
62	3
38	5
66	1
42	1
80	8
59	1
18	4
91	3
13	2
60	1
47	1
55	3
65	2
67	1
78	2
28	1
23	1
89	31
90	5
86	1
31	1
72	1
53	1
86	1
89	5
40	1
96	1
77	1
79	1
45	5
83	1
98	2
88	1
96	1
20	4
50	14
77	5
50	1
34	1
46	3
84	1
9	1
30	1
90	1
31	8
19	7
57	1
21	4
5	2
73	12
49	1
78	1
95	1
57	1
66	9
2	1
38	1
79	3
98	9
78	4
5	4
44	1
63	1
8	1
32	3
43	1
7	5
8	2
51	1
33	2
18	4
64	3
96	7
26	1
61	2
25	5
51	1
29	2
84	10
32	2
68	1
94	1
98	2
27	1
17	2
15	1
45	9
40	2
23	1
38	1
20	8
51	1
82	1
82	7
15	2
32	2
92	1
60	3
30	2
89	2
48	1
31	6
85	1
37	1
87	6
42	1
39	3
27	1
23	1
38	1
26	1
22	1
98	1
57	5
70	1
25	1
4	8
10	3
78	8
46	2
23	2
74	11
83	1
33	13
60	5
93	4
43	5
53	10
99	1
19	2
58	2
85	4
51	1
100	1
43	2
95	2
84	3
78	2
20	2
22	5
32	3
64	2
32	1
65	4
29	1
49	4
79	1
51	2
83	1
12	3
96	2
94	2
78	3
97	1
81	1
27	2
84	4
89	2
10	18
48	1
88	2
76	1
85	1
50	3
77	2
97	1
71	1
6	3
13	7
96	1
72	1
8	2
64	1
73	3
100	1
10	42
71	3
9	1
64	9
75	1
71	2
67	8
60	1
40	2
26	4
16	7
57	1
55	1
70	2
96	1
50	1
61	1
94	1
27	1
31	4
100	1
23	1
94	3
90	3
6	1
20	1
63	3
48	2
99	1
47	3
91	1
51	4
19	1
23	2
5	1
50	1
7	2
74	1
7	9
37	1
29	2
37	1
36	3
11	2
58	2
80	1
56	2
2	1
78	2
23	2
81	3
89	1
45	1
43	7
76	1
66	3
87	4
50	1
91	1
9	1
20	2
47	4
22	3
53	4
27	3
36	1
47	8
98	2
38	3
45	2
71	2
73	1
13	1
31	3
86	1
2	2
31	1
32	1
47	2
6	1
10	1
32	1
16	8
51	2
21	1
22	4
6	1
100	2
67	1
24	2
21	2
9	11
24	10
58	1
27	14
46	1
3	8
96	2
59	2
75	1
46	1
22	12
41	1
72	1
2	1
63	1
71	1
76	1
14	4
15	1
47	2
79	1
89	2
71	4
77	1
30	1
44	1
24	1
75	3
94	1
89	1
2	2
78	1
4	1
14	7
34	1
29	1
61	1
43	2
68	1
31	1
92	4
51	2
9	1
9	1
53	4
62	9
59	2
34	3
82	2
79	3
7	1
31	1
28	1
1	5
43	1
44	1
56	1
100	1
71	1
69	9
8	3
80	5
21	2
79	1
12	2
20	1
68	2
88	1
27	3
90	2
22	1
7	2
32	3
44	1
18	2
81	1
46	2
43	1
25	2
71	1
30	12
58	1
45	1
44	1
37	1
96	1
22	3
91	1
61	7
59	11
99	3
7	11
98	2
62	3
75	1
63	2
26	1
5	1
69	1
97	1
84	2
20	2
46	6
10	2
44	17
88	2
6	6
90	1
95	2
82	1
38	1
25	3
15	1
37	1
28	1
93	1
25	1
68	7
21	2
28	1
97	7
62	1
60	1
10	3
57	3
23	8
86	1
58	1
27	1
87	1
79	2
69	13
42	1
24	4
65	11
31	1
69	2
16	3
95	1
35	1
67	1
97	1
8	1
3	2
100	32
92	2
20	9
32	12
47	30
24	7
62	4
25	1
97	2
10	5
16	1
46	1
5	1
33	4
100	2
97	1
76	3
28	8
99	2
57	1
69	2
57	4
37	3
64	1
72	1
80	4
21	4
20	1
70	2
36	4
90	1
19	1
72	3
13	14
8	2
67	3
52	3
10	9
7	2
76	1
98	20
68	3
83	2
42	1
42	1
73	4
12	1
1	1
89	1
5	1
33	1
29	1
98	4
75	1
63	6
34	2
9	2
81	1
92	1
95	4
2	1
68	4
11	1
100	3
80	1
99	1
78	4
99	1
17	1
31	1
27	3
94	1
68	1
77	2
99	4
44	2
43	2
16	1
31	3
3	1
70	1
26	1
32	2
74	1
1	2
30	6
71	3
65	27
100	1
49	1
68	2
53	2
7	5
62	1
87	2
98	1
70	2
8	3
51	1
1	3
37	3
81	2
57	1
97	5
89	3
10	2
89	2
66	1
82	1
31	4
96	1
77	1
55	10
17	2
16	1
55	1
99	1
11	2
31	1
66	1
52	2
28	1
37	1
87	1
24	1
38	2
50	1
87	1
49	1
9	2
20	1
16	1
50	1
28	18
85	1
3	1
20	1
80	2
27	1
78	11
88	2
73	2
33	5
40	3
62	1
45	4
15	42
55	1
42	4
47	2
80	3
66	1
83	1
59	2
15	1
63	1
6	2
90	7
93	3
71	1
81	3
92	1
79	1
10	3
32	2
98	3
10	1
14	5
12	2
53	3
11	10
80	7
1	2
6	1
2	1
3	8
42	1
29	2
92	1
45	1
47	1
38	2
9	2
51	1
74	1
49	23
21	8
3	2
53	1
66	10
87	4
36	1
14	1
5	29
55	1
31	1
94	25
60	1
18	1
25	1
17	13
78	2
57	1
58	8
92	7
63	1
94	1
11	2
66	7
15	3
15	2
24	1
13	2
14	1
97	1
25	2
15	1
49	3
87	2
32	1
32	1
12	2
96	1
36	2
40	3
85	1
48	2
66	1
95	4
94	1
20	1
3	1
25	3
10	3
9	5
92	1
87	2
69	1
29	2
46	1
7	1
74	1
90	4
65	1
21	4
74	5
81	1
27	2
78	3
67	2
28	5
30	2
65	1
99	2
6	4
14	1
26	8
17	1
30	1
50	2
44	1
42	3
2	4
80	7
7	1
69	13
7	3
52	2
100	8
17	7
47	1
21	1
20	7
91	1
22	17
51	5
15	1
40	1
12	4
47	1
16	2
56	40
65	1
98	5
62	8
21	2
47	2
83	1
29	1
67	1
65	3
19	2
60	1
46	1
81	1
93	1
8	3
23	6
7	4
88	10
37	2
79	2
100	6
52	1
38	15
82	2
86	2
32	1
63	3
68	2
70	1
91	4
8	1
52	1
84	2
38	1
50	2
54	4
81	1
81	2
75	1
20	2
14	1
58	12
81	1
71	1
85	6
82	1
26	1
61	1
76	1
81	3
66	2
26	2
43	3
16	1
67	1
82	3
91	3
60	1
15	5
76	2
43	1
46	1
41	26
28	1
56	1
41	1
46	1
23	2
71	1
9	2
77	1
73	1
80	3
93	3
66	3
97	1
24	4
79	1
1	3
32	1
18	6
81	2
89	8
55	1
92	3
52	3
5	1
91	3
60	2
82	1
51	2
37	1
73	2
91	1
74	1
80	2
46	1
58	2
66	1
97	1
78	2
30	16
23	1
70	2
3	3
60	3
33	2
80	1
11	2
77	3
95	4
31	1
20	1
26	2
51	1
95	1
73	1
14	3
43	3
77	1
37	51
51	4
32	1
26	3
3	2
82	1
63	1
41	1
51	8
67	2
91	1
32	1
36	1
57	1
79	4
76	6
73	2
37	2
59	2
2	1
16	3
13	7
94	5
12	1
70	4
96	2
43	2
74	1
24	1
56	3
68	2
21	1
60	1
48	1
23	1
34	1
83	7
20	1
51	3
71	2
12	1
32	2
96	2
32	7
88	3
73	1
22	1
98	6
54	1
55	1
45	4
65	1
38	1
54	2
66	9
61	1
93	2
83	4
97	1
7	2
53	2
42	1
76	6
10	1
88	1
4	16
8	1
11	2
56	23
85	7
92	9
2	20
89	5
25	1
50	1
73	2
14	2
31	4
5	3
17	1
8	5
77	3
43	1
12	1
55	3
23	1
93	2
31	2
12	3
17	7
37	1
67	1
55	2
90	1
90	1
3	2
29	1
16	11
18	2
21	1
74	22
70	1
71	18
50	2
58	4
47	4
59	5
96	1
63	5
76	1
95	4
52	2
61	1
99	1
97	2
53	1
18	3
92	3
74	1
73	2
12	1
78	4
33	6
39	21
14	1
50	1
95	4
36	3
24	3
36	2
56	15
42	29
63	1
12	1
79	4
71	1
56	2
15	13
25	2
86	1
18	3
98	1
91	1
19	1
70	3
34	1
95	2
50	4
12	1
96	2
50	1
83	7
14	2
96	1
50	6
80	1
71	2
32	1
62	1
75	2
8	1
8	2
86	3
10	10
75	1
43	2
72	1
32	2
75	2
79	3
63	6
95	10
34	1
93	2
80	1
30	1
78	9
93	1
98	2
17	2
59	1
99	4
36	2
19	3
60	2
86	7
54	2
54	2
10	1
86	1
17	1
79	1
3	1
10	2
25	1
28	2
36	1
65	1
8	1
81	2
31	2
41	1
50	2
26	7
45	1
51	1
77	1
59	1
52	2
36	1
45	2
10	1
41	3
4	1
8	1
20	1
54	3
25	1
58	2
65	1
65	2
19	15
95	2
77	1
97	3
25	1
26	1
25	1
8	1
19	4
16	4
57	5
1	1
75	2
36	1
16	25
5	2
93	2
63	1
1	17
32	2
51	1
59	2
28	1
55	1
38	1
87	10
90	1
79	8
49	2
6	2
14	1
50	3
13	1
27	1
22	1
89	2
19	1
100	1
70	2
43	2
76	42
52	11
16	1
33	1
44	5
32	13
100	5
67	7
45	2
28	3
54	7
91	2
15	1
18	1
95	43
42	1
89	2
39	4
24	2
24	1
60	1
28	1
88	3
26	3
90	3
3	3
21	1
67	1
82	5
23	3
97	1
50	16
57	1
45	1
10	2
99	8
74	1
84	1
71	2
46	9
14	2
54	1
92	1
72	5
57	3
52	1
58	1
89	1
40	2
98	1
52	5
22	1
25	6
39	15
65	3
58	2
83	10
15	1
31	2
50	1
32	3
91	1
54	1
59	2
16	1
94	4
55	1
45	3
19	4
25	5
18	1
65	2
44	2
77	3
69	1
13	2
78	1
93	1
87	1
76	1
58	73
21	1
83	1
42	1
51	1
87	2
99	1
71	1
34	3
21	1
24	3
6	5
40	2
84	11
1	10
32	3
79	1
22	1
21	9
65	4
81	1
91	2
58	1
26	2
8	1
97	2
82	2
84	1
4	3
51	1
30	5
67	2
86	1
73	1
3	2
28	2
93	21
67	2
79	2
93	2
41	1
20	1
42	2
95	2
75	2
2	2
79	1
16	11
7	2
21	16
78	2
45	1
18	2
19	1
6	2
85	1
51	2
67	1
12	3
90	1
11	1
93	1
62	1
5	1
49	1
29	5
77	2
47	1
87	1
42	2
28	2
37	7
35	2
22	1
21	1
35	1
5	3
19	1
39	4
86	5
52	9
16	2
39	4
22	1
79	2
69	4
46	3
87	1
64	12
29	4
23	2
66	55
93	2
45	1
11	2
22	2
96	1
90	1
3	1
14	2
78	1
90	2
91	3
54	1
37	1
42	2
48	1
38	1
43	1
76	3
16	2
15	1
38	1
100	2
67	1
25	1
47	2
19	3
43	3
95	2
6	1
89	2
46	1
45	4
65	1
94	1
69	2
43	3
64	7
50	4
7	1
25	1
41	1
42	1
67	1
65	4
75	3
76	1
83	1
61	1
92	3
79	3
13	1
70	2
66	4
9	1
93	1
26	6
28	3
67	1
7	10
69	1
88	3
53	1
17	2
21	1
66	1
72	1
23	3
58	1
59	4
12	1
4	2
36	1
8	1
29	1
37	6
46	1
93	1
46	3
11	9
69	3
16	2
11	1
80	2
29	36
38	3
41	1
81	1
76	1
31	20
5	3
52	1
43	11
1	1
5	1
53	1
43	4
64	7
9	13
73	3
33	1
29	8
3	13
1	2
1	2
33	1
2	6
8	1
80	1
31	3
70	1
9	13
54	6
17	1
67	4
50	1
3	1
76	4
92	5
34	3
11	1
97	3
5	2
55	1
63	1
21	1
71	3
49	1
5	10
89	1
58	1
26	8
20	7
16	5
81	1
3	1
18	3
54	1
7	3
58	5
48	1
5	5
63	3
45	1
70	9
42	1
74	1
38	1
72	2
4	1
5	3
94	2
9	4
47	3
58	1
35	5
86	1
74	2
44	4
19	1
54	1
43	2
31	4
73	4
84	13
54	6
86	34
13	1
98	5
8	16
16	7
12	1
33	1
53	2
59	1
41	2
82	1
44	2
67	1
67	1
43	3
42	2
71	2
73	1
66	5
76	6
74	9
33	3
76	1
34	3
7	1
51	1
62	2
5	4
9	4
82	3
94	3
83	4
30	4
37	7
87	1
75	1
50	7
69	3
44	2
64	1
33	6
90	2
7	6
25	19
16	1
21	1
30	2
78	1
62	7
53	2
77	12
11	1
37	6
55	1
37	1
82	1
35	1
14	1
69	1
11	1
45	3
97	8
86	1
84	44
91	1
46	2
18	1
97	6
39	2
86	1
73	2
96	1
89	3
52	1
99	1
93	1
93	1
20	1
67	3
29	3
94	9
28	2
86	1
65	2
26	5
3	2
68	3
9	1
10	1
65	10
21	8
55	5
1	2
48	17
81	5
28	3
6	1
37	5
30	1
67	1
2	1
5	1
70	2
29	1
24	6
40	3
53	5
61	3
20	1
72	3
88	3
27	18
5	1
36	1
68	1
40	1
27	4
42	1
60	21
76	10
62	11
79	1
12	1
18	1
3	6
84	1
91	2
86	2
28	3
80	2
28	2
16	4
15	4
50	1
26	3
9	1
95	4
4	1
30	1
90	6
14	4
73	1
38	1
51	1
31	1
60	2
1	2
64	3
31	1
94	1
94	1
46	2
93	7
46	5
73	8
5	3
11	1
94	1
38	1
13	1
77	5
78	4
50	10
97	1
10	1
39	1
95	3
42	3
36	3
12	1
74	2
50	2
96	5
84	1
38	2
54	2
71	1
95	1
28	1
51	1
84	1
91	1
76	3
21	1
71	21
23	3
52	1
81	2
14	1
33	2
12	1
68	23
72	2
54	1
57	1
35	4
45	2
23	1
9	1
83	3
27	2
27	1
76	4
78	1
23	1
95	2
99	4
19	1
28	2
21	4
28	7
77	1
84	1
43	1
93	4
74	1
81	1
98	1
59	1
48	3
88	1
18	3
56	4
7	1
12	3
67	1
86	1
62	3
93	1
64	1
33	2
57	1
89	2
21	2
32	1
32	1
62	5
56	2
90	1
52	3
41	5
40	5
65	1
98	1
9	1
46	1
49	8
59	2
7	8
37	1
51	2
8	4
69	1
33	2
77	2
11	9
58	23
98	1
54	2
82	1
7	1
8	2
81	3
44	8
48	8
29	1
100	6
15	1
3	1
30	3
83	1
99	2
93	13
65	4
42	1
12	1
77	1
7	2
88	1
49	2
34	4
86	1
17	1
56	2
98	2
2	2
76	8
23	1
100	1
66	4
37	2
93	1
100	1
22	1
1	1
74	10
99	2
22	1
62	1
86	1
62	2
43	4
40	1
9	2
56	1
32	2
2	1
57	15
23	1
88	2
48	1
60	1
76	1
12	1
10	7
48	1
85	3
11	5
60	1
14	3
44	12
11	2
70	1
46	1
96	1
19	1
98	7
40	1
63	1
61	2
1	12
46	1
3	1
12	2
27	2
28	1
70	10
67	2
56	1
35	6
97	1
46	1
34	4
70	1
41	7
71	6
91	3
29	2
24	1
6	18
64	2
71	3
23	1
28	4
2	1
81	1
66	2
48	1
64	2
51	1
47	2
48	1
89	1
81	1
67	2
61	3
71	1
67	1
73	2
22	1
8	2
23	1
81	2
29	1
39	6
51	5
52	1
26	2
25	3
52	7
96	3
72	1
48	2
62	3
85	4
45	1
89	2
69	1
41	1
16	1
28	3
67	2
15	1
71	1
50	19
29	9
39	1
14	1
91	3
9	1
61	2
18	1
23	20
22	1
87	8
93	5
55	4
45	2
3	6
60	2
89	3
100	1
41	2
16	3
91	1
57	1
28	2
57	1
64	1
65	3
19	31
16	2
21	6
95	8
27	7
79	1
94	1
94	2
95	1
16	3
33	23
92	4
50	2
62	4
30	1
67	1
40	1
73	3
46	2
86	3
25	1
39	2
46	1
56	4
92	2
28	7
47	6
40	14
71	2
12	3
31	20
100	3
65	5
33	4
43	1
34	3
34	39
88	4
55	3
22	1
18	1
26	1
21	1
63	1
17	12
43	2
8	5
21	2
65	2
34	2
76	10
25	1
38	2
92	1
59	4
93	1
14	2
95	1
34	2
29	7
35	3
50	3
64	2
66	4
27	4
87	19
65	4
15	1
27	2
49	1
70	2
17	49
11	2
69	1
68	4
46	1
19	4
48	11
69	9
14	3
11	3
1	4
14	1
32	1
24	1
82	2
72	1
76	2
9	12
78	7
45	3
34	1
70	3
49	1
93	6
88	2
65	5
81	5
6	1
23	1
43	1
74	1
53	3
100	2
97	2
42	1
52	2
57	1
8	1
14	2
19	4
55	1
93	1
13	1
51	2
31	1
42	1
11	12
56	1
8	5
39	3
94	1
27	5
14	1
6	1
86	1
80	3
59	2
78	4
25	1
10	1
73	1
62	2
97	1
45	2
70	6
4	2
77	7
64	1
16	13
69	1
97	5
92	4
75	5
29	1
49	2
6	34
93	1
56	2
85	9
93	5
87	2
20	1
30	1
6	1
55	1
50	9
26	7
61	2
63	4
51	2
31	5
36	2
28	1
12	3
94	2
69	4
55	1
48	2
74	1
34	1
30	7
83	1
76	6
11	1
84	3
53	1
21	1
89	2
30	3
63	1
59	2
59	3
70	2
50	3
62	1
23	1
69	1
2	5
99	1
38	2
25	1
49	2
29	1
97	4
93	5
37	3
90	1
16	1
53	1
54	1
3	6
61	4
84	3
68	1
26	2
16	1
99	2
99	2
57	1
41	3
5	1
51	1
23	4
57	2
35	1
93	1
89	2
61	2
67	2
57	2
36	3
94	2
40	1
13	2
90	2
96	1
81	1
40	1
69	1
30	4
9	3
92	10
26	3
20	3
83	1
37	1
53	3
56	2
26	4
92	3
24	1
13	5
37	2
59	1
100	1
60	2
13	1
57	3
59	2
82	1
57	1
63	2
100	1
52	1
38	1
43	1
82	1
17	1
60	1
27	3
14	1
19	2
40	4
16	2
56	1
91	1
67	12
72	1
23	8
46	1
18	1
74	2
47	3
72	2
17	2
69	2
35	1
8	1
14	1
76	1
23	1
32	2
23	1
58	1
78	5
57	8
95	4
49	1
72	1
99	3
70	5
21	1
5	2
34	2
2	2
91	10
27	33
65	1
77	1
46	5
29	2
52	2
84	3
64	7
72	1
98	6
80	1
48	4
46	2
6	1
43	3
75	2
23	1
22	2
66	3
57	1
20	2
17	2
60	3
13	2
45	1
75	2
80	1
11	2
7	3
75	1
17	1
74	1
93	1
89	1
65	2
