5242
56	2
34	1
37	4
19	4
94	1
56	4
13	3
3	1
82	1
38	2
8	18
63	7
17	1
72	1
40	1
22	2
55	1
2	4
31	1
49	2
63	1
82	1
13	11
79	1
26	2
12	1
79	1
58	2
20	3
15	1
39	1
5	4
95	1
87	2
77	2
1	2
91	4
66	3
22	1
48	1
13	1
83	1
36	1
90	5
21	1
66	1
95	6
3	1
28	2
19	1
76	1
96	1
5	3
20	1
9	1
77	11
30	1
16	7
4	5
72	5
12	1
35	2
12	1
47	1
78	1
95	3
36	1
70	2
55	2
70	3
7	1
36	7
10	2
5	1
59	1
88	1
17	5
27	2
11	3
19	2
90	1
92	3
7	1
69	11
1	3
75	2
88	1
47	2
64	2
9	3
30	2
43	1
70	3
26	5
95	5
67	1
61	1
61	1
70	1
79	1
22	2
81	2
15	2
58	1
81	2
52	1
67	1
8	2
63	1
16	1
81	1
93	14
44	1
59	1
85	3
87	3
90	2
19	7
45	2
33	1
95	5
86	2
30	1
48	14
31	4
53	1
49	1
4	1
49	1
8	18
99	1
42	1
60	4
47	13
89	2
32	3
15	1
95	2
15	1
39	2
9	1
55	1
35	6
100	1
72	1
71	1
53	1
61	48
25	3
20	2
37	1
47	1
20	4
98	1
86	2
78	9
79	2
50	1
94	6
52	1
60	3
86	3
87	2
75	2
56	5
75	2
97	1
47	1
13	2
54	2
37	2
44	3
67	1
32	3
98	1
25	2
58	1
20	3
60	4
54	3
92	7
60	2
100	2
7	2
6	1
13	2
95	6
9	1
53	1
73	1
27	1
58	3
60	2
79	1
74	21
86	2
63	5
56	1
55	1
77	3
26	24
54	2
97	1
33	2
5	3
50	1
54	8
19	1
35	1
36	1
85	1
77	8
70	1
13	3
51	16
87	1
31	1
100	6
5	1
80	1
88	1
97	1
88	2
10	1
16	1
82	2
70	6
100	3
95	1
66	8
53	2
72	10
96	1
14	1
54	2
13	5
73	2
87	14
28	1
82	1
93	19
95	7
25	6
4	1
6	1
63	1
76	10
93	3
5	7
23	2
50	3
52	1
48	1
82	3
85	33
69	10
29	1
94	4
9	2
24	1
69	1
76	2
73	1
67	2
25	1
39	1
80	1
99	1
79	3
5	4
46	1
96	1
88	1
32	1
38	1
14	3
93	2
55	1
60	1
94	3
14	2
61	1
74	1
71	2
91	2
71	16
51	1
15	2
60	1
39	3
100	1
7	3
45	2
9	3
34	2
40	10
38	3
39	2
63	1
18	1
87	3
94	1
59	1
27	13
53	14
66	1
69	4
48	1
33	1
68	1
14	3
64	1
63	1
65	2
14	4
30	1
23	20
89	3
82	3
50	3
84	2
90	5
39	2
68	1
97	1
41	3
98	3
13	1
10	2
36	10
64	1
27	2
92	2
70	7
34	4
59	3
85	1
20	2
89	8
99	3
25	1
99	2
95	2
33	2
93	1
80	1
90	3
93	2
73	1
6	1
84	2
74	3
16	3
95	1
31	2
93	1
84	1
81	1
6	5
86	3
85	6
5	1
23	2
7	10
62	1
52	1
80	1
65	7
21	2
3	1
4	1
9	7
90	1
68	1
54	1
93	2
70	1
64	1
46	2
38	14
33	1
4	1
17	1
60	2
30	1
39	1
61	1
23	1
40	1
44	3
48	1
83	2
37	1
61	1
19	40
92	2
43	1
15	1
14	1
100	2
40	3
28	10
89	2
53	3
45	1
73	2
36	2
8	1
4	1
57	4
70	1
25	2
95	1
74	1
17	2
3	1
15	4
59	1
33	5
35	1
58	1
68	1
66	1
68	1
47	1
95	1
72	1
31	11
10	2
25	4
29	1
85	11
58	3
97	5
5	5
18	2
91	3
59	1
11	1
29	2
50	1
24	4
42	1
90	2
10	1
80	14
41	1
32	4
58	2
91	4
63	4
80	1
92	1
61	2
15	6
63	1
64	1
88	9
92	3
60	1
91	1
90	2
7	2
33	1
53	1
30	2
83	1
72	6
98	1
80	2
24	1
28	1
81	2
45	2
92	4
77	1
47	3
17	2
91	3
70	1
75	1
61	1
12	1
35	1
67	4
73	1
60	1
30	1
16	2
68	6
81	3
93	11
61	3
33	11
13	23
49	2
4	1
96	2
45	1
76	18
47	1
54	4
100	1
50	3
60	1
26	1
12	1
19	3
30	5
79	3
56	2
80	1
41	2
26	2
8	1
48	1
53	2
17	5
87	2
19	12
87	1
86	24
13	2
74	3
7	1
35	1
32	2
25	7
93	1
8	3
55	1
10	3
8	2
11	1
44	3
40	1
72	1
79	3
33	10
77	1
9	1
4	1
76	4
63	11
31	1
72	30
77	1
44	3
59	9
83	1
82	2
35	7
51	1
88	1
69	29
25	2
74	3
68	1
56	46
21	1
4	1
23	1
76	4
20	2
23	2
91	1
28	4
8	1
42	5
64	17
10	2
39	1
15	3
87	3
40	7
8	1
2	1
78	2
99	3
67	2
51	3
76	10
34	2
59	1
33	1
37	3
9	2
28	1
32	2
46	3
25	2
69	1
39	3
8	1
96	1
62	1
35	1
28	1
76	19
95	6
60	4
2	1
57	3
43	1
47	1
63	5
97	3
2	2
30	1
23	1
86	2
22	2
25	1
41	1
87	5
59	1
18	10
65	1
93	2
14	3
99	1
62	3
60	1
81	1
75	1
13	1
91	1
81	2
87	11
66	1
7	1
22	2
36	1
98	15
45	2
19	3
39	2
90	1
95	1
38	1
26	4
81	1
88	1
83	1
33	2
50	1
24	1
15	1
56	1
87	1
27	1
48	3
37	1
67	1
7	1
3	2
6	9
100	2
96	1
18	2
81	1
72	1
37	21
64	1
50	2
96	1
59	2
92	2
32	11
81	2
14	2
74	3
18	4
63	5
58	1
46	2
98	16
94	2
2	1
29	1
11	3
30	1
71	1
67	2
83	3
44	2
81	3
66	2
93	1
64	6
59	4
87	1
77	2
41	1
89	2
85	6
98	13
23	2
87	2
22	1
39	2
17	5
33	4
70	1
62	1
74	1
45	14
28	10
44	1
54	9
42	5
35	2
52	3
10	1
98	2
59	12
99	5
8	1
62	3
55	1
13	18
95	7
44	3
81	3
47	7
71	2
24	1
30	3
15	1
16	1
26	2
52	1
54	12
55	1
39	11
89	1
93	3
59	1
62	2
22	7
77	2
47	1
2	2
78	3
18	1
31	7
71	16
19	1
45	1
90	5
37	8
86	13
66	5
64	3
39	1
86	16
82	1
18	22
11	1
50	1
92	3
75	7
18	3
38	1
17	1
50	1
9	1
34	1
35	2
4	1
86	2
40	1
72	1
1	1
56	2
62	2
34	1
61	3
28	17
17	1
76	4
100	1
5	7
62	1
82	3
64	2
54	1
38	1
65	2
7	2
40	1
71	3
55	1
79	1
80	2
29	2
13	1
91	3
13	1
60	1
70	3
65	3
30	2
52	1
39	1
66	9
78	2
6	2
18	1
66	1
32	1
3	1
75	1
17	2
50	1
85	2
50	1
45	1
50	2
25	1
7	1
22	1
29	1
68	9
15	1
94	2
32	2
94	7
94	1
96	2
37	3
65	2
80	1
17	1
57	1
21	2
83	1
99	2
20	2
9	2
55	3
32	3
51	2
95	7
38	2
90	45
22	4
12	1
14	1
82	1
21	1
37	2
43	1
67	1
5	3
1	4
81	3
97	4
61	1
78	1
33	2
24	1
72	3
8	1
66	1
60	1
43	3
94	2
83	1
51	1
38	1
49	1
35	3
53	1
88	1
44	2
49	1
78	3
5	3
62	1
26	1
61	2
20	2
56	2
17	2
92	1
9	1
76	2
85	3
89	1
11	4
96	1
3	2
83	1
10	20
82	8
68	32
6	1
47	1
41	1
19	1
68	1
73	4
22	2
24	1
85	1
99	1
44	9
52	5
12	2
22	1
99	1
86	3
29	4
17	1
46	1
1	7
66	2
61	1
86	10
2	2
69	1
49	2
4	1
90	4
65	4
60	2
53	1
19	8
29	1
49	2
73	1
44	42
26	3
78	37
39	7
32	7
82	14
70	3
84	1
100	2
23	19
14	1
57	1
7	2
70	9
15	1
8	1
81	3
13	10
48	1
88	2
61	2
63	1
5	8
90	2
49	1
16	1
38	1
46	2
60	2
50	6
10	1
84	3
95	2
99	1
51	2
25	3
6	5
94	2
37	1
18	3
46	2
100	1
8	10
78	12
64	2
94	41
88	2
62	1
77	2
76	2
97	2
91	4
39	4
16	4
66	2
13	1
70	2
97	7
60	2
96	4
4	4
96	1
70	2
25	2
21	2
73	2
4	26
75	1
98	1
21	14
27	3
77	5
48	2
72	3
2	3
83	2
60	6
1	10
91	1
27	1
29	3
33	1
14	2
25	3
49	1
78	3
82	1
22	1
31	2
89	14
12	1
89	1
4	2
52	1
66	1
58	1
81	1
77	6
100	2
8	5
50	1
26	1
91	2
13	1
92	9
4	1
75	5
78	1
81	1
24	2
11	18
43	3
74	1
36	1
24	2
73	2
28	5
8	6
97	2
90	1
72	8
43	4
86	2
76	2
53	2
68	4
32	1
6	10
81	19
30	3
37	4
80	1
53	2
34	4
59	1
37	1
68	1
80	1
50	1
75	1
6	1
18	1
51	3
93	5
16	1
86	1
77	2
68	3
57	1
81	1
27	1
49	5
99	3
51	1
87	1
55	7
18	4
80	4
98	1
3	1
99	2
69	1
58	1
7	1
40	2
32	1
56	1
65	1
13	2
54	4
44	1
91	4
83	2
33	1
46	1
98	2
28	1
70	3
54	1
50	1
15	1
11	13
65	1
27	1
42	2
28	3
92	1
49	1
91	3
7	1
21	5
32	2
21	2
84	2
81	2
19	2
17	1
68	4
56	2
10	1
27	3
85	1
6	2
44	1
18	2
85	1
5	3
37	1
21	1
99	2
4	2
48	2
98	6
2	4
62	5
53	3
100	2
57	1
73	1
5	2
2	1
32	1
9	1
84	1
88	1
82	4
3	3
12	2
97	3
56	1
27	5
97	1
48	6
35	1
5	2
14	1
84	1
65	2
66	6
24	2
33	1
44	2
39	1
86	1
23	1
44	1
100	5
79	4
96	3
19	2
56	1
59	1
81	3
34	5
74	2
99	1
14	1
93	3
53	1
38	1
23	13
76	4
76	3
69	1
71	1
24	3
22	2
68	1
8	3
100	1
58	7
90	2
96	1
27	6
64	1
74	5
49	2
59	2
56	1
47	3
17	1
56	1
55	1
45	1
24	2
46	4
46	1
55	2
21	1
40	1
97	4
73	1
14	3
72	1
62	3
47	24
92	4
21	1
76	1
12	1
12	3
31	2
45	3
49	2
66	1
53	4
1	2
10	2
8	8
35	2
4	2
100	1
86	1
93	1
88	1
12	5
14	3
60	1
31	2
26	1
48	1
62	2
7	1
13	1
5	2
35	1
31	4
54	2
57	8
81	3
3	4
99	2
37	2
77	1
17	2
16	2
84	3
63	1
100	6
55	3
26	1
11	1
27	1
28	13
63	2
83	26
3	1
84	1
90	16
59	1
65	3
74	16
54	3
37	1
16	4
9	1
33	1
1	1
88	9
94	1
88	2
18	1
9	1
82	1
64	3
9	10
17	40
28	6
22	2
75	1
59	1
82	1
55	3
2	4
62	2
95	1
23	3
92	9
16	2
86	1
16	3
10	6
79	6
53	1
5	1
41	2
63	1
54	7
8	1
10	1
1	1
22	1
67	2
11	5
41	6
12	11
41	1
39	3
10	3
23	2
19	2
28	4
89	15
49	1
87	1
69	2
65	3
67	3
7	1
16	1
24	3
3	3
51	4
86	1
84	3
77	1
76	7
34	1
37	1
12	9
43	52
67	4
21	3
41	2
61	3
26	1
34	1
99	2
72	1
96	2
44	1
57	3
29	1
87	3
76	2
44	1
81	1
29	27
94	1
32	1
77	1
37	1
88	1
99	3
71	1
14	2
18	2
37	1
65	7
67	5
76	2
62	1
72	1
60	1
64	1
71	12
51	1
54	6
46	2
49	2
98	4
33	1
84	2
17	1
95	1
44	3
44	2
29	1
99	27
84	1
31	1
54	1
12	2
71	3
11	1
24	1
81	2
74	1
29	12
68	3
24	1
97	1
67	4
86	1
66	1
79	1
74	4
29	2
91	6
94	2
18	2
60	1
30	2
18	1
27	1
85	3
99	10
69	2
59	1
34	3
75	12
71	1
48	1
86	25
99	2
90	1
52	16
70	1
34	3
39	9
75	2
61	1
56	1
93	2
88	1
89	3
43	2
10	6
59	4
80	1
78	1
76	1
70	1
10	3
35	2
66	2
74	1
37	3
59	2
95	2
8	1
60	2
43	21
91	3
68	1
61	2
43	5
73	2
85	2
18	2
33	11
32	7
12	2
36	14
49	1
68	1
65	2
57	3
48	1
63	2
69	15
59	3
63	1
74	9
17	1
69	1
77	1
7	26
72	1
59	4
76	1
28	2
5	5
51	4
31	1
18	13
88	9
62	2
62	2
100	2
30	14
79	4
72	12
95	3
79	3
14	1
82	10
45	5
25	1
41	5
12	1
58	5
37	1
100	1
59	1
28	1
18	1
46	1
43	1
83	2
96	1
26	1
89	1
15	6
21	9
72	8
17	1
82	1
52	6
4	1
31	2
2	3
41	6
89	1
91	1
55	3
71	2
15	1
5	2
28	3
89	1
8	1
32	2
62	1
21	1
97	1
100	1
3	2
96	3
74	1
65	4
24	2
63	2
51	26
71	1
96	1
77	1
68	5
44	1
42	1
98	18
67	10
87	1
40	13
11	1
72	1
44	3
14	8
37	2
28	4
42	5
70	3
78	3
29	9
69	1
36	1
12	2
66	6
22	2
84	1
69	2
11	4
2	4
21	13
92	4
97	1
23	1
6	2
6	2
72	2
7	2
92	4
61	2
72	1
62	1
70	1
62	8
46	2
60	1
5	8
18	2
35	4
18	1
92	28
25	1
49	1
71	1
5	15
96	3
69	1
82	1
91	3
22	1
11	1
53	6
31	1
16	2
63	1
8	3
8	1
69	2
67	2
47	1
26	2
98	2
51	2
84	1
74	11
28	3
86	1
99	4
54	1
85	6
50	2
22	1
76	4
16	2
33	1
16	1
56	1
3	1
44	14
50	3
44	2
53	1
8	1
97	3
16	2
29	2
26	1
26	2
44	1
47	3
7	1
37	2
79	2
71	1
29	1
90	1
48	2
53	3
92	3
20	1
34	3
28	3
2	1
16	2
97	1
76	18
27	1
16	4
7	11
26	2
9	5
59	1
9	2
15	1
63	2
63	1
86	1
59	1
94	5
88	3
87	1
45	1
79	4
70	1
50	1
72	1
15	1
66	2
92	1
27	2
18	7
54	2
79	1
94	1
38	1
67	2
49	1
90	1
27	1
16	4
6	1
39	7
20	1
47	2
88	1
68	1
62	1
11	2
34	1
69	5
38	2
99	1
49	2
16	2
99	4
4	1
69	1
28	2
97	1
50	10
98	1
92	2
39	8
56	2
59	2
46	2
58	2
85	1
84	1
33	2
31	1
42	1
29	7
39	1
46	7
61	3
57	1
54	3
7	1
18	4
84	6
64	2
12	3
99	2
47	1
81	9
19	1
80	1
94	1
24	1
9	1
85	1
41	2
60	1
99	2
63	3
97	2
27	2
25	1
54	1
8	1
52	2
59	3
24	3
52	1
46	2
84	4
77	1
21	2
22	1
70	3
5	1
13	2
73	1
8	1
59	2
64	1
44	14
44	2
30	2
67	1
59	1
57	1
77	1
75	1
48	2
37	1
9	2
35	7
37	1
11	1
61	3
9	2
99	1
24	2
51	16
55	2
95	3
95	3
40	3
72	7
65	3
42	1
60	1
6	1
23	2
46	2
93	1
39	39
10	1
23	1
7	1
72	1
92	11
75	1
87	1
21	2
57	1
77	1
42	8
15	1
2	2
51	1
66	1
89	1
55	3
86	4
44	1
66	7
27	11
69	1
38	13
16	1
3	1
14	4
78	6
12	6
40	1
28	1
54	4
32	1
32	2
73	2
26	5
10	3
29	1
17	1
19	1
64	2
28	3
20	1
56	17
39	1
96	2
53	2
34	2
9	1
53	1
40	1
22	1
82	3
30	1
20	2
34	1
72	7
63	3
21	4
26	1
66	4
24	10
23	2
1	1
22	2
16	2
84	1
13	13
91	2
19	7
94	3
45	2
16	1
13	1
78	3
94	2
11	1
12	1
26	2
16	3
69	3
64	1
71	2
73	1
23	2
24	1
94	1
37	1
79	1
96	9
87	1
2	2
9	1
82	1
81	9
38	1
83	1
57	3
29	1
66	1
71	2
23	1
61	4
24	3
8	1
99	1
11	1
94	1
17	3
57	1
27	1
49	2
47	1
14	1
85	3
82	1
72	5
70	1
62	2
74	1
15	1
66	32
76	5
96	5
90	4
40	1
2	1
25	6
45	8
26	2
21	5
88	1
62	2
27	1
2	24
96	4
24	3
93	2
25	37
42	5
95	6
82	1
20	2
95	4
48	2
97	1
31	2
63	2
92	1
68	1
41	1
13	15
28	2
66	1
96	1
70	3
39	12
90	3
61	2
78	2
8	1
32	34
9	7
83	15
35	1
97	2
16	6
94	1
65	1
99	1
17	5
5	3
23	1
17	14
30	1
95	6
19	1
27	1
73	9
30	1
14	1
86	1
86	1
77	4
90	3
65	10
47	1
65	2
15	1
3	3
78	4
33	2
76	4
26	1
24	2
6	1
85	2
18	1
74	1
24	2
21	3
20	2
61	1
35	1
68	1
71	1
86	5
92	1
66	9
12	1
76	8
77	2
12	5
33	5
40	13
99	4
48	2
78	1
6	3
35	12
53	1
70	1
12	1
3	2
82	1
69	1
83	1
20	6
40	1
83	1
60	1
91	1
56	9
67	8
32	3
86	1
10	1
73	3
21	2
2	1
41	3
63	5
68	1
73	2
86	3
37	3
93	10
56	3
47	1
60	1
27	1
61	1
5	2
61	3
60	9
78	1
85	4
78	2
74	2
10	1
58	3
8	1
77	2
49	8
89	1
100	1
9	3
55	2
44	1
89	1
29	1
58	6
10	1
68	2
86	2
46	1
27	3
96	13
68	1
25	9
3	3
23	1
35	1
76	1
44	2
37	1
87	2
89	1
29	3
83	1
37	2
60	1
32	11
69	3
98	4
60	1
20	1
16	1
11	6
35	1
11	1
77	3
17	1
45	3
25	5
63	1
6	1
27	1
29	5
88	1
39	2
82	1
81	1
63	1
92	1
44	2
72	2
51	2
89	2
88	1
73	2
25	3
76	2
14	1
97	22
33	2
52	7
44	15
63	1
74	6
6	6
60	1
41	1
20	10
4	3
93	2
9	2
5	1
19	2
87	2
23	1
53	2
86	1
6	1
5	1
6	2
48	2
91	5
74	2
68	2
69	1
56	2
28	2
61	1
81	1
64	2
71	2
78	2
15	2
55	2
66	2
33	1
76	2
5	1
36	3
29	1
84	7
34	2
47	10
61	2
45	6
31	1
96	1
70	4
46	1
33	1
88	1
81	1
91	2
64	1
61	3
35	1
80	9
60	2
65	1
6	6
48	2
24	3
99	2
6	1
74	1
59	1
55	1
28	1
24	1
27	2
88	1
32	1
32	3
97	1
63	4
58	6
41	1
57	1
78	3
35	3
52	3
64	1
32	1
6	1
34	1
42	3
97	3
92	3
64	2
29	4
94	1
92	2
18	6
25	1
10	2
50	3
51	2
70	1
8	1
88	3
11	2
66	4
55	8
88	40
48	7
48	2
53	1
27	3
38	2
69	3
9	7
11	3
35	3
41	7
59	2
35	8
61	1
28	4
8	3
85	1
34	1
48	1
74	5
60	1
24	3
10	1
50	2
42	2
4	17
78	2
14	1
34	4
63	1
41	10
80	2
29	1
8	2
51	2
1	26
91	2
94	1
59	3
24	3
31	7
86	3
92	1
72	3
24	1
90	15
56	1
40	1
35	2
11	1
79	1
99	1
90	1
73	4
38	1
100	4
26	4
77	1
35	1
46	3
34	2
74	1
56	2
25	1
12	1
79	5
2	2
11	1
72	2
91	3
83	4
77	2
74	1
29	1
5	1
18	1
13	6
31	3
7	2
62	7
95	8
60	1
16	8
39	1
9	1
47	1
19	1
52	6
80	1
4	5
6	20
26	1
67	3
89	3
15	10
43	2
89	1
57	6
28	2
94	1
76	1
79	1
16	1
43	1
62	3
35	6
71	1
40	2
19	3
62	1
30	1
42	1
62	4
74	2
97	1
77	3
59	4
22	1
89	1
73	4
62	1
20	1
18	1
72	1
38	4
69	1
94	1
37	1
64	3
96	1
80	1
36	1
78	1
16	1
21	2
19	2
46	2
17	6
100	1
51	4
25	1
56	1
85	1
25	1
5	1
8	3
91	1
27	5
52	5
38	2
82	1
9	1
46	1
94	1
16	1
86	3
66	1
62	1
85	3
51	2
5	1
78	3
5	7
19	4
45	2
31	4
15	4
5	7
15	2
9	2
93	3
74	2
87	1
12	1
73	2
65	2
72	9
76	6
45	1
35	2
1	3
19	1
55	1
79	2
72	1
2	1
81	4
77	2
15	7
90	1
2	1
64	14
47	1
100	2
85	1
84	1
50	1
5	2
24	2
76	3
70	1
14	3
57	2
68	10
78	3
57	2
15	1
73	1
62	3
8	2
100	1
87	1
43	1
41	3
63	3
26	2
45	2
74	1
63	2
65	4
93	11
41	2
93	2
80	1
80	2
9	3
79	2
68	2
35	3
23	1
88	2
10	8
2	2
29	4
99	4
48	1
23	1
67	1
57	3
20	13
36	1
67	4
75	9
39	1
99	2
11	11
8	1
69	4
7	1
76	5
45	1
48	31
66	2
33	8
11	1
10	4
32	2
11	5
66	1
19	11
61	4
1	6
53	5
32	1
21	2
16	5
85	2
36	1
28	1
24	9
72	2
35	1
13	1
13	1
98	1
94	1
64	3
30	6
19	3
78	1
72	1
56	1
7	8
6	1
12	2
23	2
14	1
38	2
6	3
56	2
32	3
64	1
46	3
14	1
58	1
55	2
36	1
84	26
53	3
28	12
23	7
99	1
59	1
14	1
37	4
70	1
17	1
67	1
30	1
78	1
23	1
67	53
93	3
53	1
44	6
9	2
34	1
53	1
94	33
60	2
34	2
2	2
19	2
16	28
47	1
39	1
28	1
80	1
59	1
65	3
67	1
19	6
84	7
45	12
37	1
11	8
37	7
76	4
79	7
55	1
87	8
99	1
1	2
34	1
65	14
13	2
27	1
31	1
55	1
40	3
31	3
65	1
14	1
26	1
83	1
73	1
76	2
35	5
4	6
35	1
70	22
51	4
79	3
58	1
60	8
27	1
3	2
12	2
84	3
11	10
68	1
39	4
58	3
19	1
97	2
81	5
52	12
66	3
16	2
66	2
24	1
68	1
36	2
93	3
68	3
88	1
90	1
30	3
4	4
13	4
4	2
70	1
28	13
41	7
9	3
21	3
3	8
9	1
70	2
8	9
8	1
72	1
25	1
100	1
100	1
32	8
9	3
62	1
87	2
82	5
13	11
79	2
93	5
4	1
92	26
99	1
9	1
51	2
74	1
65	2
14	1
79	1
100	1
9	1
47	2
85	1
91	31
25	1
1	1
97	8
90	6
94	6
68	2
83	1
95	1
65	3
99	1
82	5
39	1
88	1
80	1
47	2
86	1
5	3
50	3
82	1
47	1
41	4
72	14
6	1
26	1
77	2
16	5
75	3
100	1
43	2
86	1
100	2
64	3
9	3
8	6
56	1
66	1
19	1
23	1
6	5
97	2
24	13
92	1
71	5
64	1
69	1
54	39
71	1
28	1
35	1
70	15
41	1
90	1
75	1
87	5
63	8
13	2
47	1
88	44
94	1
82	1
51	10
34	3
56	1
1	1
47	2
36	2
8	3
2	5
40	2
13	4
74	2
92	1
81	1
41	5
30	4
88	1
13	5
54	7
85	5
62	2
75	3
74	1
73	4
67	3
66	1
65	1
59	13
63	1
88	1
13	1
29	1
1	1
76	1
61	4
7	1
94	2
70	1
18	3
93	2
57	1
18	2
49	1
81	1
15	1
66	1
89	6
82	1
87	2
43	1
68	4
72	1
86	2
80	1
86	1
91	1
82	5
67	1
36	1
93	4
67	1
81	1
56	1
95	2
71	1
93	1
90	1
4	5
9	15
29	1
59	3
40	29
27	1
22	1
57	1
64	5
24	1
81	1
59	1
25	2
64	1
23	8
34	3
27	11
13	2
40	13
74	1
63	2
37	1
65	1
50	1
67	1
77	13
56	7
74	1
67	2
49	17
89	2
67	1
76	1
73	4
2	1
46	2
49	2
48	1
79	6
46	1
22	2
96	4
60	1
61	1
57	2
67	1
43	2
63	2
16	5
36	1
33	1
81	13
68	2
99	2
29	2
47	1
69	3
31	3
63	3
5	1
52	8
68	2
9	4
15	1
70	1
93	1
83	1
87	21
56	14
52	1
32	1
39	2
40	40
79	17
64	1
78	1
59	13
60	2
79	1
94	1
75	3
2	1
14	2
11	1
25	10
6	2
60	2
8	1
16	1
57	6
21	3
45	2
31	12
49	2
29	1
9	3
84	4
13	6
97	2
67	3
37	3
29	2
67	4
50	1
73	1
13	1
92	18
76	5
13	12
83	1
23	19
96	17
52	1
3	4
35	1
73	15
92	2
70	2
88	1
92	1
77	8
57	13
12	27
42	1
61	1
69	4
18	1
88	2
28	3
69	1
11	2
84	1
93	1
12	23
75	1
95	1
58	4
72	12
36	1
49	1
93	1
30	10
85	1
31	1
11	2
73	2
43	2
76	2
64	1
18	1
42	2
41	1
15	1
24	2
29	2
97	1
41	1
82	3
47	1
36	4
14	15
30	10
19	4
90	1
44	2
72	1
23	1
87	1
76	1
39	1
35	4
28	1
65	12
100	1
73	1
71	1
99	1
42	1
57	4
3	1
94	4
36	1
85	4
4	4
37	2
67	4
81	1
45	4
55	1
11	3
35	3
64	1
33	1
53	1
92	1
93	11
28	3
52	2
55	1
76	1
1	1
61	3
36	13
29	1
5	2
20	1
19	1
23	2
92	1
45	1
82	7
19	4
69	15
73	1
29	1
65	3
43	1
61	1
34	5
72	1
27	1
28	3
26	7
100	10
76	1
52	1
37	13
18	1
92	1
80	1
42	7
100	2
73	2
66	5
100	2
95	3
31	1
23	2
23	1
26	2
22	1
59	1
99	3
14	1
69	1
62	1
89	1
46	2
25	1
18	33
51	1
50	4
85	1
90	1
50	2
8	2
43	2
80	1
41	2
32	3
90	10
72	1
10	3
90	1
32	5
59	1
22	6
67	1
84	19
64	1
22	1
7	1
37	5
6	1
82	4
90	1
85	1
100	1
82	1
29	1
99	17
98	11
98	4
77	1
24	1
17	4
15	6
62	1
12	3
31	9
59	1
64	3
85	3
89	2
56	1
30	1
7	3
78	2
44	1
41	3
98	1
64	10
84	9
14	5
95	2
89	2
69	1
96	2
19	1
71	4
5	9
33	2
79	1
19	1
16	2
41	1
21	2
25	2
81	1
51	3
87	18
28	12
95	3
59	1
10	1
43	1
81	1
77	5
37	3
33	3
58	3
17	1
28	2
82	2
84	8
35	1
75	2
76	2
88	1
85	6
67	1
15	1
54	1
9	1
89	2
46	1
65	1
24	2
7	2
52	2
41	6
11	1
99	1
35	2
24	2
39	3
50	4
92	1
43	1
97	4
41	3
29	2
56	2
97	10
61	3
52	1
86	1
67	2
52	1
26	1
24	1
20	14
16	1
28	1
10	2
93	11
18	1
7	1
25	7
35	1
55	2
38	6
51	3
81	3
57	2
80	1
22	1
5	1
9	1
99	1
8	2
72	1
11	1
50	1
37	1
73	2
25	1
35	1
66	4
29	1
73	1
54	11
11	2
82	8
42	2
42	4
70	19
26	1
95	1
20	6
63	1
73	4
5	11
15	1
74	1
97	1
55	7
91	2
60	1
89	1
4	1
1	6
94	2
58	3
6	3
70	3
24	4
7	1
2	4
2	1
68	3
25	2
100	2
91	1
91	3
63	3
60	3
20	3
93	4
93	1
57	2
70	3
5	15
59	9
1	2
36	1
62	1
45	1
79	3
75	3
18	1
67	1
52	2
83	7
66	1
46	1
89	2
5	1
94	2
2	4
28	20
17	1
49	2
54	3
1	1
100	2
17	1
99	2
8	2
15	1
8	7
99	2
78	2
41	5
70	3
69	4
31	1
42	1
51	5
10	6
74	1
72	3
79	5
9	3
3	1
10	2
35	2
6	2
67	1
36	2
39	3
37	8
93	2
1	2
24	1
45	1
71	1
91	1
39	4
86	1
26	1
51	1
59	1
77	2
5	1
12	2
19	1
64	1
29	2
6	1
26	2
53	1
19	3
48	2
45	9
49	3
31	3
35	1
58	1
65	1
26	2
57	1
28	1
7	4
88	5
12	1
63	1
12	2
10	2
41	1
43	3
29	1
40	1
14	2
25	3
59	3
58	1
45	1
38	2
42	1
64	1
89	1
69	4
10	20
10	4
36	2
38	2
77	2
78	1
26	2
71	2
3	2
2	10
14	1
51	1
16	1
11	4
43	4
56	3
61	2
53	1
17	4
64	2
19	5
86	1
95	1
31	1
36	1
48	2
22	3
59	2
15	3
41	2
52	1
60	2
12	4
12	1
54	2
76	2
67	2
19	2
21	1
62	1
32	3
9	5
11	1
42	1
88	1
34	2
81	1
55	1
57	2
24	2
44	1
33	2
60	1
23	1
51	2
87	12
49	2
38	3
66	1
87	1
12	1
96	2
17	3
84	1
20	3
82	1
57	3
26	3
16	4
99	5
88	2
51	1
84	2
46	1
67	1
6	6
4	2
22	1
55	1
92	1
15	1
42	1
90	3
39	3
70	1
74	1
74	1
92	1
63	5
10	1
21	1
11	1
68	1
95	2
88	2
100	2
14	4
72	7
11	1
59	12
51	1
37	1
7	3
85	2
69	1
2	1
13	1
64	1
43	4
6	3
99	6
35	1
98	19
66	2
20	2
40	2
7	2
45	1
9	1
86	3
28	2
18	1
98	1
72	1
95	3
73	7
33	1
9	1
16	2
90	1
2	3
56	1
57	4
25	9
82	2
46	2
96	1
100	1
47	1
36	17
99	1
86	2
18	1
65	1
71	1
68	3
87	1
32	1
75	1
12	2
65	3
68	1
71	32
56	4
90	9
58	3
50	61
24	5
40	3
51	1
94	2
34	5
45	1
74	45
20	1
79	7
93	2
47	2
65	6
32	2
44	1
95	1
35	3
11	2
57	14
35	1
83	2
81	1
84	4
49	3
91	1
38	4
77	1
50	1
37	3
99	1
21	4
24	2
62	1
80	8
51	1
20	1
86	17
63	5
7	1
24	1
42	3
84	4
49	1
62	1
66	1
69	1
5	2
93	1
30	3
89	1
43	6
64	3
8	2
49	1
41	2
63	7
38	2
3	2
83	1
75	10
28	1
87	1
40	5
3	1
7	1
53	1
50	2
81	1
46	1
71	1
5	1
19	3
83	2
32	1
88	5
65	1
53	1
52	1
34	2
65	1
48	2
93	11
84	2
54	7
53	1
66	1
61	2
51	4
8	5
60	1
92	3
15	2
27	1
88	2
23	10
3	2
20	2
66	2
19	1
84	4
48	2
33	1
37	6
3	1
69	1
91	2
37	2
55	2
22	11
22	3
97	1
65	5
71	1
23	3
2	9
65	1
58	1
60	1
31	1
42	1
75	1
10	3
41	1
26	2
62	1
58	2
76	3
78	2
4	1
87	12
9	1
57	3
99	1
64	1
30	3
32	21
41	1
20	1
10	2
94	1
44	1
33	3
77	9
17	3
14	4
37	1
58	1
41	1
61	1
37	1
13	1
51	2
62	1
33	8
66	4
97	1
81	2
80	1
44	1
88	3
3	2
31	3
21	2
67	5
79	3
75	1
76	7
95	8
46	1
63	1
56	1
25	3
40	1
96	4
56	3
40	1
59	1
69	2
45	1
64	1
42	1
65	22
67	1
5	1
89	1
27	9
78	4
32	1
11	1
100	17
62	1
75	1
12	25
3	1
81	1
30	1
8	10
91	2
56	1
37	1
66	2
40	1
70	1
60	1
1	10
97	3
53	1
87	1
65	2
24	1
7	1
20	1
51	1
39	1
9	2
54	1
94	1
17	3
19	1
47	4
90	4
85	2
66	2
10	1
12	3
80	1
85	1
35	1
12	3
97	1
51	3
95	2
46	1
60	1
43	2
34	1
53	2
78	1
41	2
53	1
19	4
21	5
34	1
42	1
79	9
17	2
39	6
26	1
26	1
99	2
94	7
51	2
50	7
17	2
14	1
94	1
4	2
39	1
21	1
85	5
69	1
33	10
64	2
42	2
46	1
8	8
23	1
85	3
38	3
67	1
73	28
87	5
26	2
68	1
8	3
50	1
58	2
86	26
91	1
62	4
70	4
26	1
79	1
69	1
15	12
72	1
46	5
67	3
35	2
74	1
91	1
70	1
56	3
68	5
86	2
85	6
50	1
99	11
72	6
96	1
53	18
78	3
29	11
74	1
82	3
8	3
21	1
19	1
36	2
25	1
19	1
27	1
22	2
100	2
44	2
84	1
66	1
47	1
8	1
60	12
18	1
61	1
44	6
65	1
22	1
51	1
1	1
64	1
54	3
19	3
61	3
46	2
14	2
23	2
63	2
63	1
49	2
69	3
6	1
74	1
25	14
23	2
52	1
50	6
100	2
3	1
70	1
38	1
43	2
9	1
42	1
36	3
45	2
85	1
88	3
81	1
81	2
40	1
88	6
37	1
57	3
99	3
90	1
14	4
47	2
88	2
92	2
81	1
30	2
38	1
22	1
80	1
73	1
38	19
60	1
99	3
17	1
46	1
36	2
42	15
32	1
74	1
56	5
63	3
23	1
6	3
22	2
50	1
8	3
59	1
13	1
34	1
58	4
38	1
90	1
27	1
12	2
100	1
59	51
55	6
66	1
29	2
49	3
85	3
17	4
74	1
52	3
9	1
86	1
53	1
29	1
1	1
84	5
58	12
66	2
26	1
76	1
21	1
85	3
31	10
52	1
82	1
11	3
63	2
92	2
75	1
99	1
12	7
31	3
75	2
86	2
78	4
6	1
37	1
7	6
95	1
23	3
13	1
21	1
84	2
95	1
33	5
89	1
26	1
65	1
14	12
3	1
15	1
45	1
54	1
21	1
13	2
27	9
79	1
5	2
60	3
25	1
95	4
87	1
32	2
75	2
5	1
92	1
89	19
21	2
90	1
42	2
88	3
80	13
16	13
33	8
38	3
70	1
21	3
7	4
11	4
53	3
9	17
86	2
31	3
96	1
100	1
74	2
57	3
57	5
92	2
2	4
97	1
16	1
79	2
21	2
54	3
56	1
68	1
64	2
100	11
22	1
47	1
89	1
4	2
31	20
86	1
28	3
3	3
52	3
65	1
22	2
97	1
32	1
70	4
66	1
57	1
71	1
85	1
63	2
9	8
35	1
25	2
80	1
56	4
12	5
55	30
90	1
14	1
18	3
72	3
56	3
73	2
87	3
89	33
97	1
42	4
95	3
44	1
49	6
57	10
71	1
97	1
65	2
85	1
97	2
69	4
87	3
29	1
98	6
22	3
18	1
77	3
85	1
38	1
72	7
45	1
56	3
54	2
3	2
53	2
97	1
2	3
14	1
60	1
52	1
9	2
48	1
85	2
58	32
17	4
67	4
22	1
54	4
41	3
68	1
7	1
18	2
51	1
91	3
45	2
43	2
14	2
91	1
74	2
19	4
28	1
3	1
6	1
80	2
64	2
95	1
63	1
31	1
94	3
22	1
66	3
43	1
7	1
77	22
84	2
22	1
32	2
64	2
79	1
39	1
41	3
65	3
96	1
15	1
19	1
30	4
53	1
62	1
61	1
90	8
85	1
7	3
34	1
56	1
16	1
59	1
26	1
11	1
21	23
65	2
66	1
74	5
71	3
28	1
25	3
27	1
80	1
76	2
7	5
81	1
77	1
83	1
65	8
27	1
70	1
27	1
37	23
4	3
87	1
90	1
52	1
71	2
1	1
47	18
28	2
82	16
70	2
58	2
8	1
71	3
26	1
64	1
49	3
73	2
50	1
97	1
30	1
83	1
16	37
41	11
61	2
99	2
89	26
16	26
43	1
26	5
36	1
35	3
8	6
71	1
21	2
10	1
38	6
31	1
74	1
48	4
45	2
67	2
54	2
82	1
73	1
69	1
99	2
95	3
61	1
16	1
36	2
82	1
17	1
77	1
36	8
27	1
23	2
17	1
80	1
76	1
8	2
63	16
50	1
65	3
26	3
91	4
4	1
37	1
89	1
14	1
41	2
59	1
90	7
43	1
77	1
72	5
66	5
43	2
42	5
77	1
86	1
79	2
44	1
13	1
80	4
7	1
23	1
35	1
92	1
80	3
98	4
5	1
36	1
30	1
5	1
44	2
25	3
34	2
41	2
51	1
77	1
91	1
74	56
10	1
5	1
85	1
43	3
17	1
39	1
6	1
4	14
88	1
75	1
100	2
20	3
86	6
11	4
46	2
5	2
52	1
47	9
63	2
29	1
18	2
29	1
14	2
76	2
64	2
23	1
16	1
16	3
41	1
80	3
13	2
44	2
97	1
1	1
82	1
42	10
48	2
73	1
54	2
15	1
1	1
83	1
82	2
68	3
28	3
11	1
87	11
5	2
47	12
98	1
37	1
78	1
61	1
50	2
2	1
35	4
52	1
70	1
68	1
6	1
40	1
87	2
21	3
13	1
51	2
46	2
49	2
28	1
76	2
27	2
40	3
83	2
31	3
75	1
92	2
48	4
47	2
10	5
29	1
85	4
84	2
71	3
56	1
44	3
26	1
12	2
36	1
59	6
49	3
19	1
64	14
75	2
52	2
80	2
10	1
64	4
97	1
76	1
83	3
34	1
93	2
76	1
42	1
49	3
18	2
86	1
85	1
94	1
48	4
20	1
40	1
1	1
68	2
87	1
46	1
9	2
69	3
22	1
69	2
4	1
89	4
18	1
100	1
13	1
87	1
55	2
67	3
13	5
82	7
36	3
23	1
70	1
32	1
4	1
13	4
86	2
99	2
78	1
18	1
97	2
26	1
82	3
6	3
77	6
97	2
19	2
12	1
13	3
30	1
94	12
27	1
48	4
86	1
23	5
19	1
10	1
23	1
35	3
89	2
19	3
79	1
7	2
76	1
32	1
38	2
52	5
8	2
41	1
75	2
99	5
86	20
36	1
51	3
40	2
37	39
27	3
47	5
4	1
7	2
31	7
63	1
12	1
32	5
14	4
18	2
99	2
72	6
15	11
8	1
64	2
64	1
10	8
26	12
83	1
99	4
79	1
47	2
35	1
93	1
37	4
12	1
18	2
73	6
56	2
86	1
76	9
60	1
62	3
50	6
20	2
61	1
66	9
40	2
38	5
100	1
47	1
60	1
46	2
47	2
65	6
72	1
84	8
29	7
20	1
93	1
31	1
42	1
12	1
47	2
17	4
74	1
10	7
30	1
18	1
56	9
12	1
73	1
63	2
44	2
84	1
25	7
41	2
13	2
51	1
53	1
57	7
82	1
11	2
21	3
91	1
61	1
7	1
2	6
39	1
55	7
85	2
39	7
97	1
76	11
61	6
65	10
6	1
83	2
61	1
48	3
83	1
5	1
45	1
62	1
55	1
8	1
46	1
63	2
100	2
40	6
70	1
78	5
54	3
94	1
67	3
17	1
53	1
41	1
79	19
36	2
69	1
23	1
93	3
60	7
74	4
52	2
56	1
21	5
93	1
75	1
59	1
59	26
63	2
12	9
53	18
77	1
41	1
87	13
35	1
77	1
98	1
55	16
61	1
65	37
42	1
63	1
33	3
63	1
71	2
92	2
72	1
96	1
19	8
49	1
80	57
66	1
4	2
85	2
47	6
68	2
44	2
88	3
2	1
76	2
27	3
47	1
39	1
13	1
76	3
15	3
37	3
36	12
51	2
8	2
73	2
37	5
57	1
45	3
29	1
83	1
90	5
56	5
23	1
38	1
33	11
4	4
35	2
14	1
15	7
86	1
48	2
55	1
50	1
67	1
22	1
85	1
81	2
92	3
61	1
52	1
84	1
66	3
50	45
6	1
4	2
3	1
18	1
11	2
8	1
97	33
29	6
44	5
26	2
12	1
15	1
82	16
23	1
19	4
30	2
36	1
20	1
88	3
46	1
7	3
27	1
38	4
89	1
16	1
16	2
51	1
95	1
32	8
31	1
40	1
26	3
97	3
16	2
85	3
86	6
18	1
99	3
18	1
88	1
52	2
65	7
36	6
37	19
75	1
69	2
32	1
41	2
43	4
16	4
69	9
22	1
16	1
45	1
10	1
70	1
86	1
66	1
92	2
40	3
22	6
84	2
6	1
84	2
83	3
78	1
3	3
42	3
23	1
3	1
70	5
97	1
58	9
80	1
17	1
67	2
31	1
94	2
25	1
87	18
80	2
10	1
68	1
52	3
41	3
78	3
77	1
68	3
89	9
35	1
71	8
46	3
2	3
89	11
19	6
36	1
43	2
32	2
100	5
56	1
88	1
53	1
59	4
2	1
24	1
3	1
88	4
46	4
90	1
18	8
65	21
58	1
2	3
69	3
23	1
97	1
8	1
78	2
26	1
65	1
66	2
94	2
19	1
45	4
77	5
17	5
18	1
99	2
15	4
77	4
94	1
51	1
26	2
72	20
58	4
99	1
7	7
79	1
83	2
34	3
36	3
3	2
27	1
28	2
72	7
34	1
29	1
70	1
63	1
57	1
29	4
46	5
99	7
60	1
98	9
43	1
98	1
89	9
97	1
21	1
72	3
85	2
37	3
58	1
47	1
22	2
20	6
61	15
42	2
2	23
17	3
23	2
40	5
43	1
80	1
8	1
69	1
55	4
50	1
60	2
77	2
22	1
52	1
66	2
54	1
36	1
15	1
89	1
73	2
94	11
97	2
55	2
49	1
26	1
72	1
45	15
65	8
95	2
52	1
13	4
31	1
79	2
57	1
50	1
53	5
33	6
1	1
18	3
99	14
99	1
27	5
69	1
13	1
63	3
27	7
72	1
22	1
5	2
21	5
12	3
54	1
27	1
83	4
54	2
39	6
3	2
47	1
12	2
86	1
26	3
1	3
73	1
51	5
5	6
36	4
49	2
59	3
42	9
70	1
74	7
99	5
77	3
98	1
59	1
66	4
100	1
84	1
89	1
53	1
58	1
60	2
28	1
32	2
63	2
68	1
61	1
15	3
66	1
28	2
51	2
59	2
60	1
26	6
76	6
44	1
70	1
90	2
24	1
18	1
74	1
77	1
54	2
74	3
59	1
42	1
46	1
11	2
93	1
8	4
17	1
5	1
57	3
35	7
19	9
22	4
88	12
77	2
93	1
11	2
55	1
60	6
55	1
9	4
61	4
19	1
71	3
67	4
22	6
11	2
4	2
84	3
83	3
35	2
14	1
78	1
100	1
19	1
10	3
4	5
95	2
50	2
98	25
43	5
68	1
62	1
90	1
65	1
9	2
98	18
99	2
41	1
63	2
3	1
90	1
93	1
33	4
100	1
10	2
52	1
99	2
52	1
10	4
11	4
19	20
91	9
83	17
67	3
93	2
69	2
80	2
17	5
60	5
93	1
14	1
98	4
8	4
52	2
18	1
86	1
22	1
5	1
62	2
54	9
45	3
88	4
39	4
87	9
24	2
67	9
26	1
1	7
65	5
2	4
17	6
22	1
67	2
47	2
49	4
34	4
73	5
20	2
30	3
9	6
36	5
94	2
43	1
46	2
49	1
93	1
37	42
7	2
43	1
35	1
4	1
88	4
93	1
40	6
65	4
31	8
27	1
13	2
69	1
79	1
8	6
85	1
88	1
99	2
48	3
26	3
53	1
80	1
72	1
71	4
18	7
89	17
76	1
16	1
63	1
16	1
69	2
14	4
95	3
91	1
97	1
94	4
32	1
46	1
43	2
92	4
20	4
8	1
84	1
42	1
21	1
68	1
8	6
50	1
45	11
97	6
59	1
90	2
66	1
45	1
54	2
19	3
19	1
19	3
1	1
100	1
68	1
62	3
100	1
82	3
54	7
37	2
71	16
54	1
17	7
95	2
90	3
47	1
91	2
14	1
29	1
15	30
32	1
28	1
91	3
79	2
90	1
8	1
97	1
47	1
63	1
36	12
5	7
59	2
99	3
89	5
38	2
28	3
84	1
56	1
15	2
70	2
4	1
15	2
38	1
14	1
5	3
3	1
82	2
8	1
38	2
60	1
3	1
99	3
93	3
64	1
91	3
10	5
10	1
95	1
88	1
51	2
8	1
52	6
19	1
21	4
7	3
82	4
18	1
99	5
86	5
68	2
94	6
70	1
4	2
7	1
75	7
34	1
14	3
23	1
96	2
39	3
75	2
15	2
100	1
6	5
26	1
12	1
2	1
26	3
49	1
48	2
45	4
57	2
22	6
42	1
22	5
23	3
100	1
91	1
1	1
39	2
69	1
97	1
35	2
26	2
10	1
59	8
10	1
63	3
46	1
100	2
36	3
66	28
63	7
37	2
4	2
41	5
76	2
45	3
15	3
98	2
47	1
29	3
22	2
38	1
47	1
37	2
12	1
68	1
62	2
89	2
82	1
40	1
70	1
71	4
5	2
59	2
75	1
10	8
78	1
67	1
37	8
57	2
57	8
73	1
31	10
86	2
95	6
20	1
60	4
100	3
10	1
71	1
45	1
33	1
80	2
97	3
54	2
15	1
28	3
32	14
52	6
21	1
46	1
62	3
34	3
26	1
70	2
80	2
28	3
39	9
14	5
74	1
91	1
82	3
27	2
79	5
34	2
28	4
43	2
89	1
53	4
71	4
61	2
40	1
13	5
47	2
65	1
46	1
60	3
77	1
91	3
68	1
6	3
8	1
35	1
75	2
13	2
60	2
95	1
13	3
29	5
86	1
84	3
99	1
9	7
