Tamanho    Peso
241  8604
262  8754
268  8766
267  8867
247  8801
266  8783
243  8588
267  8802
268  8702
267  8652
261  8831
264  8618
269  8698
262  8762
269  8677
266  8713
268  8682
265  8850
248  8833
266  8817
264  8805
262  8814
266  8839
247  8692
244  8689
265  8772
265  8787
269  8613
240  8507
267  8602
270  8719
263  8694
238  8553
265  8659
237  8604
267  8729
273  8781
262  8722
233  8361
240  8434
263  8682
264  8796
261  8574
270  8684
245  8535
245  8693
266  8909
244  8623
245  8627
240  8633

Time taken: 17
