Tamanho    Peso
240  8924
243  9288
242  8828
244  9101
241  8989
236  8739
237  8841
240  8962
233  8863
242  8935
242  8909
243  9013
244  9092
243  8883
240  8857
238  8763
235  8818
241  9146
239  8983
243  8731
245  9020
241  8759
244  8926
246  9147
242  8777
240  8845
237  8882
251  9403
239  8933
243  9058
244  8947
239  8879
246  8978
246  9047
240  8932
240  8891
238  8952
244  9185
238  8755
243  9056
240  8943
246  9145
241  8910
244  9064
241  8995
242  8787
237  8842
244  9117
240  8882
244  8982

Time taken: 14
