Tamanho    Peso
1092  34286
1086  34260
1093  34161
1092  34158
1091  34186
1092  34304
1094  34351
1089  34313
1095  34307
1089  34265
1089  34207
1099  34268
1090  34173
1086  33958
1091  34269
1090  34168
1093  34258
1092  34264
1089  34294
1091  34381
1096  34341
1094  34343
1090  34069
1096  34231
1084  34176
1089  34412
1093  34418
1090  34292
1093  34357
1092  34322
1084  34307
1093  34214
1090  34216
1091  34081
1094  34219
1090  34245
1094  34227
1090  34287
1089  34234
1092  34329
1090  34229
1092  34352
1087  34102
1091  34128
1096  34360
1094  34253
1089  34114
1093  34355
1092  34420
1097  34367

Time taken: 30
