Tamanho    Peso
1746  57253
1745  56444
1744  56575
1733  57066
1725  56654
1744  56679
1726  56694
1744  56780
1741  56748
1732  56892
1750  56590
1735  56376
1730  56773
1731  56957
1720  57186
1735  56768
1746  56405
1746  56397
1741  57088
1739  56856
1744  56960
1738  56810
1743  56509
1742  56803
1737  56513
1740  56925
1740  56222
1759  56799
1749  56648
1732  56970
1746  56943
1722  56807
1733  56483
1738  56888
1753  56676
1730  56561
1734  57012
1756  56412
1730  56956
1750  56447
1725  56538
1748  56697
1740  56851
1745  56922
1728  56688
1724  56806
1738  56802
1736  56830
1746  56843
1725  56591

Time taken: 227
