***********CONSTRUÇÃO**************
ANTES | DEPOIS
1.72776   1.65178
1.72671   1.65657
1.72297   1.64807
1.72251   1.64522
1.72908   1.6501
1.72504   1.64872
1.72275   1.64533
1.72192   1.64976
1.72107   1.64403
1.72219   1.64843
1.71902   1.64914
1.7233   1.65314
1.71782   1.6464
1.72442   1.655
1.71961   1.6519
1.7204   1.65623
1.72694   1.64849
1.72396   1.64394
1.72169   1.65145
1.71355   1.64694
1.722   1.65321
1.72005   1.65095
1.72139   1.6377
1.72431   1.64501
1.72278   1.65489
1.72551   1.65369
1.72525   1.64677
1.72155   1.64678
1.72081   1.63279
1.71495   1.65515
1.71722   1.6628
1.71712   1.65611
1.72415   1.63825
1.7225   1.65379
1.72388   1.66382
1.71982   1.65256
1.71841   1.64624
1.71484   1.65874
1.72609   1.6558
1.72036   1.6439
1.71845   1.64458
1.72706   1.65608
1.72863   1.64317
1.72392   1.6431
1.72793   1.65445
1.7198   1.64537
1.7289   1.65621
1.71481   1.64349
1.71987   1.64234
1.7277   1.65543
***********BUSCA LOCAL**************
ANTES | DEPOIS
1.62895   2.5474
1.88863   1.6097
3.54339   1.60118
2.05419   2.62964
1.97302   2.11708
2.42849   1.63745
2.19605   1.61308
2.21742   1.59391
2.60473   1.49557
1.60733   1.55217
1.54711   2.52442
2.03513   1.64927
1.60497   3.06062
3.02454   3.79256
1.58634   3.12058
1.58928   2.12241
1.53309   1.60679
2.05801   1.52825
1.54826   1.91919
1.60455   1.61144
2.21333   3.07708
1.52358   1.59062
2.5967   2.94282
1.58243   2.55786
1.61704   2.51112
1.60817   2.08213
2.51652   2.58826
2.08336   1.57233
1.54969   1.65481
1.54039   3.1245
1.59004   2.63501
1.9907   4.19864
1.92678   1.64957
1.88966   2.1648
2.57915   2.03709
2.11692   2.0216
3.11801   2.07197
1.56923   2.19792
2.45235   1.59792
1.55579   2.08476
1.47288   1.5782
1.60974   2.04464
3.16529   1.6234
1.51392   2.74353
2.02384   1.49307
1.60466   1.57236
1.52442   1.59259
1.53228   1.55859
1.4929   1.49122
2.53927   2.12623
