Tamanho    Peso
286  8669
285  8391
290  8397
288  8432
292  8712
284  8379
281  8271
289  8412
286  8490
283  8570
264  8826
290  8371
285  8430
260  8639
288  8364
253  8371
281  8286
287  8554
289  8578
289  8285
283  8334
291  8558
291  8541
293  8414
292  8734
284  8621
284  8387
286  8361
290  8487
299  8456
264  8436
288  8549
290  8518
255  8415
282  8401
285  8482
283  8529
292  8642
287  8515
279  8212
279  8324
282  8276
253  8461
286  8535
282  8485
292  8570
288  8505
283  8210
252  8399
289  8607

Time taken: 17
