***********CONSTRUÇÃO**************
ANTES | DEPOIS
0.224245   0.111188
0.220946   0.108419
0.22267   0.108425
0.221465   0.108647
0.218159   0.1081
0.219738   0.106801
0.218928   0.1086
0.225127   0.108919
0.222592   0.108412
0.219583   0.099083
0.217989   0.108314
0.224095   0.108418
0.219547   0.108347
0.223633   0.107879
0.221958   0.107974
0.224149   0.107059
0.219938   0.108444
0.220351   0.108469
0.220628   0.109168
0.224919   0.09918
0.222642   0.108006
0.222923   0.108291
0.224327   0.108296
0.225877   0.108088
0.219985   0.107983
0.220427   0.107006
0.219669   0.108295
0.222545   0.108982
0.224046   0.108759
0.225988   0.099171
0.22622   0.108185
0.222003   0.108089
0.223914   0.108477
0.222634   0.108638
0.217886   0.107913
0.219161   0.106826
0.217866   0.108464
0.223488   0.108433
0.220213   0.108966
0.222733   0.099084
0.21872   0.108056
0.217831   0.108498
0.222027   0.108524
0.217291   0.108149
0.218142   0.107561
0.221855   0.106814
0.225214   0.108469
0.220354   0.109118
0.221383   0.108836
0.224961   0.099062
***********BUSCA LOCAL**************
ANTES | DEPOIS
0.110844   0.119638
0.100912   0.118363
0.099716   0.102971
0.111958   0.125652
0.104961   0.108129
0.103492   0.113332
0.113332   0.112298
0.109148   0.114251
0.104237   0.118846
0.101155   0.119144
0.16144   0.115862
0.10727   0.115899
0.113679   0.123089
0.165953   0.105748
0.109625   0.109601
0.220836   0.121617
0.11559   0.11723
0.097966   0.114955
0.108218   0.116861
0.10555   0.127189
0.097982   0.115872
0.108942   0.116894
0.114598   0.107563
0.10931   0.110153
0.116517   0.118561
0.117572   0.12876
0.104451   0.121093
0.105949   0.11149
0.100576   0.122791
0.11859   0.120587
0.171735   0.125376
0.103484   0.116829
0.099497   0.118226
0.175433   0.115099
0.114726   0.112768
0.102705   0.114106
0.106098   0.117103
0.104234   0.108093
0.100314   0.112919
0.114054   0.122925
0.099433   0.123659
0.10941   0.11837
0.219879   0.114736
0.112491   0.124166
0.092514   0.105207
0.105692   0.122426
0.116537   0.120925
0.113271   0.114838
0.168549   0.106838
0.107451   0.124067
