Tamanho    Peso
1103  35589
1092  35636
1099  35843
1104  35827
1101  35662
1101  35700
1096  35838
1092  35591
1104  35730
1095  35683
1100  35556
1091  35749
1091  35690
1097  35781
1103  35827
1104  35746
1097  35693
1092  35651
1105  35768
1094  35638
1096  35725
1089  35454
1099  35746
1091  35827
1096  35802
1101  35720
1103  35681
1091  35504
1104  35668
1100  35687
1097  35736
1095  35626
1092  35690
1096  35702
1108  35700
1098  35719
1099  35825
1091  35713
1095  35397
1099  35611
1097  35754
1094  35750
1092  35625
1099  35752
1104  35739
1105  35780
1099  35670
1092  35535
1101  35711
1099  35577

Time taken: 28
