33;8;123 866 967 1059 1205 1453 1463 1831 2168 2282 3825 3992 4671 4977 5082 5109 5162 5624 5633 5951 6211 6583 7058 7323 7458 7908 8558 8749 8957 9639 9719 9857 10191
33;8;123 866 967 1008 1059 1453 1463 1831 2168 2282 3509 3825 3992 4671 4977 5082 5109 5162 5624 5633 5951 6211 6583 7058 7323 7458 7908 8558 8749 9639 9719 9857 10191
33;8;123 621 866 967 1059 1453 1463 1831 2168 2282 3825 3992 4671 4977 5082 5109 5162 5624 5633 5951 6211 6583 7058 7323 7458 7908 8023 8558 8749 9639 9719 9857 10191
33;8;123 621 866 967 1059 1453 1463 1831 2168 2282 2774 3825 3992 4671 5082 5109 5162 5624 5633 5951 6211 6583 7058 7323 7458 7908 7926 8558 8749 9639 9719 9857 10191
33;8;123 866 967 1059 1205 1453 1463 1831 2168 2282 2452 3249 3825 3992 4671 5082 5109 5162 5624 5633 5951 6211 6583 7058 7323 7458 7908 8558 8749 9639 9719 9857 10191
33;8;123 866 967 1059 1453 1463 1831 2168 2282 2452 3249 3825 3992 4671 5082 5109 5162 5624 5633 5951 6211 6583 7058 7323 7458 7908 7926 8558 8749 9639 9719 9857 10191
33;8;123 614 866 967 1059 1453 1463 1831 2168 2282 2452 3249 3825 3992 4671 5082 5109 5162 5624 5633 5951 6211 6583 7058 7323 7458 7908 8558 8749 9639 9719 9857 10191
33;8;123 621 866 967 1059 1453 1463 1831 2168 2282 2452 3249 3825 3992 4671 5082 5109 5162 5624 5633 5951 6211 6583 7058 7323 7458 7908 8558 8749 9639 9719 9857 10191
33;8;123 866 967 1008 1059 1453 1463 1831 2168 2282 2452 3249 3825 3992 4671 5082 5109 5162 5624 5633 5951 6211 6583 7058 7323 7458 7908 8558 8749 9639 9719 9857 10191
33;8;123 866 967 1059 1453 1463 1831 2168 2282 2452 3249 3825 3992 4671 4977 5082 5109 5162 5624 5633 5951 6211 6583 7058 7323 7458 7908 8558 8749 9639 9719 9857 10191
