Tamanho    Peso
113  4557
98  3770
99  3938
105  4186
98  3813
111  4279
108  4535
82  3198
98  3665
117  4713
111  4246
105  4073
102  4070
100  4162
102  4346
102  4065
102  4137
98  4288
106  4021
97  4041
104  4198
96  3644
101  4123
108  4157
96  3448
90  3992
117  4652
113  4438
112  4550
101  4163
107  4053
117  4760
113  4356
98  3620
99  4071
100  4228
100  4144
107  4449
112  4341
115  4599
99  3937
99  3821
100  3765
85  3264
110  4200
106  3726
94  3464
102  4206
94  3964
103  3858

Time taken: 178
