Tamanho    Peso
256  8289
296  9351
246  8003
282  8863
259  8857
264  8585
281  9039
270  8587
275  8629
260  8290
280  8857
250  8283
270  8731
284  8808
271  8711
260  8304
256  8172
265  8637
280  8804
251  8516
265  8107
274  8794
249  8062
249  8227
278  8881
297  9224
259  8488
283  9302
252  8225
248  8215
275  8497
247  7830
249  8240
261  8638
263  8762
250  8014
252  8434
295  9399
282  8919
294  9051
278  8979
280  8844
271  8539
282  9094
285  9080
281  8807
281  8791
257  8179
247  8376
264  8828

Time taken: 22
