Tamanho    Peso
1061  35479
1059  35354
1073  35619
1057  35424
1054  35336
1066  35553
1057  35612
1062  35509
1058  35431
1068  35552
1061  35522
1062  35414
1067  35504
1067  35420
1060  35488
1067  35495
1071  35529
1064  35500
1055  35234
1063  35527
1058  35490
1060  35421
1071  35646
1069  35581
1056  35347
1064  35458
1066  35521
1063  35456
1054  35283
1066  35495
1060  35456
1059  35332
1065  35512
1064  35569
1055  35260
1064  35513
1066  35542
1063  35632
1056  35387
1058  35440
1058  35406
1059  35304
1067  35677
1066  35472
1051  35325
1072  35602
1065  35572
1065  35556
1055  35406
1061  35387

Time taken: 28
