Tamanho    Peso
1066  35823
1066  35852
1070  36206
1079  35827
1060  35992
1065  35819
1067  35895
1064  35863
1067  35775
1064  36080
1065  35655
1070  35859
1060  35882
1070  35785
1065  35610
1075  35970
1074  36098
1062  35952
1068  35843
1078  36181
1072  35796
1072  35810
1067  35917
1081  35948
1067  35907
1068  35891
1065  35802
1072  36086
1076  35785
1060  35693
1069  35978
1074  35991
1072  35813
1075  36328
1078  35922
1063  35674
1071  36358
1063  35914
1066  35785
1076  36017
1077  36096
1056  35721
1067  35724
1063  35766
1066  35737
1068  35830
1073  35874
1064  35815
1074  35875
1064  36035

Time taken: 60
