***********CONSTRUÇÃO**************
ANTES | DEPOIS
1.72173   1.60434
1.72881   1.59975
1.72455   1.60479
1.72173   1.60719
1.72207   1.59487
1.7218   1.59599
1.71792   1.59746
1.72656   1.57582
1.7213   1.58828
1.73349   1.57936
1.73346   1.57814
1.72237   1.58885
1.72388   1.60652
1.73059   1.60133
1.73046   1.59634
1.73515   1.5877
1.72139   1.58191
1.7243   1.57509
1.72751   1.58871
1.72368   1.59836
1.73452   1.58195
1.72792   1.58687
1.72232   1.60049
1.73156   1.59887
1.72676   1.6008
1.72392   1.58029
1.72573   1.57202
1.72958   1.5638
1.72149   1.58482
1.72669   1.60951
1.73093   1.58472
1.72478   1.59261
1.72421   1.59967
1.72698   1.61026
1.71815   1.59949
1.71952   1.59127
1.72986   1.58339
1.73729   1.57743
1.71999   1.57836
1.72698   1.60206
1.72327   1.59386
1.71931   1.59489
1.7149   1.5967
1.72107   1.60125
1.72323   1.59386
1.72714   1.59657
1.72222   1.59614
1.72468   1.5631
1.73017   1.58374
1.72317   1.5931
***********BUSCA LOCAL**************
ANTES | DEPOIS
2.88604   2.3308
1.60922   2.32253
1.67337   1.72464
1.62444   1.73168
4.64072   1.71632
2.8338   1.1898
2.82059   1.68497
2.69793   2.27629
2.79222   1.78677
1.71437   1.17213
2.8542   2.87708
1.66437   1.73109
1.17383   3.48387
2.28658   2.30539
1.66616   1.68201
2.20151   1.75944
2.84982   1.69737
1.17221   2.29544
1.67351   1.15403
2.19123   1.19906
2.24607   1.18539
1.64454   2.32414
1.71652   2.32321
2.91647   1.17959
1.66612   2.91584
1.18909   2.34786
1.14739   1.17988
1.70664   1.14894
2.3272   1.71057
1.58781   1.17945
2.85459   1.63783
1.18793   1.72048
1.68134   1.701
1.70942   1.70234
1.68959   1.16392
1.15667   1.72933
1.7177   1.68651
3.42727   1.75047
1.6097   2.31515
1.66831   1.75336
1.72337   3.45277
2.1707   1.1652
2.82717   1.19125
2.25678   1.18884
1.75259   4.05003
2.15241   3.97786
2.22565   2.35279
1.73164   1.19901
1.66182   2.897
2.32195   1.16954
