Tamanho    Peso
258  7453
261  7511
258  7464
255  7454
256  7421
239  7556
231  7370
258  7503
256  7432
260  7574
256  7340
262  7421
231  7357
257  7382
255  7560
217  6903
255  7550
236  7404
237  7449
261  7475
235  7394
236  7538
260  7350
255  7368
254  7444
251  7408
257  7491
257  7389
255  7280
251  7367
258  7448
254  7467
229  7404
254  7346
253  7350
253  7255
259  7460
257  7469
251  7400
252  7355
255  7315
256  7443
257  7390
253  7319
224  7223
231  7214
253  7476
255  7382
256  7393
257  7357

Time taken: 17
