***********CONSTRUÇÃO**************
ANTES | DEPOIS
1.70436   1.65085
1.70886   1.57235
1.71166   1.58754
1.70504   1.63828
1.70745   1.64209
1.70737   1.63804
1.71227   1.51667
1.70808   1.63562
1.70737   1.63601
1.70972   1.63062
1.71224   1.64831
1.70463   1.5713
1.70996   1.57802
1.70649   1.6362
1.70607   1.64846
1.7085   1.63315
1.70691   1.51633
1.70617   1.63574
1.70392   1.63779
1.70795   1.63931
1.70501   1.64336
1.70582   1.57456
1.70591   1.58273
1.70641   1.63701
1.70724   1.64819
1.70687   1.63058
1.7047   1.51467
1.70768   1.64112
1.70921   1.63225
1.70525   1.63929
1.70554   1.64333
1.70644   1.58656
1.70676   1.58278
1.70785   1.63453
1.70611   1.652
1.7112   1.63353
1.70809   1.51571
1.70836   1.63694
1.70605   1.63721
1.70727   1.62804
1.7071   1.64185
1.70797   1.57373
1.70758   1.5801
1.70445   1.63865
1.70821   1.64496
1.70472   1.63692
1.70126   1.51527
1.70501   1.64017
1.70951   1.63838
1.70347   1.63148
***********BUSCA LOCAL**************
ANTES | DEPOIS
2.67037   1.63143
1.52469   2.65892
1.5831   1.61949
2.07159   1.60474
1.62833   1.54766
2.664   1.5133
3.17586   2.15453
2.68486   3.80667
1.50382   2.5497
1.61524   2.59487
2.14355   2.69041
1.54313   2.71565
1.6423   1.61839
1.58239   2.14087
1.57502   1.62024
1.55053   1.63163
1.61813   1.62245
2.05012   3.69417
1.50104   1.59161
1.10314   1.53805
2.65324   1.54532
1.59184   1.59394
2.1106   1.61923
1.63234   2.9782
1.49348   2.05352
1.58891   2.13246
1.55906   1.61323
2.61417   2.58955
1.60019   2.54916
1.60587   1.55165
2.69909   1.56035
2.12491   2.15854
2.0277   4.20731
1.70139   1.6184
1.65495   2.11209
2.10207   2.08853
1.53022   1.62153
3.26077   1.52775
1.58886   1.48509
1.54823   2.72791
1.60014   1.58832
2.59766   1.6377
2.13558   1.51756
1.61701   2.11146
2.13869   1.47633
1.55883   1.53326
2.69958   1.61538
2.10317   1.55304
1.56864   1.64207
3.12755   1.58087
