***********CONSTRUÇÃO**************
ANTES | DEPOIS
0.401784   0.213229
0.400578   0.212641
0.401177   0.213513
0.39932   0.215322
0.402149   0.213588
0.401278   0.217082
0.401   0.217024
0.401953   0.212953
0.399736   0.213699
0.400815   0.213684
0.402148   0.210355
0.401265   0.212956
0.401262   0.215078
0.401021   0.213054
0.401368   0.212734
0.401184   0.215621
0.399576   0.214977
0.400511   0.21368
0.400329   0.214851
0.400245   0.213256
0.402637   0.210036
0.400422   0.212531
0.401263   0.214385
0.39939   0.214459
0.401147   0.212772
0.402553   0.215402
0.40009   0.214942
0.401279   0.212293
0.400673   0.214755
0.40061   0.21374
0.403028   0.209263
0.401026   0.213245
0.401734   0.21434
0.401398   0.214806
0.401402   0.213229
0.401   0.216502
0.400452   0.216082
0.402155   0.212343
0.400878   0.213951
0.40046   0.214082
0.401164   0.210818
0.401296   0.213024
0.400647   0.212854
0.401109   0.215124
0.400519   0.213014
0.402051   0.21627
0.401101   0.216292
0.401259   0.213144
0.401989   0.214328
0.402096   0.214248
***********BUSCA LOCAL**************
ANTES | DEPOIS
0.388835   0.198453
0.48448   0.394116
0.485904   0.19605
1.26435   0.194386
0.687076   0.196454
1.07237   0.194243
0.385734   0.390848
1.46836   0.391906
0.485804   0.19713
0.487334   0.292812
0.577924   0.196801
0.785032   0.194453
0.478848   0.196702
0.792971   0.195473
0.77339   0.293131
0.576144   0.390893
0.585671   0.194832
1.17301   0.390765
0.78161   0.386918
0.675179   0.198359
0.481668   0.197265
0.577645   0.194434
0.584298   0.197652
0.7787   0.194824
0.574899   0.193134
0.776238   0.290824
1.0652   0.194726
0.868336   0.198589
0.385219   0.389614
0.870398   0.200649
0.87429   0.196383
0.67559   0.196632
0.684857   0.198121
0.773459   0.288437
0.775227   0.200352
0.484654   0.192597
0.676882   0.198146
0.773366   0.198391
0.77777   0.195066
1.05846   0.193162
0.669754   0.192525
0.869086   0.192971
0.68001   0.196368
0.668322   0.196287
0.678227   0.1965
0.678987   0.486514
0.487389   0.291997
0.778957   0.392132
0.98041   0.196115
0.869312   0.195622
