***********CONSTRUÇÃO**************
ANTES | DEPOIS
1.68215   1.08841
1.67753   1.09724
1.6844   1.08842
1.67851   1.09019
1.68642   1.08414
1.68283   1.09503
1.67866   1.09341
1.67939   1.0859
1.67906   1.0773
1.68094   1.08304
1.67796   1.08465
1.68178   1.09597
1.67982   1.08774
1.68107   1.08914
1.68002   1.08081
1.67664   1.09068
1.67991   1.09102
1.67857   1.08743
1.6802   1.07923
1.67657   1.08449
1.68519   1.08517
1.68118   1.09729
1.67754   1.08854
1.68165   1.09169
1.675   1.08204
1.68098   1.09257
1.6768   1.0887
1.67783   1.08758
1.68203   1.07356
1.68005   1.08486
1.68016   1.08453
1.67958   1.09603
1.67648   1.08874
1.67829   1.08942
1.67972   1.0825
1.68285   1.09371
1.68653   1.09031
1.68345   1.08957
1.68321   1.07736
1.67951   1.0855
1.67633   1.08345
1.68142   1.09587
1.67818   1.08912
1.68356   1.0889
1.67836   1.08306
1.67515   1.09162
1.68077   1.09392
1.6851   1.08706
1.67812   1.07218
1.67623   1.08223
***********BUSCA LOCAL**************
ANTES | DEPOIS
1.75714   0.912287
2.67456   0.885618
1.31701   0.905973
1.32466   0.909149
3.10458   0.896471
3.11652   0.899925
3.55557   0.896868
4.00681   0.899083
3.1147   0.893601
3.10237   0.889508
3.97773   0.898886
1.79531   0.884285
2.22064   0.917269
3.55191   0.896629
3.97657   0.903912
3.55109   0.904371
4.00225   0.909169
1.78983   0.910943
1.73506   0.893348
3.99409   0.890623
1.75588   0.906648
1.76841   0.885523
4.43431   0.923222
2.66533   0.90266
3.12268   0.911195
1.78312   1.34442
2.21164   0.896797
2.64284   0.891909
2.20247   0.903967
2.25217   0.911025
1.7857   0.913397
2.66181   0.906502
2.21051   0.894487
2.66227   0.898308
2.65908   0.890972
3.13112   0.894716
5.3507   1.34063
1.75257   0.916089
1.78683   0.907399
2.16664   0.908176
2.66284   0.907138
3.52501   0.903224
3.5395   0.916214
1.76494   0.900765
3.09136   0.911697
3.0856   0.89814
2.20856   1.34199
3.5467   0.905431
3.08504   0.916514
3.56573   0.910058
