***********CONSTRUÇÃO**************
ANTES | DEPOIS
0.478356   0.293649
0.478673   0.292474
0.478794   0.298201
0.478174   0.292171
0.478228   0.291035
0.47933   0.295528
0.478162   0.290589
0.478641   0.287635
0.477292   0.292561
0.477436   0.293574
0.478349   0.291554
0.480036   0.294129
0.479673   0.296926
0.478166   0.292959
0.47836   0.290516
0.478405   0.294927
0.479759   0.292492
0.478692   0.288357
0.477024   0.292003
0.478882   0.292744
0.477388   0.292346
0.478537   0.293949
0.476876   0.297313
0.479972   0.292781
0.478703   0.29024
0.479117   0.295018
0.479167   0.292059
0.477684   0.288699
0.478458   0.291834
0.47925   0.292764
0.479097   0.292442
0.477719   0.293673
0.477617   0.297333
0.478239   0.29246
0.478895   0.289895
0.47753   0.294686
0.477751   0.291529
0.480125   0.288387
0.47863   0.292786
0.478837   0.292949
0.47988   0.291791
0.479124   0.294569
0.480086   0.297584
0.478373   0.29288
0.479135   0.290006
0.478665   0.294595
0.479027   0.292332
0.478517   0.288125
0.478111   0.291824
0.479026   0.293156
***********BUSCA LOCAL**************
ANTES | DEPOIS
0.738704   0.248827
0.982387   0.248691
0.741892   0.244808
0.7465   0.246686
0.989261   0.246804
1.11847   0.255109
0.857168   0.250135
0.99057   0.247053
0.612407   0.246811
0.741224   0.252967
0.990515   0.247244
0.497498   0.249484
0.992611   0.253142
0.751367   0.253906
1.11587   0.25227
0.49007   0.246152
0.609889   0.25141
1.4863   0.252882
0.621608   0.248816
1.48583   0.251097
0.977312   0.251798
0.869775   0.249711
0.610033   0.248697
0.869136   0.247762
0.628354   0.249016
0.620662   0.249236
1.2373   0.248723
0.860441   0.252857
0.861913   0.250104
0.618139   0.246895
0.370367   0.249895
0.865893   0.251541
0.617604   0.247884
0.746119   0.253762
0.612639   0.251155
0.862844   0.248231
0.622232   0.247123
0.618163   0.250199
0.36666   0.252848
0.870565   0.246174
0.987131   0.246472
0.738303   0.244051
0.61777   0.249263
0.742936   0.251965
0.742106   0.249173
0.739062   0.248788
0.367732   0.252607
0.747615   0.248059
0.491662   0.245184
0.864301   0.242902
