249 460 524 586 806 1117 1138 1159 1202 1242 1277 1467 1668 1864 1988 2021 2311 2479 2647 2735 2912 2936 3110 3170 3261 3334 3380 3744 3844 3854 3999 4007 4032 4078 4125 4237 4376 4479 4585 4702 4800 4814 5151 5419 5536 5852 5865 6032 6140 6262 6270 6390 6493 6561 6769 6773 6826 6876 7007 7150 7372 7392 7595 7747 8051 8071 8094 8315 8372 8530 8531 8557 8560 8968 8979 9031 9099 9464 9520 9702 9791 9812 9930 10003 10029 10084 10087 10095 10144 10175 
361 476 524 586 806 1202 1242 1277 1563 1668 1792 1864 2479 2802 2912 2936 3110 3261 3365 3380 3679 3945 3999 4032 4125 4175 4237 4479 4671 4702 4800 4814 5151 5152 5218 5419 5536 5852 5865 5965 5975 6032 6100 6150 6262 6270 6327 6336 6420 6493 6561 6813 6826 6876 7007 7057 7372 7392 7626 8051 8071 8094 8182 8279 8315 8372 8531 8557 8904 8968 8979 9031 9099 9110 9464 9520 9632 9759 9791 9812 9930 9977 10029 10047 10084 10087 10095 10144 10175 
361 476 524 806 916 1138 1202 1242 1467 1563 1792 1864 2802 2912 2936 3110 3170 3261 3275 3380 3679 3744 3854 3945 4007 4032 4078 4125 4237 4418 4479 4671 4702 4760 4800 4814 4878 5151 5419 5536 5852 5975 5989 6032 6100 6140 6262 6270 6493 6773 6826 6876 7007 7057 7150 7372 7392 8051 8071 8182 8279 8315 8372 8530 8557 8560 8607 8699 8921 8968 8979 9031 9099 9164 9464 9520 9791 9812 9930 10029 10047 10084 10087 10095 10144 10175 
361 476 524 586 806 1138 1163 1202 1277 1467 1668 1864 2802 2834 2912 2936 3110 3170 3261 3380 3844 4032 4125 4175 4237 4479 4585 4702 4800 4814 4917 5151 5152 5218 5419 5536 5569 5852 5965 5975 5989 6032 6100 6150 6262 6270 6336 6390 6420 6493 6561 6773 6813 6826 6876 7007 7057 7372 7392 8094 8279 8315 8372 8531 8557 8560 8921 8968 8979 9031 9099 9464 9520 9759 9791 9812 9930 10003 10009 10029 10084 10087 10095 10144 10175 
476 524 586 764 806 1138 1163 1202 1277 1563 1668 1792 1864 1897 2611 2802 2912 3110 3261 3275 3365 3380 3744 3854 4007 4032 4049 4237 4479 4585 4702 4760 4800 4814 4917 5151 5419 5536 5852 5865 5989 6032 6100 6140 6262 6270 6327 6493 6773 6826 6876 7007 7057 7150 7372 7392 7626 7747 8051 8071 8094 8182 8315 8320 8372 8530 8531 8557 8699 8968 9031 9099 9110 9164 9204 9464 9791 9812 9930 9977 10009 10029 10047 10084 10087 10095 10144 10175 
460 524 586 806 1159 1277 1467 1668 1864 2802 2912 3110 3170 3261 3275 3380 3388 3679 3844 3854 3945 3999 4007 4032 4078 4125 4237 4479 4671 4702 4800 4814 4878 5151 5152 5218 5419 5536 5865 5989 6032 6100 6140 6262 6270 6390 6493 6769 6813 6826 6876 7007 7372 7392 7595 7747 8094 8315 8372 8530 8560 8968 9031 9099 9164 9464 9520 9759 9791 9812 9930 10003 10029 10084 10087 10129 10144 10175 
361 470 476 586 806 1159 1163 1277 1563 1668 1864 1897 2802 2912 2936 3110 3261 3275 3380 3388 3844 3945 4007 4032 4125 4562 4585 4671 4702 4800 4814 4878 5151 5152 5218 5419 5536 5852 5865 5975 6032 6097 6100 6140 6262 6270 6390 6813 6826 6876 7007 7057 7372 7392 7529 7626 7747 8071 8315 8320 8372 8530 8607 8904 8968 8979 9031 9099 9110 9164 9464 9791 9812 9930 10029 10071 10084 10087 10095 10144 10175 
470 586 764 806 1163 1202 1277 1563 1668 1792 1864 2802 2912 3110 3170 3261 3275 3365 3380 3679 3744 3854 3999 4007 4078 4125 4562 4702 4760 4800 4814 4917 5151 5218 5419 5536 5852 5975 6032 6097 6100 6140 6262 6270 6493 6826 6876 7007 7057 7372 7392 7458 7529 7747 8071 8182 8315 8320 8372 8531 8560 8699 8904 8968 8979 9031 9099 9164 9464 9520 9791 9812 9930 10003 10029 10047 10071 10084 10087 10095 10144 10175 
361 476 524 764 806 1138 1159 1202 1277 1668 1864 1897 2479 2611 2802 2834 2912 3110 3261 3380 3679 3844 3945 3999 4032 4125 4175 4237 4376 4671 4702 4800 4814 4878 4882 5151 5419 5536 5852 5865 5975 6032 6100 6140 6270 6390 6493 6561 6769 6813 6826 6876 7007 7057 7150 7372 7392 7458 8071 8182 8279 8315 8372 8530 8557 8560 8904 8968 9031 9099 9464 9759 9791 9812 9930 9977 10009 10029 10084 10087 10144 10175 
277 470 524 586 806 1277 1563 1668 1792 1864 2802 2912 2936 3110 3261 3380 3388 3679 3744 3854 3999 4007 4032 4049 4078 4237 4479 4562 4702 4760 4800 4814 4878 4917 5151 5152 5419 5536 5852 5865 5975 6032 6100 6140 6262 6270 6390 6813 6826 6876 7007 7057 7150 7372 7392 7626 7747 8071 8315 8320 8360 8372 8394 8435 8531 8557 8699 8968 8979 9031 9099 9110 9164 9464 9520 9791 9812 9930 9977 10029 10047 10071 10084 10087 10095 10144 10175 
