***********CONSTRUÇÃO**************
ANTES | DEPOIS
0.404954   0.229598
0.403815   0.23387
0.403356   0.234195
0.403612   0.221967
0.403974   0.226904
0.405955   0.226624
0.403288   0.2232
0.403738   0.227093
0.403773   0.225195
0.403478   0.223551
0.403727   0.226789
0.405189   0.234731
0.403069   0.235002
0.404889   0.222155
0.405254   0.227621
0.40385   0.227468
0.404467   0.22339
0.403901   0.227492
0.404295   0.226057
0.404687   0.221924
0.403435   0.225925
0.402679   0.233774
0.40381   0.236225
0.403904   0.220622
0.404716   0.227732
0.40454   0.226008
0.405435   0.22311
0.402869   0.227709
0.405758   0.226321
0.405106   0.221871
0.404541   0.227998
0.405245   0.233241
0.403101   0.234839
0.405052   0.221216
0.403742   0.227321
0.404546   0.225742
0.404239   0.223894
0.403442   0.227127
0.404511   0.224581
0.404113   0.22248
0.403695   0.227066
0.404225   0.233818
0.40275   0.233829
0.403675   0.22205
0.404107   0.227501
0.405535   0.225917
0.405441   0.223735
0.404631   0.227204
0.405302   0.225975
0.405215   0.224087
***********BUSCA LOCAL**************
ANTES | DEPOIS
0.594382   0.193767
0.38531   0.389064
0.690066   0.198743
1.08073   0.19828
0.387631   0.199403
1.08937   0.194398
0.78845   0.203054
0.7911   0.200153
0.789724   0.394562
0.885188   0.200152
0.789501   0.193673
0.491521   0.393153
0.69828   0.193605
0.596283   0.200161
0.393366   0.202418
0.584067   0.196371
0.482071   0.192926
0.982679   0.297464
0.595913   0.39125
0.780539   0.200157
0.885104   0.194209
0.491685   0.195061
0.592789   0.29269
0.487062   0.195914
0.782896   0.194514
0.396011   0.19803
0.691092   0.199852
0.692102   0.201668
0.681252   0.302925
1.18348   0.199473
0.78099   0.197457
0.783272   0.194545
0.29454   0.196548
0.793864   0.198545
1.16892   0.202732
0.58987   0.200427
0.977074   0.197264
0.288793   0.19282
0.88606   0.193392
0.58827   0.197852
0.586808   0.194416
0.395607   0.296355
0.689229   0.19617
0.588438   0.19086
0.887513   0.199447
0.693709   0.197822
0.589388   0.196265
0.689267   0.296122
0.683753   0.196839
0.48376   0.199426
