Tamanho    Peso
1090  37149
1101  37183
1106  37163
1105  37085
1101  37360
1095  37032
1109  36996
1097  36767
1099  37284
1107  36969
1108  37072
1079  36943
1103  36988
1090  36954
1094  37248
1091  36975
1095  37128
1087  36603
1110  37185
1103  37217
1115  37099
1088  37209
1105  37109
1093  37348
1086  36970
1086  37181
1096  37241
1101  37102
1091  37087
1097  36843
1106  37047
1102  37099
1082  37555
1101  37124
1109  36934
1109  37217
1100  37093
1073  37615
1109  36997
1090  36989
1094  37131
1087  37334
1098  36980
1095  37049
1104  36716
1107  36760
1090  37016
1107  37323
1100  37585
1105  37299

Time taken: 54
