***********CONSTRUÇÃO**************
ANTES | DEPOIS
1.66401   1.11728
1.65914   1.09762
1.66186   1.0911
1.66086   1.10479
1.6608   1.11004
1.6605   1.10123
1.65732   1.09217
1.66109   1.1097
1.65621   1.09774
1.65952   1.09941
1.65964   1.1099
1.65885   1.09666
1.65928   1.09475
1.66062   1.10874
1.65864   1.11144
1.66046   1.09895
1.66101   1.09386
1.66248   1.10625
1.66054   1.09585
1.66003   1.1026
1.66149   1.11237
1.65874   1.09439
1.66264   1.09411
1.66084   1.10257
1.65636   1.10987
1.65699   1.101
1.66299   1.09293
1.66292   1.11185
1.65689   1.09514
1.65746   1.10104
1.6596   1.11248
1.65827   1.09815
1.65744   1.09267
1.6576   1.10583
1.65784   1.10996
1.66111   1.10032
1.65779   1.09264
1.66241   1.11319
1.65867   1.09253
1.66021   1.10152
1.66091   1.1082
1.66011   1.09831
1.66362   1.09278
1.65895   1.10548
1.65617   1.10951
1.65828   1.09745
1.6642   1.09294
1.65683   1.1122
1.66296   1.09489
1.65487   1.10435
***********BUSCA LOCAL**************
ANTES | DEPOIS
1.2915   1.31346
2.17739   0.884162
2.17588   1.75089
3.50861   1.30812
1.74172   0.865362
1.31492   1.30713
1.30961   0.890598
4.79945   1.31137
1.75577   0.883951
2.60821   0.880017
1.74675   1.31454
3.50955   0.875629
1.74774   0.872552
3.51174   1.32047
2.1596   1.31738
1.30398   1.32997
3.50691   0.868785
3.47731   0.88797
1.29669   0.875682
3.91874   0.88429
2.15715   1.74928
1.30789   1.77282
3.52978   1.33499
2.61396   0.878701
4.37627   1.32196
3.05199   0.900579
3.10448   0.875238
2.19454   0.876074
2.19423   1.75416
2.16368   1.77163
4.84151   1.7548
1.73319   1.7615
1.73465   0.883638
1.31343   0.881527
1.30093   1.31075
1.72763   0.879347
1.31162   1.76332
2.62296   1.30483
2.61782   0.872539
3.02761   0.879163
3.47191   2.20107
2.16881   1.74995
3.49628   0.883609
2.60512   1.74643
2.63132   2.19428
3.05415   1.33619
3.05378   0.894684
3.0649   1.74861
2.61253   0.884503
1.31447   0.882387
