***********CONSTRUÇÃO**************
ANTES | DEPOIS
0.199433   0.148764
0.201655   0.139244
0.200727   0.147883
0.201987   0.146098
0.199772   0.141751
0.201659   0.145286
0.201692   0.141398
0.200941   0.142469
0.198273   0.136444
0.202809   0.145297
0.200198   0.14381
0.202424   0.13997
0.201958   0.145217
0.199648   0.145763
0.20215   0.141416
0.204466   0.144504
0.201262   0.140939
0.199731   0.141675
0.201776   0.135513
0.200565   0.144249
0.200015   0.143854
0.200062   0.14056
0.201679   0.144749
0.200468   0.144555
0.201538   0.140677
0.200418   0.145367
0.200846   0.142946
0.201006   0.143163
0.2008   0.137398
0.200445   0.144771
0.20016   0.142936
0.200116   0.139353
0.199761   0.145574
0.200355   0.146735
0.198492   0.140443
0.199212   0.145031
0.20075   0.140727
0.200332   0.14312
0.200879   0.137315
0.201595   0.144777
0.199232   0.143496
0.200512   0.140251
0.201582   0.144865
0.199773   0.14734
0.201309   0.141416
0.201504   0.147357
0.198694   0.141076
0.200082   0.142475
0.200192   0.137418
0.200912   0.145294
***********BUSCA LOCAL**************
ANTES | DEPOIS
0.165414   0.164584
0.102786   0.111653
0.103827   0.170623
0.104728   0.229745
0.149721   0.121302
0.097693   0.118291
0.10259   0.108064
0.154527   0.114724
0.112591   0.117544
0.100324   0.117124
0.095034   0.163393
0.107358   0.114472
0.104338   0.11507
0.103877   0.115334
0.104745   0.116118
0.223711   0.118777
0.106653   0.111509
0.107917   0.113887
0.114157   0.119168
0.158588   0.120433
0.099167   0.170068
0.214992   0.113068
0.111102   0.117788
0.106202   0.113238
0.212879   0.114508
0.108497   0.108412
0.107138   0.109522
0.110433   0.11719
0.211161   0.112721
0.167129   0.111975
0.095926   0.11346
0.109133   0.110126
0.111514   0.166053
0.211021   0.110454
0.105114   0.113063
0.104819   0.117859
0.219843   0.218317
0.108111   0.106349
0.105595   0.116142
0.108628   0.17096
0.098675   0.167872
0.109992   0.112231
0.108883   0.169873
0.213641   0.166372
0.149772   0.11869
0.107831   0.21947
0.105512   0.166173
0.101256   0.11165
0.218261   0.11549
0.105898   0.116976
