Tamanho    Peso
1086  36020
1096  36186
1091  35682
1079  35664
1096  36007
1097  35987
1092  36616
1091  36015
1082  36107
1093  35864
1080  36076
1089  35846
1093  36004
1100  35829
1083  35907
1080  35982
1089  35946
1084  36330
1085  36297
1075  36082
1074  35990
1069  36078
1103  35943
1072  35680
1091  35669
1096  35975
1092  36484
1080  35831
1076  36209
1095  35809
1088  36103
1075  35738
1078  35995
1076  36058
1086  36078
1096  35933
1078  35584
1099  36182
1099  36014
1104  36529
1086  35886
1084  35912
1085  36014
1084  35957
1076  36124
1089  36168
1090  35853
1079  35766
1079  36115
1088  36054

Time taken: 56
