Tamanho    Peso
1087  35968
1095  35965
1080  35983
1090  35939
1082  35951
1086  35929
1086  35983
1082  35794
1083  35795
1091  35880
1094  35905
1089  35908
1097  35897
1092  35874
1096  36002
1092  35851
1090  35974
1079  35786
1089  35812
1081  35880
1084  35713
1088  35964
1076  35872
1086  35965
1102  36110
1091  35828
1094  35939
1082  35858
1083  35875
1086  35888
1095  35917
1089  35922
1089  35878
1090  35829
1105  36107
1092  35908
1096  35959
1084  35748
1088  35803
1089  35913
1089  35898
1085  35755
1087  35896
1094  35928
1092  35894
1090  35904
1096  35981
1084  35789
1081  35813
1087  35807

Time taken: 22
