Tamanho    Peso
1086  36299
1090  36263
1090  36155
1104  36488
1094  35901
1080  36368
1093  36144
1073  36196
1089  36129
1083  36193
1082  36008
1086  36433
1094  36118
1087  36082
1088  36188
1104  36431
1099  36235
1090  36267
1084  36092
1084  35849
1097  36187
1076  36082
1089  36160
1096  36090
1091  36171
1096  36199
1097  36206
1096  36366
1081  36127
1089  36231
1082  36354
1092  36112
1094  36159
1081  36112
1094  36148
1083  36081
1079  36035
1086  36108
1095  36157
1092  36119
1083  36331
1091  36208
1091  36156
1094  36089
1097  36130
1077  36492
1095  36243
1081  36189
1061  36394
1087  36176

Time taken: 56
