Tamanho    Peso
82  3187
87  2678
98  3881
93  3454
87  3092
98  3873
99  3474
90  3651
87  2950
96  3797
101  4053
87  3369
110  4146
91  3140
104  3961
100  3672
104  3745
95  2905
110  3962
102  3883
98  3953
92  3629
99  3880
113  4394
103  3544
91  3093
88  2934
97  3236
82  3138
87  3287
95  3641
106  4079
88  3214
83  2884
96  3588
86  3090
93  3569
106  4042
104  3785
81  2831
103  3851
113  4465
97  3815
91  3344
87  3146
108  3854
87  3466
99  3938
106  3650
111  4270

Time taken: 189
