33;8;392 738 1171 2385 2568 2686 3560 3782 4246 4432 5277 5588 5788 5885 6221 6465 6663 6894 6944 7264 7458 7816 8564 8776 8864 9121 9152 9422 9471 9875 9969 9993 10241
33;8;392 738 1171 2385 2568 2686 2790 3560 3782 4246 5277 5588 5885 6154 6221 6465 6663 6894 6944 7264 7458 7816 8564 8776 8864 9121 9152 9422 9471 9875 9969 9993 10241
33;8;392 738 1171 2385 2568 2686 2790 3560 3782 4246 5277 5588 5885 6154 6221 6465 6663 6894 7264 7458 7816 8564 8776 8860 8864 9121 9152 9422 9471 9875 9969 9993 10241
33;8;392 621 738 1171 2385 2568 2686 3560 3782 4246 5277 5588 5885 6221 6465 6663 6894 7264 7458 7816 8564 8776 8860 8864 9121 9152 9422 9471 9752 9875 9969 9993 10241
33;8;392 621 738 1171 2385 2568 2686 3560 3782 4246 5277 5588 5885 6221 6465 6663 6894 7264 7458 7816 8564 8570 8776 8864 9121 9152 9422 9471 9752 9875 9969 9993 10241
33;8;392 621 738 1171 2385 2568 2686 3560 3782 4246 4432 5277 5588 5885 6221 6465 6663 6894 7264 7458 7816 8564 8776 8864 9121 9152 9422 9471 9752 9875 9969 9993 10241
33;8;392 621 738 1171 2385 2568 2686 3560 3782 4246 5277 5588 5885 6221 6465 6663 6894 6944 7264 7458 7816 8564 8776 8864 9121 9152 9422 9471 9752 9875 9969 9993 10241
34;8;392 738 1171 2385 2568 2686 2790 3560 3782 4246 4432 4605 5277 5588 5885 6154 6221 6465 6663 6894 7264 7458 7816 8564 8776 8864 9121 9152 9422 9471 9875 9969 9993 10241
34;8;392 738 1171 2385 2568 2686 2790 3560 3782 4246 5277 5588 5885 6154 6221 6335 6465 6663 6894 7264 7458 7816 8564 8570 8776 8864 9121 9152 9422 9471 9875 9969 9993 10241
34;8;392 621 738 1171 2385 2568 2686 2790 3560 3782 4246 5277 5588 5885 6154 6221 6465 6663 6894 7264 7458 7816 8564 8776 8864 9121 9152 9422 9471 9752 9875 9969 9993 10241
