Tamanho    Peso
1711  56136
1714  56286
1706  56208
1719  55858
1737  56345
1712  56117
1724  56059
1714  56320
1710  56279
1705  55970
1709  55962
1717  56133
1703  56075
1711  56243
1714  56161
1712  55991
1714  56125
1716  56341
1716  55868
1707  56129
1708  56130
1712  56157
1711  56200
1723  56426
1715  56279
1704  56123
1707  55992
1710  56253
1717  56364
1702  55796
1699  56101
1712  55943
1706  56048
1711  56033
1713  56325
1707  56229
1716  56054
1713  55908
1715  56135
1712  55911
1704  56149
1712  56036
1718  56078
1711  56000
1712  56291
1713  56204
1710  56080
1702  56004
1706  56322
1708  55968

Time taken: 107
