Tamanho    Peso
255  8685
263  8680
285  8410
288  8469
285  8293
284  8531
294  8810
285  8294
291  8516
284  8336
287  8332
284  8355
292  8643
292  8726
284  8600
288  8354
288  8404
281  8420
289  8532
287  8509
287  8634
294  8741
284  8567
289  8230
294  8489
286  8489
288  8438
259  8354
291  8412
296  8604
281  8461
281  8492
247  8201
289  8510
251  8324
254  8393
284  8315
291  8663
287  8444
288  8369
289  8556
284  8464
289  8567
284  8413
288  8481
287  8707
286  8354
281  8433
277  8245
285  8499

Time taken: 17
