***********CONSTRUÇÃO**************
ANTES | DEPOIS
0.483573   0.289437
0.483336   0.288058
0.482412   0.289056
0.484052   0.28969
0.483323   0.291111
0.483829   0.290801
0.482748   0.288632
0.483084   0.285953
0.482368   0.285662
0.483291   0.286954
0.48299   0.287871
0.482406   0.287852
0.484322   0.288403
0.483615   0.288698
0.483553   0.291244
0.482694   0.291255
0.483209   0.289257
0.48372   0.286333
0.483022   0.286658
0.482847   0.286257
0.483936   0.286558
0.482489   0.288716
0.484606   0.288656
0.483502   0.289107
0.482056   0.290313
0.483667   0.29146
0.483424   0.288465
0.483444   0.283977
0.483479   0.28694
0.483103   0.286733
0.482819   0.287842
0.4846   0.2887
0.48353   0.287606
0.482688   0.290972
0.482699   0.290489
0.482793   0.292448
0.483457   0.28765
0.482315   0.284501
0.483445   0.285891
0.483202   0.286919
0.483255   0.288228
0.483695   0.288569
0.481757   0.288065
0.482761   0.290146
0.48338   0.290549
0.483774   0.291288
0.483112   0.287662
0.480823   0.285279
0.48412   0.285768
0.484201   0.286832
***********BUSCA LOCAL**************
ANTES | DEPOIS
0.868082   0.252821
0.741931   0.250851
0.999717   0.247834
0.610018   0.255209
0.74942   0.247159
1.35573   0.251649
0.608357   0.252092
0.857634   0.249113
1.24518   0.246473
0.995736   0.370703
0.493201   0.498894
1.48098   0.247659
0.743415   0.250749
0.85685   0.252412
0.622442   0.247778
0.618516   0.250025
0.994481   0.252237
0.495398   0.24625
0.744248   0.377157
1.50405   0.245712
1.36392   0.370036
1.24031   0.251496
0.86563   0.257156
0.873384   0.251293
0.987585   0.255604
0.864822   0.248172
0.49528   0.246772
0.369124   0.253078
1.11044   0.252106
0.881608   0.250384
0.486971   0.251536
1.11648   0.37652
0.495472   0.25397
0.737632   0.253134
0.866327   0.251514
0.619366   0.244241
0.614831   0.37071
0.605157   0.253641
0.623841   0.251213
0.500071   0.247841
0.746327   0.253601
1.4779   0.256283
1.11239   0.25133
0.982702   0.248518
0.743041   0.501325
0.977126   0.251037
0.743628   0.252263
0.869675   0.248879
0.865523   0.253226
0.987825   0.252291
