Tamanho    Peso
1094  35715
1092  35618
1095  35757
1092  35779
1096  35636
1096  35819
1098  35656
1095  35490
1091  35454
1096  35568
1107  35772
1094  35626
1093  35569
1093  35757
1088  35623
1100  35774
1099  35543
1092  35499
1104  35577
1095  35699
1092  35682
1093  35662
1087  35574
1089  35634
1086  35627
1100  35747
1095  35573
1089  35641
1091  35559
1098  35650
1093  35751
1096  35667
1090  35588
1089  35607
1088  35664
1105  35762
1091  35690
1085  35550
1089  35649
1096  35613
1096  35681
1094  35688
1096  35679
1095  35696
1089  35719
1096  35695
1090  35676
1085  35466
1092  35607
1093  35637

Time taken: 28
