25;7;738 1442 1858 1931 2520 3029 3146 3414 3872 3879 3907 4435 6014 6371 6852 7425 7458 8094 9082 9597 9683 9765 9969 10182 10214
25;7;135 738 1442 1858 1931 2520 3406 3414 3872 3879 4435 6014 6371 6849 6852 7425 7458 8094 8878 9082 9597 9683 9765 9969 10214
26;7;135 738 960 1442 1858 1931 2520 3315 3414 3872 3879 4435 6014 6371 6852 7425 7458 8094 8878 9082 9597 9683 9765 9969 10095 10214
26;7;135 738 960 1442 1858 1931 2520 2799 3315 3414 3872 3879 4435 6014 6371 6852 7425 7458 8094 8878 9082 9597 9683 9884 9969 10214
26;7;135 738 960 1442 1858 1874 1931 2520 3315 3414 3872 3879 4435 6014 6371 6852 7425 7458 8055 8094 8878 9082 9597 9683 9969 10214
26;7;135 738 960 1442 1858 1931 2520 3029 3315 3414 3872 3879 3907 4435 6014 6371 6852 7425 7458 8094 8878 9082 9597 9683 9969 10214
26;7;135 738 960 1442 1858 1931 2520 3315 3406 3414 3872 3879 4435 6014 6371 6849 6852 7425 7458 8094 8878 9082 9597 9683 9969 10214
26;7;135 738 1442 1858 1931 2520 3029 3414 3872 3879 3907 4435 6014 6371 6852 7425 7458 8094 8878 9082 9597 9683 9765 9969 10182 10214
26;7;738 1442 1858 1931 2520 3029 3406 3414 3872 3879 3907 4435 6014 6371 6849 6852 7425 7458 8094 9082 9597 9683 9765 9969 10182 10214
28;7;135 738 1442 1858 1931 2520 3029 3406 3414 3872 3879 3907 4435 6014 6371 6849 6852 6982 7313 7425 7458 8094 8878 9082 9597 9683 9969 10214
