***********CONSTRUÇÃO**************
ANTES | DEPOIS
0.403232   0.225835
0.404361   0.219178
0.405599   0.22798
0.404792   0.221919
0.40448   0.221879
0.404685   0.222446
0.402671   0.220416
0.403639   0.225913
0.403828   0.224974
0.407295   0.225643
0.403768   0.223072
0.404502   0.219647
0.402925   0.227639
0.403485   0.222789
0.405663   0.22108
0.405313   0.222848
0.40217   0.218368
0.404363   0.225103
0.405926   0.222815
0.406082   0.226966
0.403855   0.223138
0.404553   0.219431
0.406768   0.228316
0.404179   0.2215
0.404829   0.223591
0.40554   0.22076
0.4063   0.218341
0.405417   0.225499
0.40555   0.223151
0.406263   0.225172
0.40553   0.224065
0.403627   0.219708
0.403965   0.227309
0.404929   0.221897
0.404251   0.222085
0.40303   0.221911
0.404788   0.21922
0.401764   0.225813
0.403623   0.223711
0.404157   0.225974
0.403576   0.224607
0.405104   0.219397
0.404979   0.228814
0.405681   0.222759
0.404515   0.221912
0.404192   0.22177
0.406555   0.218919
0.403762   0.22572
0.406378   0.223231
0.403476   0.226377
***********BUSCA LOCAL**************
ANTES | DEPOIS
0.99344   0.198906
0.887304   0.195718
0.49188   0.297683
0.598639   0.303067
0.79268   0.197481
0.397095   0.199667
0.49586   0.198219
0.300929   0.298187
0.597195   0.197298
0.894715   0.307462
0.899193   0.19923
0.398871   0.396228
0.499975   0.198034
0.693587   0.402532
0.696284   0.199525
0.49031   0.396948
0.995027   0.405316
0.896538   0.302861
0.791804   0.396598
0.989932   0.198805
1.00018   0.197532
0.881765   0.20047
0.692805   0.201769
0.593019   0.393586
0.501836   0.397783
0.988057   0.199191
1.18585   0.203129
0.594614   0.197291
0.801244   0.405684
0.689608   0.292958
0.899609   0.192101
1.08657   0.199699
0.598019   0.201553
0.988388   0.299285
0.501535   0.199386
1.18871   0.303146
0.691778   0.299031
0.787036   0.394375
0.59743   0.200298
0.906803   0.199016
0.904237   0.197236
0.794458   0.397607
0.704389   0.297574
0.692063   0.301093
0.795625   0.396439
0.89595   0.199751
0.690648   0.197898
1.49718   0.19601
0.486063   0.399339
0.69354   0.202489
