Tamanho    Peso
1761  56838
1751  56919
1732  56632
1738  56522
1735  56727
1741  57125
1742  56826
1757  56782
1733  57464
1737  56930
1718  56420
1722  56769
1744  56646
1738  56543
1740  56511
1736  56794
1724  56898
1726  56219
1730  57011
1759  56691
1742  56818
1735  56591
1755  56721
1733  56517
1752  56501
1730  56639
1740  56912
1761  56717
1750  56551
1728  56604
1732  56465
1730  57132
1714  56884
1737  56909
1734  56312
1743  57049
1750  56776
1739  56206
1741  57081
1737  56320
1736  57076
1726  56467
1738  56254
1731  56345
1754  56882
1711  56638
1746  56767
1708  56481
1750  56965
1747  56956

Time taken: 220
