Tamanho    Peso
242  8819
279  9179
275  9252
251  8865
239  8611
241  8455
272  8779
276  9082
239  8514
257  9059
236  8553
270  8720
238  8287
229  8635
246  8637
274  8957
238  8279
276  8942
253  8959
241  8936
286  8984
282  9068
278  8876
244  8840
245  8584
246  8726
281  9057
274  9175
254  8962
278  8966
252  8978
253  9253
254  8967
257  9321
239  8651
272  9013
260  8994
284  9064
248  8872
244  8714
238  8712
276  8745
279  9222
240  8557
239  8616
242  8729
250  8929
254  8728
249  8868
244  8745

Time taken: 19
