113;7;0 19 23 41 42 47 115 116 167 179 227 304 307 310 324 343 399 401 404 414 531 538 577 594 595 600 615 616 858 871 877 904 912 955 1016 1115 1170 1253 1266 1333 1360 1387 1453 1684 1761 1831 1912 1919 1920 1985 2122 2138 2171 2210 2255 2260 2353 2437 2642 2656 2683 2743 2750 2947 2951 2988 2999 3010 3020 3054 3062 3068 3079 3158 3159 3162 3178 3180 3254 3256 3301 3338 3358 3377 3404 3459 3511 3531 3551 3571 3579 3602 3662 3669 3695 3705 3743 3751 3785 3883 3897 3898 3908 3917 3954 3966 3980 3987 3991 4018 4020 4021 4038
113;7;0 19 23 41 42 47 107 115 116 167 179 227 304 307 310 324 343 401 404 409 414 531 538 577 594 595 600 615 616 858 871 877 904 912 955 1016 1115 1170 1253 1266 1360 1387 1453 1684 1761 1831 1912 1919 1920 1985 2122 2138 2171 2210 2255 2260 2437 2642 2656 2683 2743 2750 2806 2951 2960 2988 2999 3010 3020 3054 3062 3068 3079 3158 3159 3178 3180 3254 3256 3301 3320 3338 3358 3365 3377 3404 3459 3511 3531 3551 3571 3579 3602 3662 3669 3695 3705 3743 3785 3883 3897 3898 3908 3917 3954 3966 3980 3987 3991 4018 4020 4021 4038
113;7;0 19 23 41 42 47 108 115 116 167 179 227 304 307 310 324 343 401 404 414 509 531 534 538 577 594 595 600 615 616 858 871 877 904 912 955 1016 1115 1170 1253 1266 1360 1387 1453 1684 1761 1781 1831 1912 1919 1920 1985 2122 2138 2171 2210 2255 2260 2437 2642 2656 2683 2743 2750 2951 2988 2999 3010 3020 3054 3062 3068 3079 3158 3159 3178 3180 3254 3256 3301 3338 3358 3377 3404 3459 3511 3531 3551 3571 3579 3602 3606 3662 3669 3695 3705 3743 3785 3883 3897 3898 3908 3917 3954 3966 3980 3986 3987 3991 4018 4020 4021 4038
113;7;0 19 23 42 47 107 108 115 116 167 179 227 307 310 324 343 401 404 409 414 509 531 534 538 577 594 595 600 615 616 858 871 877 904 912 955 1016 1115 1170 1238 1253 1266 1360 1387 1453 1684 1761 1781 1831 1912 1919 1920 1985 2122 2138 2171 2210 2255 2260 2437 2642 2656 2683 2743 2750 2951 2960 2988 2999 3010 3020 3054 3062 3068 3079 3158 3159 3178 3180 3254 3256 3301 3320 3377 3404 3459 3511 3531 3551 3571 3579 3602 3662 3669 3695 3705 3743 3785 3883 3897 3898 3908 3917 3954 3966 3980 3986 3987 3991 4018 4020 4021 4038
113;7;0 19 23 42 47 108 115 116 167 179 227 307 310 324 339 343 401 404 414 509 531 534 538 577 594 595 600 615 616 766 858 871 877 904 912 955 1016 1040 1115 1170 1253 1266 1360 1387 1453 1684 1761 1781 1831 1912 1919 1920 1985 2122 2138 2171 2210 2255 2260 2437 2642 2656 2683 2743 2750 2901 2914 2951 2988 2999 3010 3020 3054 3062 3068 3079 3158 3159 3178 3180 3254 3256 3301 3377 3404 3459 3511 3531 3551 3571 3579 3602 3662 3669 3695 3705 3743 3785 3883 3897 3898 3908 3917 3954 3966 3980 3986 3987 3991 4018 4020 4021 4038
113;7;0 19 23 42 47 115 116 167 179 227 307 310 324 339 343 401 404 414 531 538 577 594 595 600 615 616 766 858 871 877 904 912 955 1016 1040 1115 1170 1253 1266 1360 1387 1453 1684 1761 1831 1912 1919 1920 1985 2122 2138 2171 2210 2255 2260 2437 2642 2656 2683 2743 2750 2832 2901 2914 2951 2988 2999 3010 3020 3054 3062 3068 3079 3158 3159 3178 3180 3254 3256 3301 3377 3404 3459 3511 3531 3551 3571 3579 3581 3602 3639 3662 3669 3695 3705 3743 3785 3837 3870 3883 3897 3898 3908 3917 3954 3966 3980 3987 3991 4018 4020 4021 4038
114;7;0 19 23 42 47 107 115 116 167 179 227 307 310 324 343 401 404 409 414 531 538 577 594 595 600 615 616 858 871 877 904 912 955 1016 1115 1170 1253 1266 1360 1387 1453 1684 1761 1831 1912 1919 1920 1985 2122 2138 2171 2210 2255 2260 2331 2437 2642 2656 2683 2743 2750 2832 2951 2960 2988 2999 3010 3020 3054 3062 3068 3079 3088 3158 3159 3178 3180 3254 3256 3301 3320 3377 3404 3459 3511 3531 3551 3571 3579 3581 3602 3639 3662 3669 3695 3705 3743 3785 3837 3870 3883 3897 3898 3908 3917 3954 3966 3980 3987 3991 4018 4020 4021 4038
114;7;0 19 23 41 42 47 115 116 167 179 227 304 307 310 324 343 401 404 409 414 509 531 534 538 577 594 595 600 615 616 858 871 877 904 912 955 1016 1115 1170 1238 1253 1266 1360 1387 1453 1684 1761 1781 1831 1912 1919 1920 1985 2122 2138 2171 2210 2255 2260 2437 2568 2642 2656 2683 2743 2750 2806 2951 2960 2988 2999 3010 3020 3054 3079 3158 3159 3178 3180 3254 3256 3301 3320 3338 3365 3377 3459 3511 3531 3551 3571 3579 3602 3606 3662 3669 3695 3705 3743 3883 3897 3898 3908 3917 3954 3966 3980 3986 3987 3991 4018 4020 4021 4038
115;7;0 19 23 41 42 47 115 116 167 179 227 304 307 310 324 343 399 401 404 409 414 531 538 577 594 595 600 615 616 858 871 877 904 912 955 1016 1115 1170 1253 1266 1333 1360 1387 1453 1684 1707 1761 1831 1912 1919 1920 1985 2122 2138 2171 2210 2255 2260 2353 2425 2437 2642 2656 2683 2743 2750 2806 2947 2951 2960 2988 2999 3010 3020 3054 3079 3158 3159 3162 3178 3180 3254 3256 3301 3320 3338 3365 3377 3459 3511 3531 3551 3571 3579 3602 3662 3669 3695 3705 3743 3751 3883 3897 3898 3908 3917 3954 3966 3980 3987 3991 4018 4020 4021 4038
115;7;0 19 23 42 47 108 115 116 167 179 227 307 310 324 343 401 404 414 509 531 534 538 577 594 595 600 615 616 858 871 877 904 912 955 1016 1115 1170 1253 1266 1360 1387 1453 1540 1684 1761 1781 1831 1912 1919 1920 1985 2122 2138 2171 2210 2255 2260 2437 2642 2656 2683 2743 2750 2832 2951 2988 2999 3010 3020 3054 3062 3068 3079 3145 3158 3159 3178 3180 3254 3256 3301 3377 3404 3459 3511 3531 3551 3571 3579 3581 3602 3639 3662 3669 3695 3705 3743 3785 3837 3870 3883 3897 3898 3908 3917 3954 3966 3980 3986 3987 3991 4018 4020 4021 4038
