***********CONSTRUÇÃO**************
ANTES | DEPOIS
0.470919   0.293231
0.47072   0.290619
0.472248   0.293726
0.471804   0.295676
0.471029   0.284569
0.471107   0.292904
0.472068   0.291873
0.47367   0.293515
0.473501   0.294283
0.47355   0.291056
0.472662   0.292213
0.471566   0.288588
0.472556   0.293907
0.473001   0.294344
0.47361   0.28429
0.469828   0.292558
0.471928   0.290524
0.471447   0.293231
0.471351   0.294227
0.472244   0.29102
0.470356   0.291426
0.472118   0.28962
0.470696   0.293863
0.471315   0.294781
0.474291   0.285214
0.471105   0.291582
0.472559   0.291504
0.472852   0.293188
0.472517   0.294035
0.471488   0.291251
0.472662   0.291714
0.472635   0.289704
0.473073   0.293962
0.472034   0.29442
0.472675   0.284269
0.470884   0.291645
0.471999   0.29168
0.472549   0.293716
0.471627   0.293857
0.472153   0.291013
0.473185   0.29144
0.473474   0.290507
0.471365   0.293651
0.471997   0.295326
0.472375   0.283648
0.472454   0.292843
0.472564   0.292748
0.471823   0.292826
0.472067   0.29281
0.472727   0.291435
***********BUSCA LOCAL**************
ANTES | DEPOIS
0.473487   0.24408
0.603252   0.248994
0.35923   0.247071
0.959765   0.360126
0.835048   0.243638
0.729528   0.242763
0.35866   0.237397
0.836049   0.241286
0.717536   0.244643
0.481962   0.247333
1.20815   0.241566
0.604989   0.243668
0.355477   0.241188
0.72007   0.238475
0.7171   0.248462
0.599919   0.245187
0.481581   0.243965
0.962427   0.241114
0.843939   0.246299
0.358886   0.246979
0.724433   0.241549
0.723563   0.240287
0.599862   0.24244
0.711204   0.242265
0.718111   0.244662
0.358836   0.247222
0.836313   0.243653
0.474147   0.361797
0.849587   0.358328
0.611958   0.246394
0.488878   0.251409
0.844148   0.249065
0.725298   0.241034
0.720885   0.243708
0.485952   0.245686
0.844475   0.248011
0.358524   0.243606
0.594659   0.253561
0.601537   0.246465
0.477129   0.245823
0.602538   0.243443
0.965187   0.240387
0.601643   0.244693
0.481357   0.243916
0.845447   0.248685
0.836913   0.24987
0.354671   0.244483
0.355877   0.246228
0.365444   0.245874
0.47993   0.248193
