***********CONSTRUÇÃO**************
ANTES | DEPOIS
1.77844   1.67359
1.77655   1.65964
1.77911   1.65449
1.78317   1.65766
1.78756   1.66572
1.77989   1.65434
1.77781   1.66104
1.78358   1.65111
1.78909   1.66133
1.77955   1.66221
1.77813   1.64996
1.77885   1.65437
1.77752   1.65771
1.77902   1.66798
1.78438   1.64848
1.7864   1.67248
1.78192   1.66182
1.78404   1.66102
1.78226   1.6567
1.78302   1.65591
1.77116   1.65983
1.78399   1.6508
1.77888   1.66368
1.78096   1.6523
1.78834   1.66559
1.78156   1.6505
1.77928   1.66662
1.78942   1.66025
1.77496   1.65936
1.77596   1.64786
1.77811   1.65705
1.78379   1.67556
1.78029   1.65489
1.77699   1.66933
1.77929   1.65305
1.77948   1.65526
1.78194   1.66898
1.77237   1.66354
1.7774   1.66078
1.78356   1.65646
1.78317   1.67366
1.77887   1.66192
1.7796   1.65893
1.78711   1.65283
1.77173   1.66577
1.78381   1.65848
1.78501   1.65378
1.77581   1.66149
1.77352   1.65174
1.77459   1.66722
***********BUSCA LOCAL**************
ANTES | DEPOIS
1.68601   1.82824
1.74009   1.81076
1.73516   1.8101
1.76375   1.80488
1.73418   1.8092
1.72095   1.72372
2.96565   3.60739
1.74621   1.73353
3.02799   1.69731
1.80333   3.0032
1.81867   2.40004
2.88557   1.80236
2.9704   1.76887
1.72472   1.75632
2.37141   1.81147
2.98642   2.35012
2.36641   1.76019
1.77288   1.74982
1.78381   1.75649
1.79126   4.8505
1.8009   1.80011
2.28476   1.80298
1.78869   2.391
2.33726   3.00962
1.78802   1.76065
1.79053   1.79351
1.82638   2.93981
1.82428   4.20744
1.80325   1.79605
2.42594   1.79501
1.75686   2.94326
1.6975   1.72385
1.7795   1.79822
1.81908   2.35757
2.42066   1.80089
1.78771   4.79903
3.57247   1.80518
1.77891   1.7516
2.38261   1.78015
2.95733   3.00013
3.00638   1.75243
1.701   1.83192
2.32526   1.83398
1.8222   7.20179
1.78909   2.36045
1.80121   1.80147
1.76765   2.93744
3.62045   1.79946
1.76197   3.66737
1.74652   1.78039
