Tamanho    Peso
1713  56370
1712  56158
1706  55883
1700  56165
1705  56295
1709  56222
1711  56113
1712  56352
1698  55984
1710  56365
1712  56126
1714  56253
1697  55927
1699  55987
1703  56120
1709  56137
1698  55996
1704  56012
1696  56068
1707  56246
1714  56250
1707  56181
1697  55831
1685  55770
1703  56407
1706  56254
1705  56351
1703  56248
1699  55811
1695  56306
1720  56110
1702  56100
1701  55917
1701  56226
1703  56216
1709  56088
1700  56236
1701  56047
1707  56117
1708  56375
1726  56217
1707  56307
1706  55908
1697  55976
1701  56205
1704  56094
1710  56244
1696  56047
1701  55963
1705  56340

Time taken: 99
