Tamanho    Peso
1038  33345
1037  33509
1037  33532
1033  33397
1024  33238
1043  33376
1029  33511
1035  33447
1028  33202
1036  33601
1032  33376
1030  33063
1029  33210
1026  33340
1031  33364
1038  33475
1025  33150
1032  33448
1037  33895
1040  33217
1026  33316
1039  33333
1036  33473
1044  33378
1036  33302
1037  33391
1041  33543
1035  33442
1019  33457
1033  33379
1031  33353
1027  33225
1036  33111
1033  33198
1033  33307
1034  33174
1031  33009
1035  33299
1031  33566
1048  33663
1039  33179
1036  33370
1036  33273
1040  33242
1029  33129
1039  33364
1033  33403
1038  33829
1026  33426
1048  33607

Time taken: 62
