Tamanho    Peso
139  5563
148  5753
144  5738
143  5757
144  5775
147  5774
140  5598
145  5848
144  5779
144  5765
145  5751
135  5493
143  5692
139  5668
143  5788
146  5735
142  5672
145  5706
141  5672
146  5666
146  5731
145  5885
104  4011
143  5677
145  5703
144  5746
134  5472
146  5737
143  5754
140  5647
147  5838
143  5707
143  5762
144  5787
147  5761
143  5699
143  5644
144  5667
145  5812
143  5698
141  5700
143  5771
150  5753
146  5792
141  5776
134  5186
143  5773
143  5645
142  5815
143  5792

Time taken: 163
