Tamanho    Peso
1712  56844
1705  56864
1712  56532
1721  56806
1706  56616
1702  56790
1720  56826
1704  56855
1701  56390
1685  56190
1692  56776
1717  56463
1712  56581
1712  56744
1712  56817
1711  56713
1691  56357
1720  57131
1715  56602
1708  56645
1718  56607
1699  56466
1706  56596
1693  56523
1704  56332
1717  56633
1704  56826
1691  56012
1720  57053
1710  56652
1715  57048
1715  56673
1696  56392
1699  56711
1692  56367
1717  56677
1701  56747
1716  56612
1716  56682
1701  56652
1702  56987
1700  57213
1709  56656
1717  56815
1706  56725
1719  56678
1696  56602
1708  56704
1714  56803
1710  56743

Time taken: 225
