Tamanho    Peso
1047  34765
1068  34852
1063  35297
1056  34826
1055  34843
1067  35471
1048  34742
1058  34957
1057  34762
1065  34998
1059  34702
1068  34985
1052  35083
1063  35003
1065  34836
1058  34848
1057  34824
1058  35039
1055  34866
1064  34903
1066  34881
1060  34910
1054  35082
1068  35055
1063  35072
1058  34821
1061  35095
1054  34925
1071  34753
1071  35165
1067  35123
1058  35121
1066  34808
1064  34708
1058  34720
1059  35011
1063  35005
1059  35234
1064  34639
1059  35114
1067  35071
1054  34877
1070  34835
1060  34887
1063  34958
1063  34959
1069  35086
1057  34911
1067  35107
1066  34896

Time taken: 62
