***********CONSTRUÇÃO**************
ANTES | DEPOIS
0.483132   0.281188
0.481204   0.282026
0.482098   0.278
0.481577   0.2799
0.481829   0.278929
0.48128   0.280206
0.48193   0.27753
0.481262   0.280794
0.482178   0.27752
0.480835   0.276743
0.481439   0.278383
0.482178   0.281644
0.481941   0.278311
0.480853   0.280585
0.482   0.279301
0.480409   0.27972
0.482552   0.27743
0.480715   0.281381
0.47967   0.277435
0.481862   0.277236
0.481683   0.277579
0.481543   0.281784
0.480974   0.278076
0.482415   0.280406
0.481555   0.279333
0.481906   0.279772
0.480581   0.277896
0.481207   0.280944
0.481499   0.277631
0.480993   0.277217
0.482152   0.278062
0.480925   0.281638
0.482005   0.278169
0.482687   0.279064
0.481688   0.279045
0.482734   0.280141
0.481955   0.277906
0.480813   0.280975
0.482434   0.276366
0.480093   0.27746
0.482222   0.278457
0.481869   0.281193
0.481551   0.278394
0.48243   0.279668
0.482586   0.279214
0.48169   0.280205
0.483744   0.277976
0.481954   0.280917
0.481639   0.27785
0.482499   0.277163
***********BUSCA LOCAL**************
ANTES | DEPOIS
0.3658   0.252423
0.875315   0.248976
0.498013   0.250794
1.13118   0.253604
0.615485   0.252167
0.373145   0.250127
1.4946   0.24953
0.747635   0.252687
1.2447   0.24825
0.751725   0.260005
0.742   0.246387
1.11561   0.249156
0.500901   0.245564
0.625245   0.256273
0.995532   0.250653
0.853976   0.252335
0.750248   0.249288
0.751601   0.257201
0.865517   0.253613
0.743322   0.252161
1.00125   0.382142
0.492716   0.49667
0.485391   0.247182
0.747575   0.25423
0.626876   0.249624
0.855632   0.255401
0.493264   0.253671
0.876282   0.255892
0.87438   0.255371
0.498282   0.258463
0.625251   0.256996
0.369793   0.247774
1.6004   0.254146
0.862115   0.253884
0.996954   0.254715
0.745726   0.249821
0.501453   0.377794
0.624892   0.257164
0.744247   0.25597
0.504821   0.250546
0.743219   0.253645
0.742296   0.24912
0.740054   0.253691
0.88029   0.25716
0.743326   0.248856
0.99683   0.251208
0.63212   0.252418
0.742996   0.247952
0.495654   0.250206
0.749016   0.253466
