Tamanho    Peso
142  5505
146  5709
143  5771
143  5707
146  5843
143  5735
137  5541
143  5792
142  5662
144  5842
146  5866
140  5672
143  5648
140  5631
143  5756
141  5747
142  5740
143  5705
143  5751
144  5762
144  5825
143  5789
144  5710
145  5819
144  5769
119  5013
146  5745
144  5748
143  5800
146  5720
144  5822
142  5730
144  5668
145  5832
138  5579
141  5667
143  5683
143  5677
143  5710
118  4886
118  4825
147  5826
143  5859
139  5583
147  5763
145  5785
144  5805
142  5678
140  5555
146  5772

Time taken: 162
