***********CONSTRUÇÃO**************
ANTES | DEPOIS
0.405354   0.233984
0.406292   0.231116
0.406607   0.230978
0.405401   0.23078
0.405753   0.233159
0.407515   0.233469
0.404579   0.23236
0.405753   0.231021
0.405956   0.23226
0.405582   0.233529
0.403976   0.233281
0.404843   0.230719
0.406882   0.231133
0.404632   0.230289
0.405836   0.231427
0.406496   0.232833
0.40525   0.232067
0.404264   0.2307
0.405047   0.232448
0.405876   0.233293
0.406719   0.233069
0.405835   0.23075
0.406925   0.230119
0.40639   0.229633
0.405702   0.232447
0.40661   0.23248
0.405566   0.231616
0.406267   0.230891
0.406729   0.230708
0.404438   0.233105
0.405122   0.231962
0.406714   0.230024
0.405016   0.229663
0.405879   0.230437
0.404271   0.231922
0.406175   0.233163
0.404252   0.231361
0.404662   0.230703
0.404716   0.23131
0.403837   0.232044
0.406493   0.233453
0.408622   0.230706
0.405835   0.229688
0.406005   0.230954
0.40685   0.232202
0.407616   0.232907
0.406026   0.230764
0.406374   0.232091
0.40511   0.231552
0.406856   0.23223
***********BUSCA LOCAL**************
ANTES | DEPOIS
0.604871   0.405311
0.885578   0.20617
0.882474   0.397823
0.696882   0.586573
0.894595   0.391836
0.883078   0.492301
1.08555   0.198546
0.780037   0.195143
0.584205   0.498431
0.892501   0.193967
0.490183   0.401448
0.500232   0.198866
0.586479   0.397203
0.876346   0.197012
0.497209   0.497863
0.988559   0.298896
0.40011   0.294202
0.493492   0.199043
0.790404   0.39031
0.595724   0.396625
0.693225   0.301804
0.795861   0.494608
0.597633   0.197598
1.08917   0.395863
0.703732   0.193975
0.491533   0.298054
0.68926   0.197886
0.397984   0.689511
0.788426   0.502907
0.991692   0.199312
0.483249   0.198649
0.889262   0.198956
0.885303   0.204275
0.894388   0.396632
0.405023   0.303028
0.882868   0.198323
0.499885   0.3914
0.692579   0.196066
0.596783   0.39244
1.18318   0.296887
0.394112   0.4006
0.893203   0.19947
0.690402   0.49706
0.489274   0.594335
0.979451   0.29555
0.686199   0.200432
0.495181   0.404144
0.488591   0.396722
0.588215   0.4036
0.402944   0.391101
