***********CONSTRUÇÃO**************
ANTES | DEPOIS
1.65718   1.05059
1.65298   1.05584
1.65557   1.04592
1.65352   1.0382
1.65281   1.0533
1.65294   1.03986
1.65467   1.04916
1.65204   1.03945
1.64978   1.03937
1.65301   1.03773
1.65171   1.04473
1.64998   1.05844
1.65217   1.04528
1.65346   1.03634
1.65441   1.05299
1.64996   1.04328
1.65182   1.04953
1.65356   1.04053
1.65735   1.03941
1.64882   1.03866
1.65177   1.04513
1.64773   1.05865
1.65005   1.04728
1.65575   1.04061
1.65527   1.04748
1.65111   1.04217
1.65555   1.0513
1.6543   1.03918
1.64843   1.03945
1.6522   1.03447
1.65043   1.04751
1.65094   1.0546
1.65509   1.05015
1.65286   1.04142
1.65166   1.05119
1.65277   1.04406
1.64896   1.04926
1.6495   1.04004
1.65564   1.03984
1.65382   1.03694
1.6514   1.04873
1.65702   1.05668
1.6575   1.05185
1.65475   1.03798
1.65586   1.05038
1.65679   1.04208
1.65007   1.05205
1.64832   1.03827
1.65411   1.04118
1.65574   1.03574
***********BUSCA LOCAL**************
ANTES | DEPOIS
1.72761   0.888639
2.60835   0.893968
2.60193   0.890941
3.88952   0.893493
3.09286   0.892521
3.08945   0.89986
2.62244   0.900244
2.22661   0.891726
3.09223   0.890705
4.38485   0.879151
2.17253   0.899493
3.49667   0.894421
2.62975   0.906279
3.95563   0.8976
2.62264   0.889979
3.93715   0.884586
2.58628   0.890488
3.94709   0.876615
3.48652   0.892185
5.22699   0.897531
2.17691   0.878473
2.6138   0.895325
4.83758   0.906911
2.15456   0.874644
1.74696   0.894914
3.491   0.883087
3.07922   0.881174
1.74404   0.899323
4.4109   0.893997
2.61654   0.875723
2.63213   0.88161
2.63566   0.900049
2.63608   0.894978
3.04357   0.898131
2.63346   0.898242
3.05554   0.894507
3.04673   0.884822
3.05898   0.893455
3.52053   0.893067
3.08826   0.892674
1.72142   0.899017
3.07844   0.884285
2.61382   0.86293
2.62873   0.880518
2.19005   0.862658
3.51828   0.894525
3.05233   0.893789
1.7476   0.895405
2.63656   0.888959
3.49211   0.896661
