Tamanho    Peso
1068  35042
1059  34927
1056  34938
1049  35262
1060  34747
1062  34842
1051  34595
1068  35170
1063  35033
1053  34819
1055  35063
1059  34930
1056  35162
1056  34548
1055  34697
1062  34812
1051  35333
1051  35115
1060  34789
1055  34763
1047  34741
1057  35015
1055  34873
1065  34781
1062  35094
1063  34988
1054  34759
1070  35118
1050  34579
1076  35251
1053  34635
1042  35277
1055  34830
1063  34891
1055  35438
1055  34942
1047  34946
1063  34868
1066  34802
1069  34969
1057  34739
1064  34705
1051  35183
1063  34913
1060  35022
1051  35098
1069  34851
1052  34842
1053  34824
1057  35052

Time taken: 58
