Tamanho    Peso
188  7171
137  5218
163  6514
163  6587
152  5664
131  5419
158  6462
138  5471
152  6468
170  6869
162  6363
164  6431
152  6126
156  6090
165  6673
163  6119
159  6356
172  6839
153  6121
166  6670
164  6529
158  6607
118  5103
127  5171
157  6101
165  6667
148  5805
165  6543
145  6015
155  6126
127  4957
159  6375
148  6057
148  5825
157  6115
148  5941
160  6404
156  6204
160  6183
159  6243
152  6085
161  6515
170  6869
162  6349
169  6648
162  6680
167  6952
142  5721
160  6543
131  5404

Time taken: 182
