Tamanho    Peso
1712  57032
1700  55987
1718  56652
1717  56646
1724  56646
1694  56303
1717  56788
1710  56731
1707  56655
1729  56579
1708  56694
1696  56151
1701  56664
1718  56972
1697  57113
1710  56789
1722  56523
1696  56153
1717  56657
1716  56893
1703  57399
1700  56704
1710  56748
1707  56333
1703  56515
1713  56299
1719  56304
1703  56955
1702  56666
1691  56524
1727  57053
1721  56677
1710  56220
1710  56667
1717  56624
1707  56076
1710  56953
1705  56758
1716  56624
1717  56718
1685  56192
1725  56855
1700  56831
1703  56708
1694  56671
1704  56409
1706  56851
1707  56621
1726  56842
1700  56160

Time taken: 228
