Tamanho    Peso
230  8000
231  7719
223  7881
221  7774
236  7985
234  7934
247  8239
235  7924
237  8004
237  7903
235  8060
231  7814
222  7673
217  7510
228  7938
237  8091
249  8329
237  8129
234  7917
225  7662
229  7740
231  7892
222  7584
223  7670
235  8140
241  7984
251  8350
234  8025
232  7955
230  7840
233  7907
231  7828
220  7745
221  7697
234  7980
234  7870
248  8269
234  7880
235  8019
233  7908
233  7780
231  7765
220  7728
220  7533
238  8085
238  7857
245  8352
237  7932
239  8098
229  7736

Time taken: 13
