Tamanho    Peso
1049  34513
1049  34478
1047  34388
1049  34292
1044  34352
1039  34049
1044  34223
1051  34450
1048  34122
1047  34274
1045  34197
1048  34472
1046  34387
1050  34256
1048  34169
1043  34261
1041  34305
1050  34471
1049  34362
1048  34443
1045  34434
1048  34333
1042  34276
1051  34300
1047  34513
1048  34284
1040  34232
1046  34352
1046  34269
1051  34339
1047  34419
1050  34492
1045  34348
1044  34242
1045  34439
1043  34223
1044  34203
1052  34518
1044  34254
1048  34354
1046  34303
1048  34435
1047  34509
1047  34292
1045  34391
1045  34252
1042  34438
1045  34311
1045  34190
1052  34458

Time taken: 27
