Tamanho    Peso
1101  35328
1085  35337
1091  35342
1088  35202
1081  35321
1092  35354
1084  35304
1084  35271
1086  35325
1089  35449
1089  35196
1090  35206
1093  35193
1092  35279
1094  35293
1091  35262
1087  35168
1088  35270
1087  35264
1084  35171
1082  35165
1096  35268
1084  35414
1086  35196
1081  35249
1089  35249
1089  35097
1090  35384
1088  35307
1086  35240
1088  35115
1089  35276
1085  35267
1092  35252
1073  35071
1093  35356
1088  35378
1083  35228
1087  35271
1078  35250
1076  35063
1087  35407
1080  35140
1082  35181
1088  35107
1084  35267
1086  35397
1076  35253
1086  35294
1081  35280

Time taken: 27
