Tamanho    Peso
1754  56887
1749  56454
1732  56618
1730  56507
1727  56483
1738  56702
1740  56698
1741  56563
1734  56849
1739  56856
1735  56528
1738  56584
1740  56964
1729  56706
1737  56682
1740  56552
1730  56447
1725  56453
1725  56813
1740  56602
1763  57059
1720  57220
1730  57007
1731  57218
1748  56553
1745  56555
1728  56470
1747  56751
1744  56398
1756  57068
1732  56192
1748  56937
1735  57713
1733  57206
1746  56759
1715  56782
1728  56927
1756  56892
1721  56309
1719  56969
1740  57188
1743  56764
1739  56643
1728  56559
1730  57044
1730  56657
1732  56225
1742  57232
1728  57434
1753  56850

Time taken: 217
