***********CONSTRUÇÃO**************
ANTES | DEPOIS
1.65859   1.07592
1.65193   1.07116
1.65797   1.06679
1.65388   1.06638
1.65509   1.07541
1.65245   1.05523
1.65758   1.0556
1.65686   1.06781
1.6547   1.05845
1.65553   1.05802
1.65043   1.06831
1.65059   1.07112
1.65636   1.06545
1.65351   1.06682
1.65729   1.07594
1.65389   1.05482
1.65602   1.05529
1.65671   1.06953
1.65306   1.06037
1.65193   1.059
1.6526   1.07436
1.65496   1.06749
1.65543   1.06687
1.65341   1.06681
1.65174   1.07281
1.65468   1.05707
1.65078   1.05473
1.65837   1.06901
1.65543   1.05843
1.65807   1.05864
1.65191   1.07184
1.65495   1.06998
1.65737   1.06738
1.6528   1.06464
1.65754   1.07569
1.65405   1.05468
1.65313   1.0559
1.65538   1.07014
1.65571   1.0571
1.65353   1.05798
1.65623   1.072
1.6547   1.07216
1.6541   1.06506
1.65319   1.06524
1.65145   1.07183
1.65641   1.05337
1.65582   1.05502
1.65614   1.06891
1.65061   1.05822
1.66214   1.0609
***********BUSCA LOCAL**************
ANTES | DEPOIS
3.43432   0.880809
3.8587   0.876099
2.14455   0.871402
2.1267   0.875844
3.45452   0.879118
2.99727   0.872837
3.44407   0.866816
2.16386   0.86352
2.56509   0.874318
2.1597   0.876899
2.56645   0.882094
2.56629   0.859147
2.13616   0.857594
2.58601   0.863761
2.99849   0.870308
2.13894   0.872627
2.97801   0.878857
2.55805   0.869589
2.14895   0.882173
3.85455   0.882734
3.44641   0.875289
1.28471   0.885273
2.14526   0.874388
1.67027   0.875287
3.42803   0.877087
2.98259   0.874743
3.87439   0.869141
2.59758   0.877562
3.43727   0.874415
2.15556   0.859602
2.9926   1.29428
2.56783   0.848797
1.28895   0.873676
1.73269   0.884344
3.0151   0.858105
2.15065   0.865039
2.15001   0.879428
2.55818   0.865953
3.84312   0.885018
2.15105   0.860911
1.7144   0.876333
2.59767   0.891069
4.29061   0.876981
4.7379   0.860657
1.70741   0.877466
3.41849   0.867411
2.14131   0.878402
1.70261   0.87514
1.71344   0.885266
3.88037   0.867108
