***********CONSTRUÇÃO**************
ANTES | DEPOIS
0.472685   0.296256
0.470892   0.292753
0.473491   0.295756
0.473797   0.294245
0.471613   0.293787
0.472941   0.294383
0.470578   0.296976
0.471079   0.293322
0.472517   0.294399
0.473935   0.294348
0.47232   0.295208
0.472868   0.293725
0.473361   0.294909
0.471088   0.293437
0.47307   0.292704
0.47056   0.295007
0.471475   0.296326
0.471003   0.292697
0.472838   0.294208
0.471706   0.293735
0.474562   0.295169
0.471942   0.294559
0.470501   0.294519
0.471918   0.295026
0.47154   0.293115
0.471927   0.295038
0.472673   0.296503
0.472273   0.293655
0.470981   0.294192
0.471403   0.294039
0.470762   0.295239
0.47216   0.293504
0.47195   0.295289
0.473226   0.293415
0.472597   0.293558
0.471078   0.295159
0.471358   0.295595
0.472105   0.293487
0.472495   0.294336
0.471723   0.292991
0.470347   0.294734
0.472084   0.294614
0.470066   0.295777
0.471671   0.294778
0.472287   0.292969
0.471332   0.294397
0.47303   0.295775
0.472045   0.293281
0.47108   0.2942
0.472898   0.294371
***********BUSCA LOCAL**************
ANTES | DEPOIS
0.716158   0.241499
0.839442   0.245714
0.839616   0.243408
0.830345   0.24292
1.20367   0.242622
0.48324   0.245929
0.844779   0.476584
0.360666   0.483879
0.84513   0.361741
0.487289   0.239786
0.72345   0.245747
0.849778   0.24792
0.358149   0.245421
0.842529   0.245622
0.474781   0.359841
0.84155   0.242079
1.33264   0.239883
0.60097   0.241519
1.09178   0.243678
0.356772   0.363254
0.72617   0.242136
0.83932   0.247522
0.475128   0.246519
0.598118   0.47981
0.354241   0.247175
0.840428   0.246345
0.604137   0.358836
0.724351   0.481213
1.08132   0.244417
0.602794   0.241696
0.722913   0.238261
0.963143   0.362568
0.968635   0.238539
0.362535   0.246276
0.486332   0.359434
0.591673   0.357955
0.360811   0.240964
0.357556   0.24389
0.363144   0.242539
0.845432   0.23901
0.73169   0.242361
0.482872   0.368931
0.843457   0.242857
1.09462   0.244054
0.478653   0.241691
0.486522   0.239763
0.480313   0.601151
0.600884   0.235378
0.945587   0.366995
0.841201   0.247005
