Tamanho    Peso
1026  33010
1028  32767
1036  32955
1033  32935
1029  33002
1033  32877
1028  32903
1032  32751
1049  33092
1039  33130
1034  33069
1035  32881
1034  32926
1026  32661
1026  32801
1034  33121
1041  33090
1022  32797
1033  33018
1037  32794
1039  32970
1039  32947
1033  32747
1033  32910
1034  32975
1037  33263
1037  33045
1039  33061
1033  32903
1038  33017
1039  33106
1028  32911
1039  33055
1028  32789
1039  32790
1036  33164
1036  32965
1030  32857
1034  33229
1028  32789
1034  33018
1038  33058
1040  32879
1038  33031
1034  32983
1038  33057
1052  33097
1031  32813
1027  32708
1039  33043

Time taken: 29
