Tamanho    Peso
153  6542
146  6090
155  5940
168  6796
166  6699
152  5891
158  6394
157  6526
157  6483
153  6345
159  6423
149  6410
163  6479
155  6417
161  6718
155  6352
160  6352
157  6571
166  6578
162  6596
158  6508
161  6589
168  6604
162  6401
163  6380
168  6706
167  6732
154  6330
157  6440
157  6540
158  6526
159  6724
160  6617
156  6378
154  6466
166  6695
160  6840
159  6600
166  6681
158  6557
160  6467
155  6556
163  6577
154  6317
169  6754
161  6655
162  6752
155  6295
155  6334
162  6412

Time taken: 195
