Tamanho    Peso
160  6374
156  6328
156  6293
156  6223
157  6224
157  6276
159  6281
154  6021
158  6271
154  6353
149  6132
155  6314
154  6323
149  5924
153  6221
157  6161
157  6423
158  6240
151  6265
149  6012
145  5748
158  6347
146  5718
160  6307
154  6270
146  5721
157  6237
156  6150
156  6341
143  6132
158  6243
159  6271
153  6263
159  6234
158  6258
159  6294
147  5583
154  6240
165  6060
156  6028
152  6186
158  6231
154  6307
158  6231
154  6034
150  6178
160  6295
152  6261
159  6452
146  6039

Time taken: 164
