Tamanho    Peso
1054  35954
1047  36058
1074  35988
1042  36091
1050  36280
1049  36122
1057  36008
1054  35897
1071  35865
1049  35706
1064  35929
1059  36051
1048  36060
1054  35967
1067  36080
1064  36074
1050  36292
1058  36157
1052  35932
1054  36113
1068  36141
1045  35887
1058  35964
1067  36187
1062  36031
1056  36040
1056  35955
1050  36072
1054  36158
1037  36113
1063  35929
1067  36175
1051  36127
1055  35841
1054  36031
1057  35917
1061  36059
1072  36211
1058  36083
1054  36227
1058  35756
1062  36043
1055  35911
1067  35938
1057  36302
1061  36227
1061  36068
1047  36434
1057  36011
1043  36221

Time taken: 56
