Tamanho    Peso
1047  35792
1053  35688
1057  35869
1054  35902
1057  35746
1048  35724
1060  35797
1049  35654
1060  35888
1057  35765
1050  35803
1055  35556
1059  35840
1055  35819
1053  35681
1052  35799
1057  35802
1050  35658
1043  35732
1056  35675
1051  35754
1051  35657
1058  35828
1052  35830
1051  35608
1047  35621
1055  35740
1055  35735
1052  35819
1052  35644
1049  35829
1053  35685
1052  35756
1050  35879
1056  35726
1052  35714
1053  35801
1051  35693
1049  35729
1053  35672
1048  35753
1051  35727
1054  35833
1054  35871
1053  35713
1053  35769
1062  35893
1055  35802
1050  35674
1056  35765

Time taken: 19
