***********CONSTRUÇÃO**************
ANTES | DEPOIS
1.66252   1.03414
1.66455   1.05425
1.66293   1.05655
1.65737   1.03641
1.66403   1.05353
1.66366   1.03484
1.66663   1.03774
1.66307   1.04376
1.66179   1.03796
1.65609   1.03485
1.66211   1.02891
1.65845   1.05392
1.6636   1.05064
1.66401   1.03771
1.66193   1.05533
1.66163   1.03838
1.65793   1.04071
1.66339   1.04394
1.66331   1.04391
1.66109   1.03363
1.66414   1.03155
1.6576   1.05348
1.66215   1.04809
1.66027   1.03788
1.6612   1.05404
1.66105   1.0373
1.66544   1.0408
1.65576   1.04832
1.66195   1.04189
1.65722   1.03362
1.65797   1.03216
1.66296   1.05247
1.66044   1.05048
1.66193   1.03733
1.66336   1.05448
1.65879   1.03805
1.66324   1.03845
1.66155   1.04316
1.6622   1.03713
1.66032   1.03531
1.66012   1.03121
1.65938   1.05984
1.66173   1.05394
1.65891   1.03712
1.65741   1.05247
1.6568   1.03875
1.65326   1.038
1.66274   1.04682
1.66075   1.03885
1.66505   1.03376
***********BUSCA LOCAL**************
ANTES | DEPOIS
3.04039   0.889433
7.85958   0.880888
3.48969   0.88426
3.06895   0.87387
3.03547   0.879609
2.16639   0.892142
2.18008   0.884836
2.18589   0.886378
3.0397   0.879292
4.33993   0.877377
2.16732   0.887738
4.75818   0.878568
3.4871   0.898257
2.61028   0.877884
3.52007   0.8812
3.47196   0.874846
1.74251   0.893359
3.04828   0.8978
3.91765   0.868111
2.5967   0.886414
4.78915   0.897347
1.28351   0.891056
3.01508   0.879352
3.48778   0.892734
3.92615   0.876347
3.94444   0.897407
4.36486   0.89297
3.47473   0.892037
1.73569   0.879172
2.61263   0.877715
3.08219   1.31785
3.48634   0.874182
3.04866   0.887705
3.02698   0.877202
3.48062   0.885834
2.19258   0.893108
3.94735   0.875261
1.72562   0.89723
3.0382   0.889026
1.29094   0.883796
1.73043   0.889706
3.03019   0.880278
3.89363   0.868645
4.3988   0.885601
3.94278   0.879354
3.04909   0.874271
3.05657   0.888455
3.94519   0.882579
2.60508   0.893101
1.7202   0.896883
