Tamanho    Peso
1663  54139
1677  54291
1675  54020
1662  54176
1666  53977
1671  54314
1662  54033
1678  54238
1668  54212
1676  54303
1667  54387
1676  54162
1672  53961
1663  54185
1679  54289
1673  54439
1666  53928
1677  54225
1672  54163
1663  54202
1672  54188
1675  54318
1667  54091
1661  54198
1678  53995
1670  54072
1667  53911
1690  54368
1668  54341
1667  54165
1678  54153
1671  54280
1669  53958
1662  54019
1674  54145
1676  54235
1660  53968
1671  54383
1674  54192
1667  54097
1672  54173
1679  54268
1673  53927
1659  54248
1667  54009
1667  54199
1664  54047
1683  54311
1672  54111
1669  54138

Time taken: 97
