Tamanho    Peso
293  8219
297  8362
268  8327
251  8105
295  8329
291  8465
297  8114
296  8225
297  8387
296  8528
252  8028
300  8530
294  8283
298  8500
261  7954
305  8360
301  8444
300  8230
296  8443
295  8388
273  8606
292  8204
293  8368
274  8473
295  8243
300  8450
299  8400
293  8487
301  8548
298  8266
297  8458
300  8398
288  8337
294  8297
299  8287
263  7944
303  8511
291  8109
299  8462
295  8227
263  8075
290  8351
297  8373
296  8206
299  8352
294  8539
294  8411
293  8487
292  8313
268  8357

Time taken: 18
