Tamanho    Peso
259  9122
279  9355
267  8806
274  9297
276  9036
263  8845
269  8972
271  9007
267  9206
264  8858
265  9193
272  9156
271  8863
277  9250
273  8772
267  8825
273  8965
269  8981
262  8881
265  8851
266  9180
288  9283
272  8969
275  9169
270  8788
269  9077
277  9113
258  8944
261  9175
262  8890
274  9451
274  9144
270  8938
270  9119
274  8725
265  8819
276  9055
274  8891
260  9014
265  9006
278  9471
286  9341
269  8968
269  8869
276  8643
270  8936
270  8826
272  8945
261  9129
260  8803

Time taken: 15
