***********CONSTRUÇÃO**************
ANTES | DEPOIS
0.472347   0.278921
0.472007   0.272842
0.472858   0.276308
0.473256   0.273207
0.473261   0.275879
0.473565   0.275783
0.473113   0.274349
0.472498   0.270711
0.471985   0.275708
0.472981   0.275018
0.472604   0.276898
0.473643   0.272144
0.474611   0.276414
0.47198   0.273328
0.473289   0.276231
0.472718   0.275897
0.472987   0.27547
0.473857   0.269992
0.473118   0.276005
0.472194   0.275253
0.473367   0.277386
0.47306   0.272437
0.472493   0.276567
0.471743   0.27291
0.472862   0.276452
0.473753   0.275284
0.472982   0.275501
0.47233   0.269929
0.472162   0.276134
0.470988   0.27421
0.472207   0.276463
0.472779   0.273222
0.4714   0.276291
0.473328   0.273606
0.472886   0.275213
0.4731   0.276375
0.472198   0.275144
0.47273   0.269631
0.472511   0.275503
0.473772   0.275214
0.47122   0.276906
0.471951   0.273184
0.472944   0.27651
0.471241   0.273836
0.472605   0.275327
0.472912   0.276487
0.473697   0.275444
0.473746   0.270351
0.471234   0.27572
0.470988   0.275126
***********BUSCA LOCAL**************
ANTES | DEPOIS
0.950168   0.240395
0.593297   0.236822
0.592691   0.24176
0.951376   0.236709
0.479956   0.240552
1.07489   0.476671
0.95216   0.36958
1.07072   0.235857
0.597418   0.598089
0.719087   0.237246
0.355692   0.242196
0.841849   0.362142
0.480471   0.241993
0.960749   0.2384
0.722211   0.237498
1.688   0.238103
0.711241   0.241183
0.596572   0.236386
0.958269   0.239112
1.06302   0.362099
0.356094   0.478081
0.719679   0.358252
0.716745   0.238625
0.585741   0.241603
0.597625   0.475431
1.20339   0.240051
0.353054   0.35914
1.07292   0.243048
0.599327   0.239793
0.356458   0.481107
0.718919   0.356533
1.06846   0.3623
0.956736   0.361974
0.715865   0.365923
0.702891   0.236653
0.717314   0.361198
0.474049   0.358783
0.704609   0.241721
1.19581   0.241375
0.709132   0.360731
1.07814   0.237963
0.594515   0.240934
1.18739   0.480354
0.352122   0.489534
0.593339   0.356137
0.716925   0.361141
0.474675   0.242677
1.07611   0.244769
0.478696   0.361271
1.2009   0.244472
