Tamanho    Peso
1044  33794
1054  33935
1064  33933
1052  33648
1059  34157
1054  33816
1048  33772
1058  33932
1053  33961
1051  33790
1055  34157
1051  34079
1051  33946
1056  33852
1048  33787
1062  33899
1053  33813
1047  33904
1059  33864
1062  33785
1029  34131
1050  34041
1052  33704
1063  34067
1048  34136
1049  33544
1066  34335
1055  33687
1049  33682
1047  34326
1044  33810
1054  33812
1050  33711
1063  33853
1055  34025
1053  33990
1060  34151
1049  33814
1050  33826
1055  33970
1058  33739
1039  33836
1049  33779
1053  34369
1063  33891
1054  33761
1057  33908
1056  33834
1048  34082
1055  33742

Time taken: 62
