Tamanho    Peso
1058  33866
1053  33711
1053  33804
1051  33737
1049  33582
1049  33599
1051  33491
1047  33702
1059  33688
1055  33850
1057  33739
1050  33837
1056  33782
1050  33744
1056  33734
1052  33728
1056  33749
1048  33634
1055  33782
1058  33807
1050  33682
1051  33711
1056  33846
1047  33619
1048  33638
1052  33827
1041  33654
1045  33675
1057  33703
1047  33575
1052  33691
1056  33810
1052  33756
1037  33656
1053  33668
1049  33645
1049  33567
1041  33501
1057  33814
1056  33729
1053  33715
1054  33713
1054  33704
1045  33703
1046  33697
1055  33794
1055  33783
1043  33595
1052  33636
1052  33752

Time taken: 30
