***********CONSTRUÇÃO**************
ANTES | DEPOIS
1.72658   1.61914
1.72953   1.60709
1.71955   1.62042
1.73132   1.62156
1.72527   1.60115
1.72573   1.59809
1.72559   1.60086
1.72817   1.60608
1.72983   1.60624
1.72411   1.59886
1.72487   1.60836
1.72323   1.61644
1.72318   1.60907
1.72911   1.61008
1.72802   1.60451
1.72795   1.59089
1.72163   1.60119
1.71876   1.60559
1.72086   1.60865
1.72075   1.60563
1.74199   1.61151
1.72877   1.60523
1.7286   1.59939
1.72841   1.60081
1.72942   1.60329
1.71557   1.61312
1.72017   1.61162
1.72905   1.60752
1.72087   1.60176
1.72641   1.60765
1.72954   1.60364
1.72436   1.61056
1.72578   1.61189
1.71953   1.60524
1.72367   1.5966
1.72544   1.59364
1.73053   1.60229
1.71599   1.60628
1.74044   1.61253
1.72908   1.59405
1.7267   1.61375
1.71396   1.61169
1.72218   1.61393
1.72446   1.6052
1.72729   1.60282
1.72916   1.60331
1.73082   1.59571
1.72455   1.61447
1.72266   1.5942
1.72415   1.6096
***********BUSCA LOCAL**************
ANTES | DEPOIS
2.31616   3.47633
3.37196   2.33488
1.65444   4.0618
1.15479   2.26667
2.22722   1.18575
3.46968   1.17278
1.63329   1.19858
3.39485   2.30811
2.26486   1.66462
2.27968   1.72688
2.83758   2.32118
1.73079   2.34934
1.69649   1.739
1.17668   2.3027
2.76783   2.24902
1.73671   1.18186
2.81996   1.69944
1.16707   2.30415
2.87272   2.29847
4.01136   3.43317
1.16495   1.19914
2.14991   2.34115
1.1589   2.85771
1.72112   4.65958
2.27108   3.50562
4.05055   1.68297
2.22133   1.74637
1.16864   3.4883
1.71989   1.74504
2.20812   3.53324
2.26001   2.84127
1.73517   2.80897
1.71478   1.18718
2.12915   2.2724
2.84332   1.77049
3.37802   3.48663
1.66341   2.90918
1.63118   2.18808
2.19698   2.3123
2.17817   1.69672
1.71139   2.84718
2.84209   2.27437
1.70845   1.67048
2.28131   1.69479
1.16875   1.71559
2.28852   2.94124
5.74674   1.73585
1.16159   2.32352
3.33307   1.17834
2.24878   1.74687
