Tamanho    Peso
1106  36656
1098  36782
1105  36813
1091  36725
1105  36666
1099  36595
1113  36816
1107  36671
1104  36696
1094  36627
1100  36656
1100  36654
1108  36730
1114  36886
1101  36719
1106  36607
1108  36817
1101  36580
1108  36664
1106  36708
1106  36701
1098  36644
1103  36723
1097  36593
1101  36567
1099  36577
1104  36713
1105  36537
1108  36676
1103  36642
1099  36600
1109  36726
1114  36734
1103  36882
1108  36704
1104  36657
1103  36814
1105  36660
1108  36634
1101  36634
1104  36636
1103  36586
1103  36674
1095  36597
1099  36611
1106  36652
1106  36637
1097  36604
1109  36751
1106  36805

Time taken: 23
