***********CONSTRUÇÃO**************
ANTES | DEPOIS
0.404821   0.236084
0.404618   0.230903
0.405   0.235306
0.404471   0.235414
0.404012   0.231768
0.404269   0.22932
0.404122   0.237386
0.404762   0.233343
0.402361   0.232556
0.405133   0.229656
0.404153   0.233207
0.405309   0.231854
0.40338   0.236227
0.404531   0.235977
0.403975   0.232368
0.405744   0.23114
0.405044   0.236038
0.405728   0.233408
0.403768   0.233351
0.404059   0.230938
0.403814   0.233865
0.403517   0.231673
0.404317   0.234158
0.40267   0.234228
0.403484   0.232057
0.406545   0.229776
0.404337   0.235932
0.405682   0.234532
0.404026   0.233306
0.404795   0.230441
0.405165   0.233349
0.403599   0.233646
0.405041   0.23647
0.404604   0.233855
0.403779   0.232994
0.403826   0.230393
0.403365   0.237092
0.405925   0.23322
0.402842   0.233215
0.404055   0.231821
0.405549   0.233549
0.406019   0.23262
0.403299   0.235559
0.403925   0.234955
0.404485   0.230836
0.407439   0.231013
0.402452   0.238273
0.404725   0.232537
0.403562   0.232882
0.405086   0.22968
***********BUSCA LOCAL**************
ANTES | DEPOIS
0.887705   0.191856
0.976723   0.192433
0.589462   0.197864
0.891812   0.389655
1.07767   0.200618
0.590056   0.200619
0.5876   0.194052
0.783686   0.197193
0.497116   0.392432
0.787199   0.292226
0.40141   0.196011
0.590314   0.196132
0.879097   0.394107
0.782409   0.197262
0.592944   0.292755
0.685571   0.200914
0.493988   0.193769
0.682477   0.201469
0.594665   0.195083
0.793436   0.196211
0.483368   0.192705
0.893419   0.196719
0.683302   0.199397
0.289191   0.202522
0.386964   0.201558
0.684895   0.196939
0.890644   0.196924
0.685457   0.188562
0.391522   0.197137
0.887882   0.196471
0.989586   0.397889
0.500156   0.197918
0.792124   0.198712
0.489153   0.198859
0.790559   0.200995
0.882182   0.196628
0.486983   0.290108
0.69435   0.201717
0.578241   0.193137
0.492129   0.39812
0.883673   0.19657
1.16389   0.196911
0.679885   0.194033
0.679432   0.293649
0.3958   0.19509
0.393519   0.198002
0.489682   0.292299
0.493295   0.192003
0.490862   0.194786
0.891612   0.192793
