Tamanho    Peso
258  7429
257  7523
224  7026
258  7488
261  7552
228  7409
256  7458
254  7506
252  7276
233  7406
257  7429
255  7414
261  7448
255  7362
257  7484
261  7630
248  7311
255  7339
233  7554
259  7495
228  7380
256  7400
227  7459
258  7541
264  7559
255  7535
258  7425
255  7315
254  7369
255  7354
223  7381
252  7298
253  7528
228  7233
260  7627
258  7338
221  7020
233  7321
257  7481
259  7382
227  7320
254  7442
235  7461
232  7157
258  7494
255  7408
238  7260
253  7425
238  7276
258  7548

Time taken: 17
