Tamanho    Peso
224  7779
225  7720
223  7725
221  7310
225  7653
227  7418
230  7691
230  7763
224  7433
225  7566
225  7699
227  7915
222  7623
221  7287
225  7744
224  7456
229  7697
229  7608
227  7512
223  7416
224  7678
227  7986
222  7611
224  7446
224  7614
225  7488
227  7608
231  7702
229  7567
223  7479
223  7645
226  7803
226  7803
221  7304
227  7720
224  7349
226  7655
228  7670
226  7556
223  7406
221  7580
231  7865
223  7729
224  7433
223  7570
229  7520
227  7676
231  7678
225  7516
222  7459

Time taken: 12
