Tamanho    Peso
1058  35854
1058  35804
1060  35881
1066  35931
1058  35939
1061  35813
1051  35948
1059  35800
1059  35975
1060  35784
1055  35863
1058  35855
1064  35955
1057  35893
1065  35939
1056  35967
1052  35967
1057  35998
1046  35860
1061  35982
1063  35938
1039  35682
1061  35963
1058  35882
1065  36064
1046  35910
1061  35796
1055  35823
1070  35958
1053  35935
1069  35919
1067  35982
1061  35881
1062  35929
1053  35934
1063  35840
1053  35743
1044  35748
1059  35900
1061  35935
1060  35811
1057  35851
1055  35810
1057  35972
1064  35886
1054  35867
1059  35944
1058  35772
1065  36006
1054  35849

Time taken: 25
