Tamanho    Peso
1691  55191
1704  55008
1713  55045
1707  54994
1717  55075
1727  55093
1708  54966
1713  55250
1702  54764
1679  55685
1709  54863
1702  54736
1725  55140
1716  54826
1714  55314
1705  54852
1711  55170
1711  55334
1705  54956
1720  54832
1688  54979
1698  55448
1710  54918
1692  55088
1701  55323
1716  55553
1697  55480
1713  54926
1711  55296
1710  54974
1713  55325
1714  55588
1704  54822
1717  55077
1719  54949
1713  54899
1700  54733
1710  55399
1717  55180
1711  55282
1708  55189
1675  55692
1700  54874
1715  55039
1707  55114
1705  55191
1716  54833
1688  56083
1707  55096
1688  54937

Time taken: 235
