Tamanho    Peso
265  8880
275  9549
269  9034
261  9018
272  9230
279  9149
278  9225
276  8759
251  8106
272  8461
271  8907
279  9372
272  9278
275  9202
275  9102
276  9115
260  8965
271  8608
249  7861
270  8452
279  9436
267  9306
273  9058
270  9180
278  9112
275  9209
278  9374
269  8564
253  8004
270  8528
275  9308
263  9041
274  8863
254  8792
273  9188
273  9084
278  9236
274  8832
251  7787
275  8507
268  9063
263  9064
274  9181
261  9025
272  9080
256  8545
273  9324
272  8714
250  8037
274  8542

Time taken: 16
