Tamanho    Peso
1049  34012
1055  34037
1051  33934
1061  34245
1059  33826
1056  33886
1050  33966
1045  34050
1060  34007
1044  33620
1050  33826
1049  34048
1047  33575
1058  34046
1051  33855
1053  33951
1049  33737
1050  34028
1056  33935
1062  34024
1050  33890
1049  33717
1056  33894
1055  33900
1061  33901
1060  34036
1059  33931
1062  33897
1054  33856
1048  34021
1044  33756
1053  33683
1054  33823
1047  33647
1047  33776
1049  33810
1037  34031
1051  33890
1042  34132
1055  33922
1052  34055
1061  33979
1056  33932
1061  34249
1054  33735
1047  33753
1048  33814
1052  33883
1068  34056
1043  33801

Time taken: 64
