***********CONSTRUÇÃO**************
ANTES | DEPOIS
0.47231   0.275163
0.471241   0.271068
0.472731   0.272846
0.473175   0.271795
0.473184   0.272163
0.472848   0.270242
0.472414   0.26947
0.473435   0.268703
0.473634   0.268527
0.474955   0.26599
0.472607   0.273568
0.470495   0.271712
0.473169   0.272695
0.472824   0.271922
0.471618   0.272166
0.471163   0.269858
0.471849   0.269855
0.473108   0.269701
0.473438   0.269729
0.473759   0.267089
0.471441   0.271814
0.472616   0.270575
0.471819   0.27171
0.471673   0.27082
0.474285   0.271807
0.473942   0.27099
0.472165   0.269287
0.472346   0.269169
0.472849   0.26909
0.472299   0.26747
0.470991   0.272623
0.472073   0.270327
0.473322   0.272302
0.4729   0.270407
0.474232   0.271942
0.471694   0.270864
0.471488   0.269596
0.471133   0.268499
0.471604   0.270228
0.473232   0.266365
0.471758   0.272677
0.472308   0.270984
0.475504   0.272678
0.473157   0.270596
0.474295   0.270927
0.471781   0.269785
0.472599   0.269361
0.47308   0.269193
0.471827   0.267702
0.472387   0.266875
***********BUSCA LOCAL**************
ANTES | DEPOIS
0.599198   0.243923
0.841142   0.242155
0.718796   0.241348
0.840625   0.239434
0.952003   0.239864
1.30696   0.242742
0.711653   0.24328
0.594787   0.241418
0.714578   0.245336
0.840442   0.239953
0.717746   0.242454
0.710529   0.242859
0.944601   0.242407
0.835498   0.242625
0.722494   0.238046
0.713182   0.245653
1.30803   0.238359
0.480356   0.243862
0.588858   0.244131
0.702041   0.245066
0.713401   0.239947
0.830866   0.239624
0.837486   0.238512
0.963242   0.23802
0.951001   0.242776
0.594934   0.241505
1.07413   0.241885
1.19674   0.245992
0.835749   0.245007
0.591476   0.245647
0.711294   0.241169
1.43824   0.240194
0.591221   0.242691
1.06732   0.242798
0.83528   0.236623
0.592713   0.24482
0.475326   0.239348
0.719029   0.246293
0.479734   0.239125
0.957439   0.241483
0.474662   0.240138
1.07473   0.242567
0.710334   0.244507
0.714704   0.246995
1.43893   0.238927
0.716909   0.239955
0.837757   0.241601
0.713546   0.247195
0.598688   0.242023
0.584852   0.244638
