Tamanho    Peso
1101  35015
1110  34930
1097  34898
1107  35034
1103  34767
1106  34942
1106  34914
1107  35121
1099  34729
1101  34675
1107  34994
1107  35031
1095  34926
1108  35040
1105  34834
1099  35159
1070  35420
1101  34673
1100  34724
1089  35067
1106  35117
1087  34846
1087  35070
1097  35109
1101  34854
1102  34890
1093  34944
1099  34785
1096  34701
1103  35018
1080  35280
1113  34727
1101  34852
1103  34870
1094  34947
1108  34789
1102  34931
1101  35064
1107  34748
1101  35012
1093  35002
1094  34821
1104  34937
1097  35037
1097  34686
1092  34869
1115  35057
1102  34831
1105  34985
1095  34940

Time taken: 59
