***********CONSTRUÇÃO**************
ANTES | DEPOIS
0.408516   0.2413
0.407409   0.235353
0.408296   0.238765
0.408762   0.239943
0.408288   0.241698
0.407971   0.23618
0.406862   0.233811
0.40872   0.235068
0.407025   0.239282
0.407888   0.237393
0.407922   0.239807
0.406994   0.236733
0.408973   0.238628
0.407433   0.23954
0.408858   0.241462
0.406756   0.236926
0.407492   0.233204
0.407336   0.236112
0.407874   0.237982
0.408665   0.238172
0.408538   0.240249
0.408507   0.236356
0.409752   0.237766
0.409087   0.239683
0.406967   0.241184
0.405653   0.237182
0.405831   0.233219
0.409367   0.236267
0.407816   0.239507
0.407924   0.23955
0.408511   0.238972
0.407602   0.236264
0.40795   0.238639
0.408313   0.23897
0.409444   0.241221
0.406032   0.237117
0.407475   0.234455
0.408229   0.235168
0.407092   0.237956
0.408759   0.237856
0.406817   0.239905
0.407881   0.235683
0.407748   0.238623
0.409784   0.239502
0.406974   0.24194
0.407644   0.235971
0.408017   0.234222
0.408838   0.236063
0.408399   0.239044
0.408767   0.237689
***********BUSCA LOCAL**************
ANTES | DEPOIS
0.599695   0.302499
0.815331   0.396374
0.894965   0.304761
0.598165   0.497995
1.09747   0.300728
0.608644   0.800731
1.10571   0.50531
0.912256   0.203237
0.899587   0.303136
0.894179   0.29555
0.808974   0.305259
0.601531   0.29883
0.594076   0.300336
0.897063   0.505025
0.902657   0.297882
0.595153   0.489696
0.298743   0.299309
0.80738   0.504529
0.504189   0.407181
0.502101   0.503679
0.507856   0.502188
0.693179   0.302197
0.601383   0.302046
0.806943   0.500376
1.20389   0.800817
0.592829   0.59374
0.498719   0.301847
0.502145   0.400084
1.21819   0.202023
0.695286   0.70496
0.394841   0.501146
1.70987   0.597588
1.09985   0.303067
0.800361   0.505232
0.492139   0.301369
1.10662   0.397973
0.606483   0.399438
0.596785   0.300118
0.908918   0.503211
0.701756   0.193679
0.501765   0.706242
1.0973   0.204247
0.699619   0.303215
0.708212   0.300039
1.69375   0.504913
0.497588   0.305472
0.598523   0.301764
0.696223   0.296808
0.694133   0.299666
1.09903   0.804312
