***********CONSTRUÇÃO**************
ANTES | DEPOIS
0.206987   0.140387
0.207292   0.132845
0.207093   0.12647
0.206587   0.132833
0.207201   0.126075
0.205865   0.136671
0.207901   0.110608
0.207081   0.111401
0.208597   0.110649
0.204206   0.1013
0.208384   0.135073
0.204912   0.133031
0.206816   0.127234
0.206396   0.133671
0.20683   0.126231
0.206846   0.135921
0.20697   0.111324
0.208178   0.111099
0.204651   0.109376
0.20886   0.101521
0.206731   0.136542
0.206564   0.133537
0.206025   0.12698
0.20571   0.133544
0.205825   0.125581
0.207103   0.13594
0.206736   0.1113
0.207302   0.111259
0.204236   0.109462
0.206327   0.101298
0.208076   0.135591
0.207749   0.132922
0.204833   0.126254
0.206302   0.133585
0.204484   0.12518
0.205944   0.137162
0.206364   0.110195
0.206509   0.111183
0.205446   0.109584
0.207992   0.101582
0.206469   0.134862
0.206643   0.133907
0.206585   0.125959
0.205733   0.133949
0.207292   0.125542
0.206227   0.135189
0.206727   0.110488
0.205969   0.110115
0.207808   0.109041
0.20763   0.10167
***********BUSCA LOCAL**************
ANTES | DEPOIS
0.116702   0.126308
0.120294   0.125141
0.172631   0.127769
0.115699   0.125339
0.118557   0.119716
0.12039   0.122171
0.118344   0.119274
0.120813   0.114192
0.114586   0.123946
0.11738   0.122244
0.107841   0.129269
0.11367   0.118208
0.113716   0.123331
0.105986   0.122471
0.115013   0.124554
0.115034   0.11951
0.110368   0.122742
0.109721   0.123541
0.109813   0.12767
0.107893   0.12444
0.114763   0.24747
0.118521   0.118323
0.110224   0.125984
0.160716   0.120254
0.121344   0.117543
0.11093   0.127542
0.117038   0.126384
0.121246   0.113383
0.104957   0.125868
0.109927   0.119234
0.171088   0.129582
0.115942   0.133051
0.172725   0.124422
0.112624   0.114209
0.109873   0.128991
0.163777   0.11583
0.108256   0.123057
0.169756   0.121088
0.11274   0.125339
0.118152   0.116977
0.179201   0.116901
0.114662   0.122926
0.225868   0.12296
0.112291   0.128662
0.117295   0.122855
0.114655   0.124602
0.106639   0.118465
0.170557   0.128247
0.125262   0.122574
0.108576   0.127957
