35;7;123 967 1059 1438 1453 1463 1831 2168 2282 3249 3825 3992 4035 4671 5082 5109 5162 5624 5633 5951 6211 6583 6638 6985 7058 7283 7323 7458 8558 8749 9131 9639 9719 9857 10191
35;7;123 866 967 1008 1059 1247 1453 1463 1831 2168 2282 2452 3249 3825 3992 4035 4671 5082 5109 5162 5624 5633 5951 6211 6583 6638 7058 7323 7458 8558 8749 9639 9719 9857 10191
35;7;123 866 967 1008 1059 1453 1463 1831 2168 2282 2452 3249 3825 3992 4035 4671 5082 5109 5162 5624 5633 5951 6211 6583 6638 6949 7058 7323 7458 8558 8749 9639 9719 9857 10191
35;7;123 866 967 1008 1059 1453 1463 1831 2168 2282 2452 3249 3825 3992 4035 4671 5082 5109 5162 5624 5633 5951 6211 6583 6638 7058 7283 7323 7458 8558 8749 9639 9719 9857 10191
35;7;123 614 967 1059 1453 1463 1831 2168 2282 3177 3249 3647 3825 3992 4035 4671 5082 5109 5162 5624 5633 5951 6211 6583 6638 7058 7323 7458 8558 8749 9541 9639 9719 9857 10191
35;7;123 967 1059 1247 1453 1463 1831 2168 2282 3177 3249 3509 3647 3825 3992 4035 4671 5082 5109 5162 5624 5633 5951 6211 6583 6638 7058 7323 7458 8558 8749 9639 9719 9857 10191
36;7;967 1059 1247 1453 1463 1831 2168 2282 3162 3177 3249 3504 3509 3647 3825 3992 4035 4671 5082 5109 5624 5633 5951 6211 6583 6638 7058 7132 7323 7458 8558 8695 8749 9639 9719 9857
36;7;123 866 967 1008 1059 1438 1453 1463 1831 2168 2282 2452 3249 3825 3992 4035 4671 5082 5109 5162 5624 5633 5951 6211 6583 6638 6985 7058 7323 7458 8558 8749 9639 9719 9857 10191
36;7;123 866 967 1008 1059 1453 1463 1831 2168 2282 2452 3177 3249 3647 3825 3992 4035 4671 5082 5109 5162 5624 5633 5951 6211 6583 6638 7058 7323 7458 8558 8749 9639 9719 9857 10191
37;7;123 614 866 967 1008 1059 1453 1463 1831 2168 2282 2329 2452 3249 3825 3992 4035 4671 5082 5109 5162 5624 5633 5951 6211 6583 6638 7058 7323 7458 8558 8749 9541 9639 9719 9857 10191
