Tamanho    Peso
1071  34908
1077  35268
1073  35083
1076  35094
1056  35468
1068  34911
1076  34933
1066  34816
1075  35441
1067  35193
1072  34986
1078  35138
1073  35094
1075  34999
1061  35084
1066  35148
1071  35173
1078  35111
1071  35234
1067  35231
1062  34939
1051  35356
1070  35083
1070  35075
1067  35026
1075  35034
1078  34931
1079  35133
1081  35202
1068  34915
1071  34906
1074  35121
1075  35048
1069  35221
1065  35115
1078  35171
1084  35310
1072  34963
1070  35220
1071  35010
1071  35093
1055  34933
1073  35061
1066  35159
1078  35003
1071  35036
1088  34983
1068  35029
1068  35060
1067  35181

Time taken: 54
