Tamanho    Peso
1719  56170
1720  56445
1724  56494
1716  56210
1725  56338
1725  56445
1726  56416
1726  56397
1733  56506
1722  56391
1723  56167
1728  56511
1726  56407
1717  56149
1725  56396
1727  56469
1716  55927
1726  56257
1730  56250
1724  56367
1722  56347
1728  56439
1720  56472
1704  56057
1728  56426
1722  56369
1724  56349
1723  56308
1711  56263
1731  56592
1728  56310
1724  56359
1726  56418
1718  56168
1722  56278
1724  56427
1706  56144
1725  56250
1728  56231
1727  56379
1719  56383
1726  56510
1724  56450
1717  56121
1713  56241
1724  56418
1728  56395
1724  56388
1724  56485
1724  56305

Time taken: 106
