Tamanho    Peso
1703  56818
1712  57193
1724  56741
1723  56517
1720  56727
1737  56883
1691  57138
1712  56750
1714  57320
1713  57052
1723  57081
1721  57075
1758  57285
1724  56944
1728  56855
1682  57298
1716  56875
1716  56851
1720  56594
1695  57037
1729  56563
1726  56766
1708  56544
1736  57225
1708  56973
1699  56388
1717  56621
1704  57267
1726  57192
1709  57436
1723  57107
1695  57046
1710  56845
1728  56827
1704  56814
1690  57226
1695  57124
1717  56548
1723  56665
1709  56686
1700  57508
1730  56788
1719  57199
1713  57007
1721  56972
1737  56695
1720  56759
1715  56433
1727  56622
1742  56785

Time taken: 204
