Tamanho    Peso
256  7340
318  7639
253  7019
318  7709
250  6955
250  7449
270  7724
311  7806
318  7505
320  7533
268  7680
311  7699
257  7246
311  7718
322  7769
317  7608
255  7395
267  7635
312  7597
239  7097
318  7805
252  7376
323  7704
264  7590
315  7694
252  7311
261  7458
320  7918
266  7611
315  7616
321  7700
321  7582
318  7658
313  7759
310  7572
320  7784
316  7639
243  7377
314  7685
261  7569
313  7646
261  7153
316  7667
271  7654
325  7800
313  7729
323  7703
320  7703
311  7616
258  7333

Time taken: 20
