94;7;68 177 192 211 306 310 324 369 515 532 578 630 650 695 737 746 752 754 788 803 825 873 877 887 889 1025 1041 1062 1117 1172 1197 1224 1228 1230 1290 1336 1347 1378 1610 1758 1762 1778 1788 1792 1793 1827 1831 1912 2010 2071 2076 2110 2221 2313 2505 2507 2551 2650 2699 2719 2721 2728 2730 2734 2759 2930 2947 2956 3034 3050 3141 3179 3314 3385 3493 3529 3549 3606 3628 3643 3679 3692 3722 3793 3823 3838 3863 3921 3933 3964 3980 3982 3993 4029
94;7;90 177 192 211 306 310 320 324 369 532 630 650 746 754 788 803 825 873 877 887 889 929 1025 1062 1117 1172 1197 1224 1228 1230 1290 1328 1336 1347 1378 1610 1684 1758 1762 1788 1792 1793 1826 1827 1831 1912 2076 2221 2313 2343 2505 2507 2543 2551 2650 2699 2719 2721 2728 2759 2930 2947 2956 2964 2995 3033 3034 3141 3179 3296 3314 3385 3395 3403 3437 3485 3493 3529 3549 3606 3628 3643 3679 3692 3722 3793 3823 3838 3921 3933 3964 3980 3993 4029
94;7;68 177 192 211 306 310 324 369 497 532 630 650 737 746 754 788 803 825 873 877 887 889 1025 1062 1117 1172 1197 1224 1228 1230 1290 1347 1610 1758 1762 1788 1792 1793 1831 2071 2076 2110 2221 2301 2313 2343 2505 2507 2543 2551 2552 2650 2699 2719 2721 2728 2730 2759 2930 2947 2956 2964 2995 3034 3141 3179 3314 3385 3403 3404 3437 3485 3493 3529 3542 3549 3606 3628 3643 3679 3692 3722 3793 3807 3823 3838 3863 3921 3933 3964 3980 3982 3993 4029
95;7;68 177 192 211 306 310 324 369 497 532 630 650 737 746 752 754 788 803 825 873 877 887 889 1025 1041 1062 1117 1172 1197 1224 1228 1230 1290 1336 1347 1378 1504 1610 1758 1762 1778 1788 1792 1793 1827 1831 1912 2071 2076 2110 2221 2301 2313 2505 2507 2551 2552 2650 2699 2719 2721 2728 2730 2759 2930 2947 2956 3034 3141 3179 3314 3385 3404 3493 3529 3542 3549 3606 3628 3643 3679 3692 3722 3793 3807 3823 3838 3863 3921 3933 3964 3980 3982 3993 4029
95;7;68 177 192 211 306 310 320 324 369 497 532 630 650 737 746 754 788 803 825 873 877 887 889 1025 1062 1117 1172 1197 1224 1228 1230 1290 1328 1347 1610 1684 1758 1762 1788 1792 1793 1826 1831 1870 2071 2076 2110 2221 2301 2313 2505 2507 2551 2552 2650 2699 2719 2721 2728 2730 2759 2930 2947 2956 3033 3034 3141 3179 3296 3314 3385 3404 3493 3529 3542 3549 3606 3628 3643 3679 3692 3722 3752 3793 3807 3823 3838 3863 3921 3933 3964 3980 3982 3993 4029
96;7;68 177 192 211 306 310 320 324 369 532 578 630 650 695 737 739 746 754 788 803 825 873 877 887 889 1025 1062 1117 1172 1197 1224 1228 1230 1290 1328 1347 1574 1610 1684 1758 1762 1788 1792 1793 1826 1831 1870 2010 2071 2076 2110 2221 2313 2505 2507 2551 2650 2699 2719 2721 2728 2730 2734 2759 2930 2947 2956 3033 3034 3050 3141 3179 3296 3314 3385 3493 3529 3549 3606 3628 3643 3679 3692 3722 3752 3793 3823 3838 3863 3921 3933 3964 3980 3982 3993 4029
96;7;68 177 192 211 306 310 320 324 369 532 630 650 724 737 746 754 770 788 803 825 852 873 877 887 889 1025 1062 1117 1172 1197 1224 1228 1230 1290 1328 1347 1610 1684 1758 1762 1788 1792 1793 1826 1831 1870 2071 2076 2110 2221 2313 2505 2507 2551 2650 2699 2719 2721 2728 2730 2759 2930 2947 2956 2967 3033 3034 3141 3179 3296 3314 3385 3446 3493 3529 3549 3606 3628 3643 3676 3679 3692 3722 3752 3793 3823 3838 3863 3894 3921 3933 3964 3980 3982 3993 4029
96;7;68 177 192 211 306 310 320 324 369 532 630 650 737 746 752 754 788 803 825 873 877 887 889 1025 1041 1062 1117 1172 1197 1224 1228 1230 1290 1328 1336 1347 1378 1610 1684 1758 1762 1778 1788 1792 1793 1826 1827 1831 1870 1912 2071 2076 2110 2221 2313 2505 2507 2551 2650 2699 2719 2721 2728 2730 2759 2930 2947 2956 3033 3034 3141 3179 3296 3314 3385 3493 3529 3549 3606 3628 3643 3679 3692 3722 3752 3793 3823 3838 3863 3921 3933 3964 3980 3982 3993 4029
96;7;68 177 192 211 306 310 324 369 532 630 650 737 746 752 754 788 803 825 873 877 887 889 929 1025 1041 1062 1117 1172 1197 1224 1228 1230 1290 1336 1347 1378 1610 1758 1762 1778 1788 1792 1793 1827 1831 1912 2071 2076 2110 2221 2313 2343 2505 2507 2543 2551 2650 2699 2719 2721 2728 2730 2759 2930 2947 2956 2964 2995 3034 3141 3179 3314 3385 3403 3437 3485 3493 3529 3549 3606 3628 3643 3679 3692 3722 3793 3823 3838 3863 3921 3933 3964 3980 3982 3993 4029
97;7;68 177 192 211 306 310 320 324 369 532 630 650 737 746 754 788 803 825 873 877 887 889 1025 1062 1117 1172 1197 1224 1228 1230 1290 1328 1347 1610 1684 1758 1762 1788 1792 1793 1826 1831 1870 2071 2076 2110 2221 2313 2343 2505 2507 2543 2551 2650 2699 2719 2721 2728 2730 2759 2930 2947 2956 2964 2995 3033 3034 3141 3179 3296 3314 3385 3395 3403 3437 3485 3493 3529 3549 3606 3628 3643 3679 3692 3722 3752 3793 3823 3838 3863 3921 3933 3964 3980 3982 3993 4029
