Tamanho    Peso
1060  35550
1069  35842
1066  35839
1076  35714
1068  36225
1069  35958
1064  35757
1060  35645
1071  35688
1071  36043
1069  36037
1064  35909
1064  35843
1055  36097
1076  35882
1065  35911
1075  35800
1069  35791
1076  35961
1065  35906
1059  35885
1064  35511
1064  35676
1070  35955
1062  35874
1075  35961
1071  35988
1066  35847
1069  36011
1072  35980
1069  35818
1059  35864
1064  35673
1066  35938
1065  35879
1061  35669
1055  35949
1058  35746
1068  36141
1066  35986
1071  36108
1061  35789
1073  35991
1061  35797
1066  36028
1071  35856
1065  35992
1065  35746
1066  35751
1062  36059

Time taken: 64
