31;8;123 866 967 1059 1453 1463 1831 2168 2282 2452 3249 3825 3992 4671 5082 5109 5162 5624 5633 5951 6541 6583 7058 7283 7323 7458 8558 8749 9639 9719 9857
32;8;614 866 967 1059 1453 1463 1831 2168 2282 2452 3249 3825 3992 4671 5082 5109 5162 5624 5633 5951 6541 6583 7058 7323 7458 8558 8695 8749 9639 9719 9857 10191
32;8;866 967 1059 1453 1463 1831 2168 2282 2452 3249 3825 3992 4671 5082 5109 5162 5624 5633 5951 6541 6583 7058 7323 7458 7908 8558 8695 8749 9639 9719 9857 10191
32;8;866 967 1059 1247 1453 1463 1831 2168 2282 2452 3249 3825 3992 4671 5082 5109 5162 5624 5633 5951 6541 6583 7058 7323 7458 8558 8695 8749 9639 9719 9857 10191
32;8;866 967 1059 1453 1463 1831 2168 2282 2329 2452 3249 3825 3992 4671 4732 5082 5109 5162 5624 5633 5951 6211 6541 6583 7058 7323 7458 8558 8749 9639 9719 9857
32;8;123 866 967 1059 1453 1463 1831 2168 2282 2452 3249 3825 3992 4671 4732 5082 5109 5162 5624 5633 5951 6211 6541 6583 7058 7323 7458 8558 8749 9639 9719 9857
32;8;123 866 967 1059 1453 1463 1831 2168 2282 2452 3249 3825 3992 4671 5082 5109 5162 5624 5633 5951 6541 6583 7058 7323 7458 8558 8695 8749 9639 9719 9857 10191
33;8;866 967 1059 1205 1453 1463 1831 2168 2282 2452 3249 3825 3992 4671 5082 5109 5162 5624 5633 5951 6541 6583 7058 7283 7323 7458 8558 8695 8749 9639 9719 9857 10191
33;8;866 967 1059 1453 1463 1831 2168 2282 2452 3249 3825 3992 4671 4732 5082 5109 5162 5624 5633 5951 6211 6541 6583 7058 7283 7323 7458 8558 8749 8957 9639 9719 9857
33;8;866 967 1059 1453 1463 1831 2168 2282 2452 3249 3825 3992 4671 4732 5082 5109 5162 5624 5633 5951 6211 6541 6583 7058 7323 7458 8558 8695 8749 9639 9719 9857 10191
