Tamanho    Peso
115  4397
99  3775
101  3858
95  4061
95  3649
119  4556
105  4539
106  4062
101  3937
97  3804
98  3701
109  4478
82  3285
104  3870
108  4120
108  4158
116  4580
94  3772
100  3857
93  3685
112  4629
95  3869
112  4135
106  4248
110  4354
82  3109
92  3860
108  4225
111  4385
104  4318
89  3398
98  3905
94  3779
126  4665
100  4031
92  4047
90  3640
87  3721
106  4491
108  4224
104  4400
115  4467
115  4585
89  3458
101  3871
90  3660
97  3729
97  3975
108  4353
103  4276

Time taken: 183
