Tamanho    Peso
1070  35047
1068  34964
1074  35154
1074  34979
1065  34909
1070  34923
1056  34765
1070  34946
1068  34994
1065  34942
1066  34736
1066  35010
1064  34790
1072  35110
1064  34972
1065  35020
1069  34952
1057  34601
1070  34880
1067  34891
1068  34960
1069  34968
1064  34940
1082  34798
1065  34892
1053  34621
1063  34906
1074  34997
1062  34920
1068  34938
1067  34927
1072  35143
1062  34944
1062  34905
1059  34919
1073  34979
1073  34851
1070  35055
1064  34937
1069  35076
1057  35030
1068  35141
1062  34916
1073  34953
1072  34858
1065  34731
1068  35029
1074  34992
1065  34885
1064  35050

Time taken: 27
