***********CONSTRUÇÃO**************
ANTES | DEPOIS
0.398184   0.225887
0.401442   0.224657
0.401437   0.224033
0.398845   0.223161
0.399524   0.222002
0.398098   0.224895
0.401775   0.222387
0.400809   0.22126
0.400889   0.223673
0.398602   0.221339
0.400058   0.224955
0.400368   0.224102
0.400535   0.223184
0.402068   0.222635
0.399766   0.222834
0.401327   0.224331
0.400883   0.223808
0.400952   0.220427
0.400015   0.223252
0.401998   0.22067
0.401143   0.223998
0.401492   0.224542
0.399106   0.223041
0.401085   0.222698
0.400926   0.222811
0.400422   0.222749
0.400504   0.222791
0.400165   0.22329
0.401349   0.222806
0.400968   0.221306
0.398932   0.222578
0.399116   0.223779
0.399831   0.222356
0.40097   0.222399
0.402264   0.222638
0.400151   0.224471
0.400631   0.224118
0.399534   0.221764
0.400149   0.223259
0.401872   0.219559
0.40065   0.223058
0.400593   0.223702
0.400308   0.222499
0.398445   0.223863
0.399696   0.222756
0.399677   0.223987
0.399103   0.222952
0.399942   0.222042
0.401555   0.223623
0.400615   0.221047
***********BUSCA LOCAL**************
ANTES | DEPOIS
0.488102   0.192298
0.569989   0.578071
0.768621   0.196637
0.866651   0.477758
0.77351   0.297093
0.379578   0.198058
0.489582   0.381697
0.775886   0.190975
0.481263   0.29265
0.476093   0.288613
0.572234   0.383495
0.966598   0.193687
0.578983   0.384654
0.571777   0.292495
0.681765   0.19026
0.673849   0.394242
0.581806   0.383978
0.582222   0.3835
0.670002   0.476393
0.483502   0.382983
0.773466   0.387874
0.874105   0.286839
0.76288   0.383598
0.573077   0.871069
0.481351   0.390685
0.380906   0.287684
0.679356   0.188783
1.16347   0.191138
0.577798   0.295983
0.763411   0.194521
0.486393   0.190305
0.969825   0.194148
0.577479   0.294774
0.676281   0.291318
0.777519   0.291087
0.480449   0.383846
0.481565   0.295207
0.776782   0.19208
0.964225   0.29136
0.861516   0.284147
0.385925   0.287324
0.95606   0.19417
0.476703   0.388127
0.38735   0.384215
0.482417   0.487499
0.480511   0.289127
0.968106   0.195239
0.387013   0.194834
0.671525   0.485967
0.774614   0.294868
