***********CONSTRUÇÃO**************
ANTES | DEPOIS
0.241851   0.210217
0.24125   0.19776
0.242935   0.20638
0.244297   0.193258
0.243029   0.201854
0.24192   0.190707
0.242036   0.20704
0.242626   0.195528
0.241841   0.205687
0.242806   0.19079
0.240792   0.202903
0.244777   0.196879
0.243637   0.205742
0.242746   0.194746
0.244594   0.201318
0.243883   0.18961
0.243178   0.207158
0.242381   0.197395
0.244368   0.204681
0.241584   0.189196
0.242238   0.201198
0.244284   0.196878
0.240415   0.206158
0.24459   0.194868
0.242145   0.201743
0.239986   0.191156
0.24324   0.205882
0.243495   0.199324
0.241857   0.204835
0.23961   0.189622
0.243638   0.203232
0.243435   0.197196
0.242282   0.207117
0.241967   0.194679
0.240689   0.201794
0.243322   0.189331
0.242411   0.205938
0.243371   0.196774
0.24098   0.204712
0.240873   0.191122
0.244012   0.201925
0.241581   0.196913
0.240741   0.208152
0.242214   0.195078
0.24122   0.201758
0.240106   0.188375
0.239968   0.205793
0.24302   0.196914
0.24172   0.202348
0.241693   0.188517
***********BUSCA LOCAL**************
ANTES | DEPOIS
0.254046   0.201386
0.119936   0.40796
0.238453   0.401441
0.124883   0.339378
0.122951   0.487438
0.107561   0.266158
0.111715   0.215434
0.253161   0.533909
0.181957   0.688633
0.182789   0.257758
0.114247   0.749711
0.186926   0.191149
0.241913   0.195832
0.107913   0.324811
0.180351   0.198332
0.183179   0.268397
0.242381   0.21189
0.120912   0.196481
0.22517   0.274012
0.121471   0.199868
0.104567   0.206848
0.109116   0.193651
0.187342   0.200975
0.118642   0.27041
0.23834   0.19062
0.171026   0.197892
0.252017   0.191195
0.180552   0.198056
0.227179   0.275121
0.182636   0.202096
0.120012   0.204439
0.201014   0.199969
0.187135   0.617152
0.256077   0.4654
0.226783   0.207343
0.110995   0.202656
0.180431   0.348171
0.111586   0.196682
0.177293   0.338617
0.119869   0.193262
0.113871   0.204491
0.248643   0.195155
0.108214   0.394493
0.116555   0.389392
0.250869   0.211434
0.120439   0.325769
0.110993   0.337358
0.244796   0.275171
0.245459   0.333302
0.107653   0.193753
