87;8;177 192 211 296 310 324 408 532 535 650 737 746 754 767 788 803 825 873 877 887 889 1025 1062 1117 1172 1197 1224 1228 1230 1290 1347 1378 1762 1778 1788 1792 1831 2071 2076 2110 2221 2313 2343 2505 2507 2543 2551 2650 2699 2719 2721 2728 2734 2759 2865 2902 2947 2956 2964 2995 3033 3034 3060 3141 3296 3385 3395 3403 3437 3446 3493 3549 3606 3628 3643 3647 3692 3722 3823 3838 3894 3921 3933 3964 3980 3993 4029
87;8;0 68 177 192 211 310 324 393 532 535 578 630 650 746 754 767 788 803 825 857 873 877 887 889 1041 1065 1117 1172 1197 1224 1228 1230 1290 1336 1347 1378 1762 1788 1792 1793 1831 2071 2076 2110 2221 2313 2505 2543 2551 2650 2699 2719 2721 2728 2734 2759 2902 2947 2956 2964 2995 3033 3034 3141 3296 3385 3395 3403 3446 3493 3549 3595 3606 3643 3647 3692 3722 3819 3823 3838 3894 3921 3933 3964 3980 3993 4029
87;8;177 192 211 310 324 408 476 532 535 650 737 746 754 767 788 803 825 873 877 887 889 1025 1117 1172 1197 1224 1228 1230 1290 1332 1347 1378 1574 1762 1788 1792 1827 1831 2071 2076 2110 2221 2313 2343 2505 2543 2551 2650 2699 2719 2721 2728 2734 2759 2902 2930 2947 2956 2964 2995 3033 3034 3141 3296 3385 3395 3403 3446 3493 3521 3529 3549 3606 3628 3643 3647 3692 3722 3823 3838 3894 3921 3933 3964 3980 3993 4029
88;8;0 68 177 192 211 310 324 369 532 535 570 578 630 650 746 754 767 788 803 825 857 872 873 877 887 889 1117 1172 1197 1224 1228 1230 1290 1336 1347 1378 1762 1788 1792 1793 1831 2071 2076 2110 2221 2313 2505 2543 2551 2650 2699 2719 2721 2728 2734 2759 2902 2947 2956 2964 2995 3028 3033 3034 3050 3141 3296 3385 3395 3403 3446 3493 3549 3606 3643 3647 3692 3718 3722 3823 3838 3894 3921 3933 3964 3980 3993 4029
88;8;177 192 211 296 310 324 476 532 535 650 746 754 767 788 803 825 873 877 887 889 1062 1117 1172 1197 1224 1228 1230 1290 1332 1347 1378 1574 1762 1778 1788 1792 1827 1831 2071 2076 2110 2221 2313 2505 2507 2543 2551 2650 2699 2719 2721 2728 2734 2759 2865 2902 2930 2947 2956 2964 2995 3033 3034 3141 3296 3385 3395 3403 3437 3446 3493 3521 3529 3549 3606 3643 3647 3692 3722 3823 3838 3894 3921 3933 3964 3980 3993 4029
89;8;0 68 177 192 211 296 310 324 532 535 578 630 650 746 754 767 788 803 825 857 873 877 887 889 1062 1117 1172 1197 1224 1228 1230 1290 1336 1347 1378 1762 1778 1788 1792 1793 1831 2071 2076 2110 2221 2313 2393 2505 2507 2543 2551 2650 2699 2719 2721 2728 2734 2759 2865 2902 2947 2956 2964 2995 3033 3034 3141 3296 3385 3395 3403 3437 3446 3493 3549 3606 3643 3647 3692 3722 3823 3838 3894 3921 3933 3964 3980 3993 4029
89;8;177 192 211 310 324 393 476 532 535 650 746 754 767 788 803 825 873 877 887 889 1041 1065 1117 1172 1197 1224 1228 1230 1290 1332 1347 1378 1574 1762 1788 1792 1826 1827 1831 2071 2076 2110 2221 2313 2505 2543 2551 2650 2699 2719 2721 2728 2734 2759 2902 2930 2944 2947 2956 2964 2995 3033 3034 3141 3296 3385 3395 3403 3446 3493 3521 3529 3549 3595 3606 3643 3647 3692 3722 3819 3823 3838 3894 3921 3933 3964 3980 3993 4029
89;8;0 68 177 192 211 310 324 408 532 535 578 630 650 737 746 754 767 770 788 803 825 857 873 877 887 889 1025 1117 1172 1197 1224 1228 1230 1290 1336 1347 1378 1758 1762 1788 1792 1793 1831 2071 2076 2110 2221 2313 2343 2505 2543 2551 2650 2699 2719 2721 2728 2734 2759 2902 2947 2956 2964 2995 3033 3034 3141 3296 3385 3395 3403 3446 3493 3549 3606 3628 3643 3647 3692 3722 3823 3838 3894 3921 3933 3964 3980 3993 4029
89;8;177 192 211 310 324 369 476 532 535 570 650 746 754 767 788 803 825 872 873 877 887 889 1117 1172 1197 1224 1228 1230 1290 1332 1347 1378 1574 1762 1788 1792 1827 1831 2071 2076 2110 2221 2313 2505 2543 2551 2650 2699 2719 2721 2728 2734 2759 2902 2930 2947 2956 2964 2995 3033 3034 3050 3141 3296 3385 3395 3403 3446 3485 3493 3521 3529 3549 3606 3643 3647 3692 3718 3722 3823 3838 3894 3921 3923 3933 3964 3980 3993 4029
90;8;0 68 177 192 211 310 324 476 532 535 578 630 650 746 754 767 788 803 825 857 873 877 887 889 1117 1172 1197 1224 1228 1230 1290 1332 1336 1347 1378 1574 1762 1788 1792 1793 1827 1831 2071 2076 2110 2221 2313 2505 2543 2551 2650 2699 2719 2721 2728 2734 2759 2902 2930 2947 2956 2964 2995 3033 3034 3141 3153 3296 3385 3395 3403 3446 3493 3521 3529 3549 3606 3643 3647 3692 3722 3823 3838 3894 3921 3933 3964 3980 3993 4029
