Tamanho    Peso
1070  35958
1060  35942
1075  36018
1053  35558
1064  35748
1054  36041
1066  35762
1064  35934
1061  35727
1068  35905
1062  35771
1079  36278
1070  35793
1071  35847
1056  35674
1070  35723
1063  36106
1065  36040
1059  36051
1064  35550
1065  35954
1057  35707
1058  36244
1074  36099
1061  35682
1063  35711
1067  35843
1061  35808
1066  35791
1077  35973
1063  35830
1064  35847
1070  35849
1066  35740
1075  36015
1069  35813
1052  35774
1064  35972
1071  35774
1055  35674
1055  35959
1068  35804
1065  35727
1069  35748
1082  36052
1068  35868
1074  35616
1079  35851
1068  35830
1064  35662

Time taken: 66
