***********CONSTRUÇÃO**************
ANTES | DEPOIS
1.76667   1.53759
1.75651   1.67526
1.76107   1.53401
1.76302   1.66849
1.75964   1.52902
1.7596   1.66817
1.76306   1.67609
1.77202   1.53751
1.76254   1.67424
1.75899   1.53662
1.7628   1.66382
1.76227   1.52906
1.76757   1.66219
1.76307   1.66949
1.75913   1.53212
1.76068   1.67449
1.76594   1.53747
1.76119   1.66347
1.75937   1.52398
1.76566   1.66174
1.76007   1.67297
1.76117   1.53437
1.76268   1.66972
1.76001   1.53547
1.76357   1.66083
1.7574   1.527
1.76463   1.67417
1.76899   1.67494
1.75774   1.52945
1.75899   1.67459
1.76471   1.53401
1.76306   1.66504
1.75768   1.52677
1.75864   1.66677
1.75668   1.6698
1.75969   1.53374
1.75973   1.67555
1.76079   1.5353
1.76344   1.66621
1.76389   1.52326
1.75976   1.66228
1.76049   1.67143
1.76208   1.53458
1.75846   1.67416
1.7627   1.53827
1.76576   1.6653
1.7599   1.52782
1.76684   1.66427
1.76126   1.66372
1.76562   1.53401
***********BUSCA LOCAL**************
ANTES | DEPOIS
2.78152   2.80115
1.54572   1.65419
1.57046   1.64984
2.65095   1.68188
2.06974   2.77187
2.04741   2.70617
1.71055   1.71102
2.14075   2.20726
1.59603   1.64942
1.56695   1.14624
1.70159   1.61529
1.58224   2.22958
2.21249   4.4859
1.69632   3.38197
1.60544   2.7535
1.68289   1.67127
2.55361   4.50845
1.63785   1.69497
1.57026   1.59654
1.55789   2.71337
2.23363   3.91946
1.60241   1.15015
2.05207   1.61627
1.58353   1.63257
1.61826   1.66112
1.60469   1.62129
1.46909   1.65471
2.78215   2.23553
1.67799   1.12854
1.57761   2.19624
1.54795   1.14451
2.50966   1.67504
3.3379   1.67354
2.60166   2.19104
1.6315   1.67496
1.65131   2.25596
1.57358   2.23272
2.23826   1.53727
2.63941   2.78094
1.5544   2.19466
1.6678   1.71286
1.64228   1.61062
1.5057   2.7572
1.66603   1.61938
1.57635   1.17643
1.56344   1.64871
1.53312   1.13079
1.57464   1.65871
3.39934   3.35621
1.6798   1.12387
