Tamanho    Peso
75  2870
106  3430
81  2973
121  4508
99  3836
101  3569
110  4346
91  3515
116  4363
123  4281
95  3390
85  3100
108  4241
123  4553
90  3483
122  4476
95  3658
112  4235
87  3079
103  3800
107  3869
117  4253
96  3641
92  3327
107  4119
90  3336
118  4540
108  4035
118  4280
89  3640
117  4195
100  3654
102  3870
92  3291
109  4081
107  3858
114  4179
76  2631
111  4132
83  3025
102  3727
101  3729
86  3323
99  3507
117  4201
104  3964
123  4208
112  4090
97  3752
119  4180

Time taken: 183
