Tamanho    Peso
1090  36267
1087  36424
1093  36166
1100  36165
1095  36033
1085  36184
1098  36188
1087  36515
1074  36490
1088  35929
1091  36103
1079  36235
1077  36028
1089  36346
1091  36167
1094  36067
1093  35915
1089  36086
1092  36200
1093  36402
1091  36320
1085  36074
1088  36202
1099  36248
1096  36325
1090  36464
1089  36245
1098  36163
1079  36258
1100  36338
1087  36149
1094  36437
1082  36207
1096  36223
1095  36103
1090  36033
1102  36183
1087  36302
1089  36353
1102  36270
1096  36175
1085  36379
1086  36155
1093  36279
1090  36416
1096  36156
1090  36146
1089  36330
1095  36106
1090  36238

Time taken: 55
