***********CONSTRUÇÃO**************
ANTES | DEPOIS
1.65908   1.08097
1.66274   1.06426
1.66038   1.06845
1.66172   1.0695
1.65932   1.0707
1.65993   1.06745
1.6579   1.06762
1.65595   1.05459
1.66364   1.06069
1.65651   1.05512
1.66094   1.07657
1.65913   1.06193
1.65875   1.06945
1.66118   1.06696
1.65771   1.0718
1.66114   1.06469
1.65715   1.06538
1.65885   1.05192
1.66019   1.06077
1.65928   1.05503
1.65898   1.07839
1.66043   1.06241
1.65986   1.06771
1.66127   1.0685
1.66009   1.06729
1.66175   1.06985
1.66181   1.06741
1.65996   1.05489
1.65649   1.06095
1.66119   1.05523
1.65632   1.08073
1.66137   1.06158
1.65884   1.07009
1.6565   1.07005
1.65986   1.07083
1.6596   1.06871
1.65778   1.06674
1.65299   1.05593
1.6601   1.06097
1.66102   1.05387
1.65843   1.0719
1.65847   1.05767
1.65931   1.06722
1.65949   1.06745
1.65977   1.07004
1.65317   1.06912
1.66478   1.06686
1.66318   1.05479
1.66201   1.06349
1.65607   1.05557
***********BUSCA LOCAL**************
ANTES | DEPOIS
3.50019   0.899402
3.03914   0.877348
2.59462   0.881745
2.17395   1.31284
3.0546   0.867917
3.05085   0.874402
2.60576   0.876448
3.04984   0.878685
2.17179   0.87152
4.31272   0.881915
3.92769   0.877633
2.62421   0.869055
2.62274   0.892858
1.74097   1.31146
3.07466   0.858018
3.04083   0.872875
1.73649   0.876275
2.55627   0.887249
2.59083   0.872071
3.03435   0.885388
3.03346   0.874675
2.13548   0.876648
3.04902   1.32771
2.18063   0.863375
4.32487   0.871063
1.28794   0.867182
3.03409   0.867219
1.73541   0.878143
1.73665   0.871151
4.33454   0.884908
2.17467   0.883457
1.74227   0.874196
2.13417   0.870869
2.59701   0.865183
1.73767   1.32487
2.15014   1.31447
3.01805   1.30933
4.80896   0.884294
2.6199   0.873165
3.05282   0.87035
3.04556   0.889287
6.13735   0.875794
3.05227   0.886705
1.72459   0.872468
2.17484   0.883378
3.0243   1.74113
2.59149   1.31588
2.59394   0.877163
2.14961   0.860797
3.46371   0.870059
