Tamanho    Peso
1680  55849
1689  55898
1704  56042
1694  55827
1698  55809
1701  56033
1703  55872
1687  55792
1693  55717
1694  55824
1675  55703
1690  56025
1701  55807
1681  55928
1709  55842
1695  55744
1704  55921
1684  55540
1688  55916
1697  55838
1692  55917
1687  55822
1680  55994
1696  55816
1700  55932
1712  55944
1709  55813
1690  55738
1693  55755
1692  55815
1692  55816
1681  55630
1713  55797
1698  55953
1684  55889
1695  55792
1686  55950
1692  55725
1704  56017
1692  55787
1674  55616
1677  55923
1695  55727
1692  55843
1707  55972
1691  55838
1688  55706
1689  55789
1697  55962
1695  55842

Time taken: 101
