110;8;6 19 25 31 68 124 141 143 144 177 181 252 282 323 330 346 460 492 547 556 600 630 651 662 686 698 713 748 752 757 763 789 815 832 867 873 879 1000 1002 1032 1098 1118 1121 1131 1154 1196 1197 1240 1264 1363 1368 1401 1435 1468 1548 1551 1615 1797 1831 1840 1959 2018 2139 2150 2275 2301 2373 2497 2527 2540 2565 2570 2622 2667 2774 2805 2807 2895 2926 2982 3026 3037 3054 3074 3119 3131 3271 3382 3413 3455 3485 3487 3510 3538 3638 3670 3700 3708 3726 3816 3844 3898 3918 3975 3999 4007 4016 4017 4021 4027
110;8;6 19 25 31 68 115 124 141 143 144 177 181 252 282 323 330 460 547 556 600 630 651 662 686 698 713 748 752 757 763 789 815 832 867 873 879 1000 1002 1032 1098 1118 1121 1131 1154 1196 1197 1240 1264 1363 1368 1401 1435 1468 1548 1551 1615 1797 1831 1840 2018 2139 2150 2275 2301 2373 2497 2527 2540 2565 2570 2667 2774 2805 2807 2895 2926 2982 3026 3033 3037 3054 3074 3119 3131 3189 3271 3382 3413 3455 3485 3487 3510 3529 3538 3638 3670 3700 3708 3726 3816 3844 3898 3918 3975 3999 4007 4016 4017 4021 4027
110;8;6 19 25 31 68 124 141 143 144 177 181 252 282 323 328 330 432 460 547 556 594 600 630 662 686 698 713 748 752 757 763 789 815 832 867 869 873 879 1002 1032 1098 1118 1121 1154 1196 1197 1240 1246 1264 1363 1368 1401 1435 1468 1505 1548 1551 1615 1797 1831 1840 1897 2018 2139 2150 2275 2301 2373 2497 2527 2540 2565 2667 2774 2805 2807 2895 2928 2982 3026 3037 3054 3074 3119 3131 3271 3328 3382 3413 3455 3485 3487 3510 3538 3638 3670 3700 3708 3726 3844 3898 3918 3968 3975 3999 4007 4016 4017 4021 4027
111;8;6 19 25 31 68 124 141 143 144 177 181 252 282 303 323 330 460 547 556 600 630 662 684 686 698 713 748 752 757 763 774 789 808 815 832 867 873 879 1002 1032 1098 1118 1121 1127 1154 1196 1197 1240 1264 1363 1368 1401 1435 1468 1548 1551 1615 1797 1831 1840 1905 2018 2139 2150 2275 2301 2373 2393 2497 2527 2540 2555 2565 2667 2774 2805 2807 2895 2945 2982 3026 3037 3054 3074 3119 3131 3271 3382 3413 3455 3485 3487 3510 3538 3638 3670 3700 3708 3726 3842 3844 3898 3918 3937 3975 3999 4007 4016 4017 4021 4027
111;8;6 19 25 31 68 124 141 143 144 177 181 252 282 312 323 330 460 547 556 600 630 651 662 686 698 713 748 752 757 763 774 789 815 832 867 873 879 1000 1002 1032 1098 1118 1121 1131 1154 1196 1197 1240 1264 1363 1368 1401 1435 1468 1548 1551 1615 1797 1831 1840 1905 2018 2139 2150 2275 2301 2373 2497 2527 2540 2565 2570 2667 2774 2805 2807 2895 2926 2945 2982 3026 3037 3054 3074 3119 3131 3271 3382 3413 3455 3485 3487 3510 3538 3638 3670 3700 3708 3726 3816 3844 3898 3918 3937 3975 3999 4007 4016 4017 4021 4027
111;8;6 19 25 31 68 124 141 143 144 177 181 252 282 323 328 330 460 547 556 600 630 662 686 698 713 748 752 757 763 774 789 815 832 867 869 873 879 1002 1032 1098 1118 1121 1154 1196 1197 1240 1246 1264 1363 1368 1401 1435 1468 1505 1548 1551 1615 1797 1831 1840 1905 2018 2139 2150 2275 2301 2373 2497 2527 2540 2565 2667 2774 2805 2807 2895 2928 2945 2982 3026 3037 3054 3074 3119 3131 3271 3328 3382 3413 3455 3485 3487 3510 3538 3638 3670 3700 3708 3726 3844 3898 3918 3937 3968 3975 3999 4007 4016 4017 4021 4027
111;8;6 19 25 31 68 124 141 143 144 177 181 252 282 303 323 330 460 547 556 600 630 651 662 686 698 713 748 752 757 763 789 808 815 832 867 873 879 1000 1002 1032 1098 1118 1121 1131 1154 1196 1197 1240 1264 1363 1368 1401 1435 1468 1548 1551 1615 1797 1831 1840 2018 2139 2150 2275 2301 2373 2393 2497 2527 2540 2555 2565 2570 2667 2774 2805 2807 2895 2926 2982 3026 3037 3054 3074 3119 3131 3271 3382 3413 3455 3485 3487 3510 3538 3638 3670 3700 3708 3726 3816 3842 3844 3898 3918 3975 3999 4007 4016 4017 4021 4027
112;8;6 19 25 31 68 124 141 143 144 177 181 252 282 303 323 328 330 460 547 556 600 630 662 686 698 713 748 752 757 763 789 808 815 832 867 869 873 879 1002 1032 1098 1118 1121 1154 1196 1197 1240 1246 1264 1363 1368 1401 1435 1468 1505 1548 1551 1615 1797 1831 1840 2018 2139 2150 2275 2301 2373 2393 2497 2527 2540 2555 2565 2667 2774 2805 2807 2895 2928 2982 3026 3037 3054 3074 3119 3131 3271 3328 3382 3413 3455 3485 3487 3510 3538 3638 3670 3700 3708 3726 3842 3844 3898 3918 3968 3975 3999 4007 4016 4017 4021 4027
113;8;6 19 25 31 68 115 124 141 143 144 177 181 252 282 323 328 330 459 460 547 556 600 630 662 686 698 713 748 752 757 763 789 815 832 867 869 873 879 1002 1032 1098 1118 1121 1154 1196 1197 1240 1246 1264 1363 1368 1401 1435 1468 1505 1548 1551 1615 1797 1831 1840 2018 2139 2150 2275 2301 2373 2497 2527 2540 2565 2667 2774 2805 2807 2895 2928 2982 3026 3033 3037 3054 3074 3117 3119 3131 3271 3328 3382 3413 3455 3485 3487 3510 3529 3538 3605 3638 3670 3700 3708 3726 3844 3898 3918 3968 3975 3999 4007 4016 4017 4021 4027
113;8;6 19 25 31 68 124 141 143 144 177 181 252 282 323 328 330 460 547 556 600 630 651 662 686 698 713 748 752 757 763 789 815 832 867 869 873 879 1000 1002 1032 1098 1118 1121 1131 1154 1196 1197 1240 1246 1264 1363 1368 1401 1435 1468 1505 1548 1551 1615 1797 1831 1840 2018 2139 2150 2275 2301 2373 2497 2527 2540 2565 2570 2667 2774 2805 2807 2895 2926 2928 2982 3026 3037 3054 3074 3119 3131 3271 3328 3382 3413 3455 3485 3487 3510 3538 3638 3670 3700 3708 3726 3816 3844 3898 3918 3968 3975 3999 4007 4016 4017 4021 4027
