Tamanho    Peso
257  8710
251  8378
257  8427
283  8692
254  8571
250  8100
253  8428
288  8741
277  8650
261  8602
257  8694
250  8451
259  8813
254  8565
285  8794
287  8732
256  8490
236  8282
252  8727
255  8548
239  8124
253  8231
286  8752
255  8781
278  8596
252  8700
284  8738
246  8669
246  8079
285  8702
252  8393
286  8693
240  7903
251  7929
280  8681
283  8818
258  8611
283  8724
286  8703
283  8641
281  8704
265  8779
253  8444
282  8674
279  8623
287  8730
254  8527
243  8306
259  8590
282  8768

Time taken: 18
