Tamanho    Peso
250  8994
247  8767
256  9095
262  8964
261  9114
251  8592
260  9057
255  9066
255  9032
252  9073
260  9176
265  9207
255  9006
252  8544
264  9270
251  8906
259  9216
256  9125
259  9277
240  8562
256  9199
247  8765
254  9037
255  9016
256  8973
255  9027
252  8807
257  8850
255  9038
247  8873
254  8866
265  9106
268  9472
254  8970
252  9222
262  9116
251  8842
257  9157
258  8752
252  8936
255  9126
244  8845
252  8814
259  9062
259  9226
261  8995
259  9066
252  8891
246  8775
258  9016

Time taken: 20
