Tamanho    Peso
1032  34849
1043  35083
1043  34961
1031  34641
1030  34955
1047  35105
1032  34852
1047  34940
1037  34860
1049  34864
1042  34874
1043  34971
1050  35182
1039  34833
1037  34822
1035  35270
1038  35356
1042  35148
1051  35062
1040  35115
1041  34865
1031  35179
1044  35232
1045  34831
1035  34925
1041  35101
1044  35108
1039  34999
1032  34825
1045  34851
1037  34944
1036  34934
1039  34965
1039  34953
1034  35292
1045  35009
1036  34906
1039  35387
1026  34812
1056  34820
1037  35082
1032  34882
1049  35033
1042  35161
1055  35182
1046  35072
1040  34912
1048  35007
1040  35008
1044  35058

Time taken: 61
