Tamanho    Peso
1029  34677
1035  34635
1043  34683
1041  34724
1033  34774
1035  34903
1030  34690
1037  34647
1031  34670
1031  34705
1033  34676
1036  34762
1035  34719
1046  34964
1047  34776
1035  34721
1035  34823
1040  34824
1036  34933
1037  34825
1038  34788
1034  34733
1045  34732
1040  34756
1037  34784
1035  34718
1035  34854
1028  34599
1033  34524
1027  34448
1022  34714
1039  34973
1038  34811
1031  34951
1034  34909
1032  34769
1036  34636
1035  34655
1033  34790
1036  34781
1036  34623
1035  34708
1031  34740
1037  34803
1038  34802
1039  34779
1031  34554
1026  34467
1035  34788
1034  34690

Time taken: 31
