***********CONSTRUÇÃO**************
ANTES | DEPOIS
0.406177   0.229189
0.4055   0.226803
0.404268   0.220986
0.405617   0.226408
0.40449   0.23244
0.405418   0.231193
0.406273   0.224536
0.403759   0.232484
0.405103   0.227394
0.406163   0.231852
0.405372   0.227365
0.406672   0.227168
0.404357   0.221143
0.405253   0.227502
0.40586   0.230812
0.405235   0.23075
0.406234   0.226103
0.40627   0.232995
0.40542   0.227201
0.405338   0.231551
0.405853   0.228944
0.403761   0.226566
0.405313   0.222947
0.40475   0.226497
0.406364   0.230985
0.405957   0.231712
0.405017   0.225945
0.405091   0.233462
0.404114   0.227146
0.403641   0.232262
0.405236   0.228277
0.404792   0.226572
0.408067   0.222221
0.404409   0.226065
0.406838   0.231594
0.405206   0.231917
0.404093   0.224605
0.405095   0.232108
0.406037   0.227543
0.405502   0.232082
0.40708   0.228788
0.406691   0.228144
0.406652   0.221707
0.404193   0.225458
0.406722   0.231445
0.4048   0.230415
0.406144   0.225623
0.403475   0.23394
0.407974   0.227506
0.405904   0.230808
***********BUSCA LOCAL**************
ANTES | DEPOIS
0.891537   0.30014
0.495083   0.397303
0.484334   0.203306
0.789382   0.19389
0.489295   0.294789
0.592744   0.297994
0.497152   0.201885
0.495619   0.591206
1.17234   0.303854
0.98517   0.295002
0.49548   0.301631
0.788156   0.396819
0.894028   0.203618
0.390109   0.199004
0.495367   0.401608
0.691004   0.497674
0.687638   0.301291
0.699263   0.199277
1.08116   0.393003
0.49765   0.401155
0.79468   0.294521
0.491766   0.198438
1.18061   0.203359
1.0923   0.298066
0.889107   0.393209
0.690609   0.19499
0.993064   0.197512
0.875486   0.391848
0.794102   0.197649
0.880952   0.497972
0.982557   0.291923
0.782883   0.294627
0.598291   0.404737
1.10252   0.196422
0.686146   0.397276
0.793708   0.296724
0.786531   0.591643
0.69434   0.296473
1.09244   0.293624
0.588081   0.200815
1.08121   0.292876
0.292646   0.394243
0.692429   0.203401
0.586656   0.199697
0.693327   0.589276
1.08764   0.393567
1.09648   0.397648
0.394127   0.297001
0.789651   0.199443
0.489129   0.488561
