Tamanho    Peso
1096  35487
1087  35612
1087  35561
1093  35663
1092  35634
1093  35636
1083  35510
1082  35590
1083  35576
1094  35673
1092  35591
1093  35768
1085  35570
1095  35633
1094  35615
1091  35680
1084  35537
1106  35780
1092  35649
1087  35609
1095  35580
1096  35734
1095  35551
1090  35629
1091  35739
1106  35806
1095  35675
1092  35620
1089  35557
1082  35647
1095  35618
1080  35620
1082  35550
1088  35570
1089  35545
1096  35801
1084  35522
1091  35779
1085  35598
1099  35668
1085  35720
1084  35556
1085  35466
1090  35578
1090  35526
1079  35551
1089  35439
1102  35620
1091  35558
1082  35550

Time taken: 27
