***********CONSTRUÇÃO**************
ANTES | DEPOIS
1.65757   1.0794
1.65414   1.06896
1.65442   1.08399
1.65313   1.05535
1.65678   1.05954
1.65957   1.05652
1.65307   1.05623
1.65694   1.07221
1.65519   1.05624
1.6524   1.05889
1.65362   1.07995
1.6559   1.0715
1.65073   1.08589
1.65642   1.05227
1.65831   1.05582
1.65418   1.05408
1.65509   1.05055
1.656   1.07387
1.65304   1.05813
1.6546   1.05651
1.65392   1.07999
1.65547   1.07198
1.65706   1.08453
1.6571   1.05553
1.65551   1.05783
1.65595   1.05787
1.65503   1.0547
1.65336   1.0711
1.65332   1.05374
1.65243   1.05748
1.65261   1.07664
1.65941   1.06795
1.65186   1.08433
1.65556   1.05098
1.65652   1.0549
1.65389   1.05651
1.65628   1.05362
1.65847   1.07332
1.65569   1.05565
1.65371   1.05349
1.65218   1.07829
1.65565   1.07204
1.65484   1.08428
1.65044   1.0513
1.65789   1.05811
1.65408   1.05511
1.65091   1.05248
1.65282   1.06983
1.65603   1.05432
1.6583   1.05778
***********BUSCA LOCAL**************
ANTES | DEPOIS
2.61942   0.881062
3.97291   0.883301
3.4939   0.894835
2.16956   0.889216
2.20953   0.89965
2.60589   0.906099
2.18351   0.890918
2.17072   0.88839
3.51463   0.896617
5.71803   0.890188
3.51529   0.887618
3.08793   0.894961
2.18846   0.897102
2.64433   0.895115
3.50109   0.893071
2.63933   0.89211
2.59795   0.887826
1.29488   0.900245
2.6278   0.880756
2.63685   0.894334
2.18002   0.886228
1.73259   0.891226
3.06964   0.902927
5.70814   0.897255
2.18241   0.907345
2.61971   0.899241
3.49126   0.897514
3.50401   0.863239
2.62417   0.887448
1.31913   0.889763
1.74636   0.893472
3.48082   0.899028
2.6037   0.880408
5.69378   0.892661
1.752   0.906069
2.62136   0.877387
2.19797   0.901592
1.7385   0.886336
2.62095   0.895203
3.08429   0.895125
1.75174   0.891072
2.16737   0.895978
2.64694   0.875267
1.72596   0.879667
2.1798   0.897504
1.75487   0.882837
2.20303   0.878486
3.94895   0.895195
2.1707   0.878906
3.05446   0.890858
