***********CONSTRUÇÃO**************
ANTES | DEPOIS
0.218061   0.144054
0.217538   0.13197
0.216989   0.139883
0.213306   0.136695
0.217526   0.129941
0.216539   0.138756
0.218164   0.127036
0.214455   0.140486
0.214973   0.130448
0.218077   0.129786
0.220819   0.140216
0.218214   0.13103
0.22126   0.140051
0.216487   0.136066
0.218212   0.130108
0.218899   0.138714
0.214772   0.127271
0.214682   0.1406
0.219212   0.129912
0.214656   0.129895
0.218409   0.139286
0.216936   0.130885
0.218651   0.139762
0.219108   0.137891
0.217801   0.130245
0.215997   0.139138
0.217569   0.127147
0.215577   0.13974
0.219416   0.130144
0.216419   0.13008
0.218904   0.140156
0.219637   0.131613
0.216509   0.139521
0.217957   0.137375
0.218043   0.130059
0.216376   0.13817
0.218175   0.127261
0.217015   0.140526
0.220556   0.13029
0.217427   0.130237
0.217649   0.140141
0.217208   0.131449
0.21622   0.139857
0.21619   0.136312
0.218594   0.130577
0.221416   0.138756
0.22004   0.126783
0.221091   0.141174
0.216503   0.13018
0.213616   0.129896
***********BUSCA LOCAL**************
ANTES | DEPOIS
0.121773   0.122186
0.114902   0.126028
0.111493   0.130392
0.125684   0.130739
0.123221   0.122175
0.127495   0.133492
0.130202   0.131246
0.123879   0.125307
0.128729   0.130726
0.134441   0.131026
0.124614   0.117219
0.123477   0.128336
0.125573   0.1283
0.129254   0.137087
0.12337   0.13577
0.118075   0.129749
0.181503   0.13102
0.120476   0.133283
0.132631   0.133945
0.121406   0.124568
0.113478   0.125958
0.131621   0.130821
0.121593   0.132899
0.12302   0.186168
0.116827   0.126627
0.122293   0.132673
0.121484   0.123793
0.117813   0.135586
0.244834   0.130179
0.124953   0.120475
0.120519   0.130703
0.175186   0.13062
0.122912   0.12591
0.246215   0.121551
0.128707   0.136486
0.122889   0.132143
0.184595   0.124494
0.115858   0.131338
0.131651   0.127929
0.11567   0.121653
0.123201   0.143584
0.125978   0.122373
0.236142   0.136083
0.115847   0.124761
0.117972   0.132863
0.190138   0.130642
0.108196   0.1302
0.19164   0.248316
0.118668   0.132252
0.117279   0.123216
