Tamanho    Peso
278  8278
286  8301
286  8371
280  8320
284  8308
284  8268
282  8299
281  8252
287  8427
280  8341
285  8346
285  8259
286  8367
283  8452
287  8334
287  8406
269  8392
284  8393
288  8214
283  8364
289  8389
283  8347
287  8567
284  8254
286  8501
286  8230
279  7985
286  8469
250  7861
282  8450
284  8223
268  8200
284  8374
246  7866
288  8309
284  8416
240  7960
284  8242
285  8329
280  8187
281  8199
276  8053
249  7961
284  8387
285  8257
249  8016
286  8306
257  8307
285  8401
282  8309

Time taken: 18
