***********CONSTRUÇÃO**************
ANTES | DEPOIS
0.482131   0.288244
0.482579   0.285974
0.481901   0.288194
0.482663   0.283754
0.483001   0.287404
0.483205   0.28495
0.480362   0.284198
0.480943   0.283497
0.483939   0.283868
0.483877   0.281091
0.48226   0.285297
0.484247   0.286208
0.483405   0.28902
0.48202   0.283334
0.482045   0.286984
0.481124   0.285269
0.481706   0.28505
0.480718   0.283358
0.481402   0.283638
0.480593   0.28144
0.480354   0.285461
0.482055   0.286604
0.482482   0.288514
0.483848   0.283766
0.480508   0.285952
0.481263   0.285014
0.480748   0.285265
0.481842   0.28332
0.481838   0.284487
0.48229   0.281083
0.480205   0.285186
0.48124   0.285818
0.481132   0.288442
0.482766   0.284559
0.480894   0.286287
0.483683   0.286583
0.48051   0.285214
0.482397   0.284068
0.482166   0.283685
0.48209   0.281252
0.481089   0.285628
0.483472   0.286343
0.481274   0.287934
0.481399   0.283832
0.482019   0.287418
0.482835   0.285941
0.482287   0.285142
0.483176   0.283561
0.482528   0.284149
0.481193   0.281456
***********BUSCA LOCAL**************
ANTES | DEPOIS
0.49642   0.251004
0.991684   0.253724
0.740529   0.497993
0.497192   0.252528
0.617169   0.246734
0.862786   0.24854
1.12262   0.253336
0.36391   0.254321
1.38114   0.25343
1.00428   0.249278
0.616265   0.251991
0.500425   0.247359
0.4979   0.251431
0.870643   0.254062
0.624538   0.25355
2.0021   0.247749
0.614175   0.252735
0.870588   0.366865
1.23772   0.251357
0.626336   0.253056
0.755876   0.253667
0.748932   0.252826
1.3736   0.377227
0.864889   0.247297
0.743466   0.258191
0.611632   0.255298
0.61568   0.251705
1.12228   0.247812
0.622886   0.252736
1.1174   0.252232
0.873854   0.25117
1.23724   0.250849
0.62613   0.253316
0.366283   0.252712
0.750583   0.25684
1.62484   0.252923
1.00082   0.247796
0.36768   0.257921
0.62085   0.253409
0.867667   0.256877
1.48932   0.254411
1.23448   0.253575
0.745835   0.250771
0.4946   0.250675
0.500553   0.244276
0.490229   0.251026
0.743857   0.253496
0.745845   0.250483
0.746102   0.248954
0.870088   0.254085
