Tamanho    Peso
1710  56374
1695  56593
1717  56611
1694  56486
1705  56573
1713  56658
1700  56384
1688  56546
1700  56920
1692  56273
1700  56454
1699  56568
1701  56718
1692  57007
1697  57143
1710  56534
1686  56007
1693  57250
1684  56768
1693  56830
1708  56904
1703  57083
1705  57111
1698  56495
1701  56270
1711  56793
1710  56378
1698  56538
1707  56019
1708  56697
1692  56033
1699  56559
1709  56278
1697  56476
1688  56311
1701  56577
1688  56992
1675  56098
1708  56395
1701  56437
1693  56346
1687  56706
1702  56072
1687  56120
1689  57064
1717  56640
1715  56375
1706  56823
1719  56636
1711  56419

Time taken: 214
