Tamanho    Peso
1691  56178
1693  55946
1686  55917
1701  56214
1700  55914
1700  55951
1694  56019
1691  55897
1690  55887
1698  55960
1699  56134
1695  55888
1694  56060
1704  56115
1699  56027
1695  55990
1697  56027
1698  55865
1696  55921
1693  56015
1696  56151
1697  55907
1695  56020
1695  56081
1712  56258
1694  56061
1695  56107
1705  56108
1697  55936
1689  55930
1696  55981
1692  56017
1706  55918
1717  56226
1698  56025
1690  55959
1684  55926
1693  56027
1700  56052
1698  55881
1697  56155
1692  56004
1698  55835
1707  56168
1710  55968
1694  56018
1687  55835
1697  55951
1701  55892
1688  55958

Time taken: 103
