***********CONSTRUÇÃO**************
ANTES | DEPOIS
1.66013   1.0887
1.65616   1.06995
1.66172   1.07443
1.65316   1.08552
1.65694   1.08472
1.65683   1.07261
1.65676   1.07245
1.65649   1.06855
1.66282   1.07136
1.65926   1.07473
1.6604   1.08755
1.6599   1.07276
1.65649   1.0757
1.6571   1.08269
1.65874   1.08645
1.65596   1.0703
1.66001   1.07747
1.66008   1.07236
1.65705   1.07323
1.6561   1.07475
1.66249   1.08781
1.66133   1.07127
1.65778   1.07215
1.65695   1.08462
1.65577   1.08493
1.65741   1.06985
1.65896   1.07746
1.65804   1.07082
1.65905   1.07301
1.65715   1.07375
1.65678   1.08723
1.66118   1.07304
1.65465   1.07509
1.66116   1.08484
1.65438   1.09377
1.65483   1.06826
1.65795   1.07088
1.65937   1.06779
1.65845   1.07279
1.66324   1.076
1.65913   1.08775
1.65675   1.07136
1.65871   1.07437
1.65967   1.0858
1.65585   1.08581
1.6612   1.07231
1.65834   1.06922
1.65883   1.06831
1.66103   1.07269
1.65419   1.07269
***********BUSCA LOCAL**************
ANTES | DEPOIS
3.47415   0.880389
1.29883   0.868319
3.44053   1.32117
2.1817   1.32024
2.60239   0.88094
2.15112   0.87838
5.24356   0.87971
2.16819   0.890214
1.29239   1.30557
2.60464   0.876958
2.59162   0.862925
2.19971   0.868532
3.05691   1.75935
1.29357   0.862418
1.28785   1.74192
3.48521   0.860063
2.60214   0.870936
1.29852   0.863901
1.72419   0.883351
1.28802   0.859241
1.71111   0.868327
1.72812   0.8768
1.28106   0.86946
3.04616   0.873091
3.47436   0.86932
2.17652   0.87031
3.03179   1.75038
2.17455   0.869484
4.80162   0.866632
2.18382   0.871679
3.04359   0.873916
3.03541   0.874115
4.33375   0.881316
2.17804   1.74228
3.93228   1.30065
1.72565   0.876061
1.28362   0.886008
2.16769   1.33068
3.03379   0.883101
2.15845   0.883772
2.59478   0.889265
2.16674   0.880204
4.32331   0.873248
3.85351   0.88531
1.28598   0.878938
2.17251   0.874911
4.38321   0.865952
2.61354   0.87619
3.05187   0.864008
4.3555   0.872322
