Tamanho    Peso
1037  34663
1033  34691
1039  34574
1033  34712
1030  34540
1036  34621
1031  34570
1030  34552
1031  34571
1030  34542
1038  34715
1033  34508
1033  34460
1039  34727
1030  34682
1041  34756
1029  34701
1028  34448
1032  34572
1034  34590
1035  34661
1033  34618
1033  34608
1040  34756
1034  34621
1044  34761
1028  34513
1034  34628
1035  34702
1032  34580
1038  34830
1035  34626
1035  34453
1040  34712
1031  34404
1038  34778
1035  34702
1033  34662
1033  34594
1036  34535
1037  34712
1029  34561
1034  34542
1030  34621
1035  34392
1036  34737
1034  34693
1023  34593
1036  34501
1030  34516

Time taken: 28
