Tamanho    Peso
1033  34957
1049  35059
1039  35051
1037  34975
1045  34915
1042  34687
1042  35036
1033  35063
1040  34889
1029  34660
1035  35142
1035  35142
1035  34993
1041  34927
1041  34934
1035  34993
1045  34958
1042  34988
1046  35366
1043  35135
1043  35270
1043  35288
1050  35075
1038  34808
1043  35056
1039  34638
1031  34950
1043  34863
1026  34995
1036  35328
1036  34798
1038  34794
1041  35059
1040  35102
1036  35167
1037  35020
1046  35045
1042  35023
1049  35185
1036  34963
1048  35039
1047  34924
1038  34777
1048  35181
1038  34880
1043  34849
1038  34853
1038  34618
1043  35185
1043  34890

Time taken: 62
