Tamanho    Peso
258  8635
255  8665
237  7766
253  7607
255  7667
254  7625
245  7348
254  7699
256  7679
256  7688
257  8627
254  8585
237  7751
253  7666
255  7610
256  7596
244  7293
253  7643
258  7673
258  7741
255  8539
257  8745
242  7877
252  7617
256  7682
252  7574
246  7373
253  7653
254  7561
258  7677
255  8552
257  8710
240  7965
253  7676
253  7597
255  7671
244  7311
255  7657
257  7726
256  7703
255  8604
259  8637
238  7862
255  7739
255  7632
254  7604
245  7373
253  7631
254  7597
256  7710

Time taken: 12
