10312
4	105
60	9
96	28
84	2
60	54
63	34
74	105
97	1
41	30
97	238
6	133
54	2
95	7
72	34
99	181
92	70
66	42
22	3
68	13
17	8
95	7
8	21
3	3
3	3
94	17
76	19
83	7
49	105
14	47
50	2
13	1
66	3
96	69
91	15
97	5
42	59
38	28
11	2
56	6
35	33
12	25
52	3
43	25
75	4
23	17
21	81
69	7
65	36
25	36
78	50
66	7
64	4
19	3
47	6
87	17
75	1
43	1
49	16
29	2
94	3
99	3
38	14
51	19
82	2
61	184
48	45
30	35
81	4
37	3
74	4
12	13
25	93
78	1
43	1
48	1
9	2
49	40
16	8
52	2
27	33
7	61
90	164
89	4
36	109
1	5
99	6
61	5
18	142
96	31
49	24
48	5
40	59
7	96
99	7
55	3
21	1
3	11
49	3
85	35
67	8
97	9
49	21
92	3
99	10
29	27
34	1
56	21
24	40
32	17
71	6
99	7
100	1
5	3
43	50
36	41
78	1
29	14
92	30
95	13
60	1
37	1
51	3
18	27
5	49
47	5
88	5
18	40
97	656
86	200
15	1
51	9
4	4
21	1
52	17
86	6
93	84
7	2
66	7
68	1
26	5
97	1
59	3
99	13
39	11
46	6
57	17
100	1
80	37
59	7
38	28
45	24
70	3
25	5
27	72
8	9
59	2
16	2
21	37
24	80
2	8
16	22
22	1
21	4
39	1
35	15
27	1
11	47
81	2
34	5
79	4
11	13
97	1
6	33
44	146
29	13
2	795
54	1
63	1
75	27
6	7
82	1
39	24
32	13
78	70
79	5
58	37
93	4
67	47
24	4
31	6
55	2
99	12
7	4
35	2
67	105
42	12
75	4
39	2
51	34
23	4
24	9
70	1
38	3
18	16
98	29
16	20
84	47
13	87
80	10
74	7
90	40
45	3
99	84
22	43
2	23
30	1
75	6
94	9
86	594
77	15
63	20
88	5
59	6
87	4
50	12
35	64
79	1
6	82
65	213
77	1
22	116
91	78
8	699
13	56
99	4
29	2
81	15
58	1
19	114
28	2
7	4
10	14
44	83
13	11
42	54
74	79
51	33
11	11
52	23
4	5
64	2
62	3
99	1
87	16
66	9
88	2
80	8
9	12
11	10
83	1
14	29
19	5
23	7
75	1
56	34
75	38
61	67
66	8
58	379
79	2
18	1
99	14
14	6
23	19
31	6
80	28
64	25
61	30
30	43
12	7
64	17
7	7
26	212
86	1
76	67
10	68
81	49
93	178
18	2
21	8
72	59
45	12
1	3
74	3
43	119
19	13
75	2
81	8
50	41
36	13
33	94
70	13
9	5
10	2
29	16
26	107
34	8
40	25
30	2
68	4
1	37
29	4
16	6
28	17
78	28
41	71
63	21
26	1
24	15
49	6
69	2
56	6
48	2
87	3
63	57
1	2
45	2
91	23
90	16
28	6
84	15
29	5
30	16
17	22
45	62
60	19
90	13
66	1
14	53
18	8
10	16
92	44
46	106
65	7
51	8
54	12
12	134
79	24
91	15
97	6
63	2
47	8
23	79
93	1
16	3
17	66
79	28
31	4
41	7
63	19
39	5
24	41
1	4
94	55
1	36
26	4
97	6
67	17
36	12
12	46
73	23
80	12
35	46
80	114
56	149
17	12
10	50
47	6
45	59
1	1
81	12
60	14
3	66
53	85
89	2
93	4
91	2
65	2
33	48
3	1
37	10
86	29
10	10
8	816
24	216
51	35
38	4
33	5
87	272
30	103
100	16
37	6
45	7
70	86
48	21
16	48
42	1
34	1
85	23
9	18
52	8
63	4
20	6
29	23
84	16
81	6
31	64
77	5
21	161
51	15
70	4
56	99
19	84
66	101
33	1
14	30
84	4
25	2
24	15
61	10
63	11
42	57
62	13
68	2
69	2
6	5
89	42
53	17
53	18
14	4
96	27
20	7
55	2
86	9
50	6
37	1510
91	160
57	52
100	1048
37	21
47	1
58	2
6	7
45	42
32	2
94	7
89	60
11	62
14	51
73	73
46	2
78	11
90	60
91	1
63	56
61	11
73	21
47	2
32	18
88	7
53	1
94	37
50	4
35	62
4	3
77	75
19	1
88	7
93	8
2	41
8	11
67	40
84	4
10	49
7	17
81	7
81	29
51	75
82	21
45	22
48	9
37	42
80	17
27	37
5	2
78	5
93	17
96	19
8	18
94	53
57	330
25	7
1	80
72	38
64	22
19	80
41	4
30	1
83	39
91	2
87	2
3	5
63	33
7	17
7	6
36	12
26	40
53	48
86	18
60	46
91	2
65	2
88	6
3	2
53	10
9	86
65	16
69	13
61	3
1	6
79	16
83	36
47	280
82	141
10	25
38	9
74	55
83	4
99	13
83	16
31	11
93	66
53	35
74	173
40	16
85	1
62	30
25	31
53	9
45	38
50	12
13	8
87	71
88	27
33	1
39	586
12	1
9	9
43	16
81	153
61	30
3	5
83	2
34	1
37	82
48	33
11	5
13	1
8	9
33	70
21	15
2	1
53	1
100	20
96	4
81	15
97	6
82	42
15	4
66	3
93	33
89	19
25	32
52	9
5	140
71	62
7	22
13	36
86	15
58	29
96	1
41	16
78	12
22	9
36	4
94	12
52	12
35	31
40	6
60	3
73	16
73	16
6	3
42	2
1	1
27	15
41	11
39	1
88	10
61	87
51	22
7	3
41	3
82	3
30	202
27	9
74	5
37	24
89	15
73	45
29	13
37	19
18	1
87	9
39	1
33	9
5	2
95	7
84	41
76	11
68	2
19	69
54	2
24	1
33	2
34	1
100	17
82	10
97	67
74	10
18	3
76	5
49	5
19	13
98	2076
44	23
1	409
11	3
70	42
99	38
82	10
67	99
54	1
50	30
71	6
88	3
33	30
14	16
38	13
12	4
31	47
4	57
21	126
36	14
48	10
48	62
69	1502
14	2
65	15
23	29
37	7
78	1
26	26
49	11
76	20
1	6
19	66
88	21
18	167
33	11
60	9
50	4
45	19
2	36
77	1
99	10
38	171
34	21
19	5
29	16
46	46
3	4
34	1
6	82
16	70
72	69
21	27
7	13
35	4
77	27
35	3
75	7
3	2
87	60
94	1
67	12
45	11
58	11
63	10
84	4
5	14
57	23
79	9
42	1
74	5
27	5
97	2
32	2
13	131
71	19
86	32
48	4
62	2
63	39
20	32
1	47
53	1
100	21
23	33
48	9
63	34
4	45
27	59
9	1
57	32
49	5
72	26
75	9
53	1522
56	37
83	8
99	8
17	3
69	11
43	14
87	274
90	2
15	8
28	3
59	226
6	12
78	4
56	149
61	1
89	162
84	2
75	143
61	9
84	17
34	71
97	29
83	4
61	2
6	5
72	5
24	24
71	23
5	6
6	50
38	48
84	92
69	5
6	23
5	20
10	21
20	18
9	11
96	52
3	1
61	1
17	7
55	4
41	4
17	3
28	10
44	10
78	4
74	4
92	31
76	18
16	58
12	819
1	7
97	79
60	7
81	1
96	8
66	151
47	3
34	78
39	1
89	5
40	32
51	2
40	3
89	46
73	117
82	6
58	13
79	27
90	11
96	54
47	6
74	44
99	1
70	3
36	43
5	1
72	3
10	30
33	1
69	2
49	18
81	2
32	7
75	19
70	7
11	45
88	22
12	3
90	48
75	1
44	10
52	17
34	51
30	11
11	14
74	14
52	23
17	184
65	2
9	7
66	10
54	11
2	25
90	9
50	1
20	19
44	1
64	11
35	35
47	5
42	50
56	4
26	2
29	95
67	5
75	386
7	21
36	46
97	10
2	10
42	54
43	68
43	41
65	3
50	568
74	3
35	5
36	17
5	4
53	14
52	97
7	15
59	2
17	74
19	40
52	302
91	1
48	37
51	5
63	1
79	10
43	8
21	1
76	2
94	157
99	25
7	7
7	1
99	11
19	41
93	5
81	12
16	20
21	3
44	26
18	3
22	3
87	108
37	42
18	83
90	3
79	6
73	4
12	11
59	23
40	42
52	2
39	12
51	167
84	7
93	6
69	28
12	6
56	2
21	42
82	35
93	2
10	17
96	46
36	57
3	7
10	3
98	6
24	42
58	66
47	44
12	69
15	5
21	1
76	50
47	3
4	15
21	3
56	1
86	12
74	2
70	52
46	1
34	2
20	12
33	91
92	4
80	3
71	39
28	6
45	6
7	3
65	125
65	33
98	1
63	1
42	7
58	14
52	2
13	9
82	11
36	1
40	6
32	20
70	1
8	23
85	248
66	232
44	51
72	46
84	23
65	255
19	174
68	2
13	2
44	2
76	5
72	1
97	11
26	7
13	2
84	3
99	1
49	50
31	22
83	5
7	6
95	1
69	27
98	24
94	7
79	9
23	8
36	177
56	9
36	1
46	21
21	80
21	204
85	6
94	53
21	20
66	1
28	408
28	2
19	45
69	13
94	1
51	1
9	41
42	3
78	1184
67	28
82	23
20	35
42	3
37	5
64	4
28	3
40	7
19	7
80	12
59	68
77	5
5	3
18	1
84	12
36	42
46	20
41	19
87	2
81	10
95	21
77	4
38	17
81	7
74	21
42	4
88	16
44	18
6	16
94	3
9	5
91	83
50	149
70	11
65	2
10	2
45	36
37	94
3	2
89	6
80	1
12	28
51	1
11	5
16	14
44	72
36	3
29	15
18	10
72	3
99	14
45	6
68	2
28	1
50	4
49	8
97	2
100	4
67	7
54	6
65	14
10	6
36	1
37	6
88	5
38	307
90	18
85	8
68	5
78	26
80	19
50	28
90	8
27	2
11	6
41	2
81	3
80	1
88	2
72	4
76	3
16	2
96	1
25	5
64	53
83	2
32	2
22	5
86	5
28	20
32	8
27	8
18	4
32	6
26	1
83	7
64	12
70	8
50	23
73	146
100	191
59	24
44	3
3	2
32	3
76	2
49	2
78	38
12	1
26	1
12	1
90	10
10	7
86	10
56	19
23	30
69	3
37	9
12	15
40	1
72	2
9	3
22	27
42	14
47	5
22	23
79	374
37	8
73	1
46	4
35	7
35	100
100	83
67	1
14	9
10	2
26	181
61	39
9	1
83	26
22	11
17	49
18	23
88	2
78	6
22	111
5	28
67	4
30	56
71	2
92	83
32	2
51	1
67	28
46	33
65	93
57	7
19	5
37	2
20	2
42	14
78	1
48	316
6	12
77	1
72	13
8	4
88	38
46	2
68	6
7	10
10	1
17	30
40	11
85	2
19	3
51	1
76	4
92	2
27	46
9	58
40	50
4	8
26	8
33	13
92	5
29	491
5	2
33	13
99	8
55	4
96	8
65	47
55	3
56	6
27	13
30	342
83	6
97	5
85	26
5	5
71	4
82	23
78	67
70	2
83	8
97	4
81	70
53	52
20	87
67	40
75	7
68	18
84	6
69	4
96	9
96	2053
57	58
92	1
43	47
66	1
37	58
7	74
26	2
55	3
70	70
47	9
20	1
4	34
29	1
70	2
48	46
41	8
46	100
43	47
44	4
65	142
22	3
100	11
33	12
96	14
26	4
49	42
7	1
99	3
28	29
62	14
90	82
31	1
37	13
75	3
33	24
64	1
13	15
52	5
69	3
50	3
40	30
43	1
5	23
36	14
65	12
11	8
2	402
41	62
66	30
74	25
5	26
55	9
3	1
65	1
5	1
69	8
67	306
46	279
55	11
7	66
30	15
25	5
9	11
73	121
79	76
23	18
86	28
55	1
35	3
11	76
36	35
38	11
41	37
77	18
16	15
66	1
99	31
27	7
55	1
33	7
100	15
72	2
36	5
25	33
49	8
64	10
65	3
90	15
36	21
3	5
48	3
47	1
11	40
5	33
28	22
2	1
95	87
64	2
4	132
51	16
74	340
88	26
19	2
98	2
95	6
8	4
20	3
92	1
30	2
47	6
84	23
36	14
25	5
60	19
38	4
32	31
28	3
52	5
48	2
3	189
100	61
37	47
15	1
49	3
76	7
5	170
47	1
41	4
42	19
3	1
15	354
93	2
4	194
92	12
44	6
46	6
4	35
15	12
9	6
66	11
10	42
95	4
14	5
30	29
87	20
86	4
17	2
47	203
74	1
24	182
31	126
65	61
2	6
56	6
93	31
98	1
43	18
61	1
30	7
12	143
22	80
69	29
27	1
11	7
4	169
22	1
54	3
20	42
16	15
68	43
48	47
62	54
60	10
46	36
12	10
58	25
58	12
24	8
45	5
88	14
19	163
34	425
46	1
30	164
80	3
21	31
66	432
69	42
55	47
18	14
75	62
52	45
5	22
67	167
60	5
96	15
15	7
53	6
35	1
73	6
82	6
45	3
26	11
28	5
78	8
99	1
72	4
35	18
28	12
76	10
8	12
68	65
4	34
86	3
5	34
56	9
55	44
89	3
16	35
65	4
64	1
49	3
16	5
62	53
88	6
33	174
60	60
69	98
23	91
5	119
16	7
16	2
63	8
55	9
23	25
26	1
85	3
73	351
61	4
46	37
75	2
95	6
81	2
1	1
20	139
33	5
16	1
10	131
56	19
59	2
86	6
68	23
10	38
73	8
79	5
69	1
47	2
39	21
77	39
33	5
43	41
36	10
64	58
87	60
12	11
53	171
28	22
18	2
12	41
58	8
59	10
95	5
41	6
35	61
71	24
18	8
83	115
74	5
49	6
21	65
56	1
8	4
44	5
24	173
18	48
49	213
11	1
84	7
27	2
73	12
88	33
13	23
94	115
67	4
97	2
53	1
11	12
39	8
88	3
66	6
46	5
84	4
61	7
60	19
88	3
88	3
73	6
96	10
38	2
59	2
1	13
90	1
74	1
69	26
41	1
21	108
52	30
94	18
74	24
50	1
88	63
39	27
37	4
77	10
95	1
63	8
49	25
10	28
31	7
38	10
16	7
57	3
13	1
78	5
55	2
50	9
16	1
54	18
21	2
81	64
69	81
14	3
95	14
43	3
5	25
48	160
90	4
86	4
57	54
92	5
93	11
57	56
81	4
63	2
43	3
20	1
86	3
80	9
60	2
8	6
5	2
35	171
62	6
100	2
38	11
33	7
35	211
42	1
50	63
16	5
99	133
55	22
72	25
67	4
7	2
99	3
81	7
9	4
57	5
65	2
2	3
29	1
38	4
51	102
26	8
31	22
5	1
60	3
71	68
11	3
53	5
45	5
95	1
79	3
13	3
49	5
92	1
2	2
99	51
67	1
74	54
100	9
87	2
58	5
86	1
90	13
81	1
22	18
39	2
30	199
47	3
68	11
7	1
18	11
78	15
80	17
38	3
33	218
91	175
36	6
61	8
17	83
11	2
68	11
42	1
3	19
27	117
78	1
96	5
89	8
84	25
27	36
99	1
48	1
100	2
68	7
60	1
54	4
74	237
71	23
22	3
7	4
100	28
32	5
32	13
19	1
39	13
39	17
56	10
30	2
68	40
67	3
81	1
50	3
45	142
73	2
49	26
65	7
15	2
94	5
67	2
12	3
9	1
46	2
87	32
22	4
25	3
86	1
60	36
11	45
10	14
21	7
65	4
6	1
32	10
77	32
63	43
59	1
90	31
90	48
83	30
35	7
100	7
12	4
58	11
67	14
60	3
77	10
72	8
55	39
34	5
5	8
72	8
23	5
18	1
41	34
23	31
59	127
98	270
85	3
95	11
26	77
89	14
30	2
36	136
67	4
67	5
69	1
37	32
51	42
2	10
58	1
70	2
50	41
38	82
26	318
88	13
38	3
4	9
40	23
55	17
60	1
80	5
59	3
70	2
22	88
3	1
100	2
95	24
43	1
39	1
17	5
22	18
54	4
77	15
16	74
51	39
51	2
55	7
98	7
21	5
48	1
2	7
99	104
99	38
32	3
12	37
63	114
6	35
62	19
13	14
64	11
4	4
98	10
27	19
83	4
18	23
74	15
28	3
18	17
17	118
63	30
49	6
65	22
96	10
87	3
55	119
76	5
16	150
68	13
19	24
92	111
31	31
58	3
42	192
88	4
77	1
38	10
30	13
31	23
32	38
85	21
19	4
96	5
32	206
79	35
17	1
42	9
39	13
9	2
79	4
90	4
49	1
31	11
33	6
2	89
30	10
2	339
46	60
85	5
64	14
84	15
36	37
78	5
28	33
54	94
85	2
60	13
74	2
10	7
3	2
22	4
2	12
83	2
24	4
28	31
33	2
70	3
88	1
95	46
37	36
73	10
95	2
54	8
26	18
25	2
31	11
64	9
74	37
30	29
17	165
88	10
72	14
22	4
56	13
78	4
67	4
66	11
33	41
80	51
86	4
39	69
3	49
99	33
52	72
76	1
90	1
22	3
24	1
72	625
14	43
75	6
50	28
45	4
11	1
40	4
80	16
64	2
32	4
61	4
42	103
55	49
51	251
44	8
22	5
5	7
15	23
19	9
71	100
45	35
38	10
28	33
66	8
55	28
5	5
84	80
56	10
81	213
66	14
32	8
90	39
26	24
18	26
19	4
10	3
68	39
3	48
20	15
90	5
21	3
94	4
44	59
94	21
6	4
99	110
49	9
76	5
95	36
21	4
81	3
79	10
81	1
48	7
54	42
26	1
83	238
30	1
67	19
53	13
33	263
61	11
42	5
59	17
82	1
100	1
13	2
62	8
15	37
44	9
98	6
94	2
40	24
9	1
49	25
31	9
15	38
65	33
79	8
43	14
58	15
74	4
75	41
66	1
48	2
9	1
30	2
28	18
28	2
28	1
48	9
8	2
52	1
69	3
99	143
94	134
4	3
77	1
6	2
19	4
55	5
1	15
81	122
57	32
15	1
36	11
45	20
75	32
20	1
83	1
5	18
26	1
95	14
89	6
48	6
56	12
87	16
37	67
35	7
27	38
81	23
62	3
10	8
26	25
30	37
46	3
35	7
45	43
77	17
32	207
92	4
77	103
46	2
97	16
10	48
28	5
89	11
20	53
76	3
78	9
56	9
42	9
46	9
71	38
23	2
49	8
93	2
96	2
42	19
18	1
18	2
97	1
38	30
56	16
64	1
22	42
9	1
9	259
1	12
32	8
32	3
88	4
57	1
14	5
78	22
52	33
31	4
54	1
16	171
33	1
46	2
98	6
68	6
64	66
88	52
42	5
74	56
47	2
68	20
79	2
94	36
93	111
31	33
44	70
10	6
77	8
33	176
13	1
32	13
72	8
22	38
43	6
47	82
77	1
1	17
11	2
90	44
70	53
100	2
17	4
93	1
17	6
20	12
30	101
57	17
74	47
66	32
77	3
57	115
30	370
13	5
2	8
95	54
25	19
89	1
7	165
38	173
10	12
56	6
64	3
92	24
93	1
57	5
25	39
75	33
73	21
97	21
44	8
49	3
89	12
12	1
22	12
70	6
10	75
22	1
88	9
62	3
25	2
1	65
34	9
6	27
17	8
31	73
45	2
27	4
68	4
80	27
40	15
72	29
77	1
74	21
9	4
47	7
56	9
34	1
26	3
46	3
93	7
54	14
7	58
22	1
23	6
67	8
5	1
14	12
34	28
96	19
73	2
27	23
42	2
20	18
2	111
13	1
93	14
84	337
51	3
29	7
62	13
38	6
85	2
99	139
90	14
12	18
88	12
94	14
1	1
100	1
30	3
49	22
82	38
24	28
92	9
8	79
100	1
71	2
48	65
54	5
14	1
50	9
7	36
82	3
8	3
14	73
97	26
62	6
97	80
14	5
89	9
45	11
70	10
76	83
35	12
57	421
98	12
1	70
53	5
16	5
67	5
48	25
94	5
45	38
45	10
81	2
30	1
25	14
91	7
67	2
33	5
25	23
81	206
38	3
11	1
44	1
33	6
44	215
51	1
67	4
45	17
32	6
24	7
77	44
8	11
43	51
18	15
74	1
96	3
34	1
16	33
35	2
19	14
78	11
18	13
68	34
43	38
41	9
7	39
85	13
12	30
58	30
46	27
31	57
94	1
98	3
93	2
60	1
15	301
84	3
33	2
46	1
2	7
45	1
55	4
26	1
60	2
47	2
18	1
49	2
94	47
23	9
82	2
1	7
23	8
80	1
87	1
82	5
15	45
100	18
11	27
34	1
64	7
26	24
10	6
96	9
71	4
44	23
57	60
52	1
81	3
34	33
12	4
11	47
44	1
94	2
38	4
75	27
59	3
35	50
25	56
74	9
4	13
52	6
14	1
39	3
38	2
16	2
38	1
74	1
87	1
39	3
45	1
78	5
65	6
23	24
97	29
36	5
66	46
60	1
42	1
76	68
21	85
79	25
69	14
95	20
70	5
31	5
97	26
69	2
75	33
50	60
92	4
72	5
24	1
39	3
81	1
43	46
8	2
63	3
76	2
31	1
41	1
62	2
73	183
50	3
26	17
70	15
35	2
77	25
76	14
74	7
84	4
60	31
40	10
67	161
30	5
11	361
9	4
59	20
7	1
32	98
10	152
100	13
46	104
6	1
46	5
80	19
99	29
19	1
13	73
5	41
33	12
16	9
91	18
78	742
85	45
80	1
14	14
41	9
58	25
83	48
77	2
31	22
52	7
64	26
86	306
10	4
87	1
64	5
2	15
78	4
2	3
31	5
88	3
77	3
69	27
100	3
72	2
19	6
35	67
39	1
2	41
43	4
24	3
68	6
98	3
62	7
54	5
17	4
14	3
89	1
55	2
78	8
74	6
1	11
30	7
32	1
38	3
22	13
31	141
37	57
38	251
31	32
41	10
35	8
44	6
40	5
67	2
24	19
17	1
51	40
14	2
80	19
8	1
63	1
93	48
19	37
48	58
72	1
100	24
46	2
33	4
94	5
5	1
42	17
45	2
18	32
74	5
13	21
49	32
72	5
78	2
23	14
42	4
17	35
52	2
37	18
98	88
34	2
50	742
75	11
67	48
56	10
41	5
25	36
98	1
34	28
37	5
4	32
51	123
72	47
33	2
38	5
41	17
87	5
46	2
88	21
5	32
55	3
66	1
89	7
27	104
42	5
31	12
46	1
20	14
86	6
28	4
37	35
46	1
61	39
84	3
6	9
46	2
88	2
43	19
78	2
2	27
37	25
19	22
16	2
50	23
41	3
76	9
48	27
99	1
15	5
60	6
73	1
32	1
20	52
40	51
95	2
67	3
25	3
64	61
22	5
93	41
45	1
90	1
93	17
4	1
74	36
31	23
71	2
10	18
88	90
86	1
41	69
69	28
88	1
57	1
49	49
74	1
21	5
37	25
55	2
25	68
54	28
77	31
69	41
66	2
38	5
93	13
55	1
47	71
45	2
55	9
56	51
37	38
43	2
93	149
64	17
76	1
76	9
45	4
42	14
3	16
12	3
9	4
8	1
12	108
62	13
48	71
45	22
45	5
61	12
35	77
58	4
97	1
18	8
28	55
2	7
37	42
76	40
83	14
5	41
38	19
59	4
35	26
73	5
42	1
19	29
60	6
42	6
60	26
48	25
69	45
20	17
66	6
54	1
82	6
41	2
28	74
8	1
5	14
92	21
64	38
78	10
38	1
83	5
29	40
88	3
83	3
53	1
6	8
47	18
20	8
63	19
89	10
60	3
2	2
43	8
13	85
92	142
42	272
98	1
57	45
18	109
96	11
39	21
33	22
92	115
24	8
51	6
76	12
9	3
13	39
45	32
75	96
74	50
63	5
38	3
12	11
61	4
82	10
11	59
36	55
17	472
60	9
74	340
29	176
63	6
38	1
17	55
96	11
32	10
64	5
28	25
81	63
85	16
39	2
27	36
2	2
84	295
14	35
48	5
43	19
34	24
21	10
96	5
91	1
25	47
100	6
33	4
44	7
93	17
64	362
59	62
18	4
78	14
2	19
24	7
86	20
76	52
10	4
26	11
50	2
9	1
6	22
33	20
10	326
34	2
48	6
90	12
37	15
47	147
43	6
83	122
82	20
38	10
81	9
94	2
66	2
82	65
95	5
24	2
43	8
80	41
1	4
58	2
87	117
27	48
77	74
9	5
71	14
100	2
61	1
32	5
46	12
1	1
31	11
47	19
32	3
14	307
95	16
21	5
26	7
62	3
8	32
59	13
72	78
80	2
2	12
62	1
79	7
39	1
37	11
33	11
63	6
52	15
68	10
43	36
70	23
46	9
30	13
58	33
65	1
84	35
51	6
65	43
58	1
90	31
91	6
14	1
20	14
15	32
88	2
84	7
64	231
86	37
37	1
93	3
84	137
19	5
25	6
15	65
89	4
80	27
27	56
85	1
9	2
37	12
7	35
5	16
2	14
15	247
36	34
39	14
87	7
5	6
92	3
50	11
23	9
12	132
26	25
99	9
98	6
82	97
55	72
25	1
79	4
94	43
98	28
85	4
93	26
99	1
7	37
17	4
29	12
82	87
27	18
39	174
15	1
79	70
9	49
77	1
94	71
53	22
5	12
78	2
25	51
34	591
28	3
64	2
33	1
13	130
77	26
86	44
27	31
12	19
70	6
74	304
9	5
57	98
14	2
14	400
67	2
73	1
52	480
54	16
33	6
94	7
73	76
52	3
94	24
87	23
2	58
78	14
90	1
27	3
73	9
93	22
91	1
84	27
52	77
78	43
7	14
46	11
50	39
30	1
12	11
58	5
80	9
75	4
22	9
23	87
44	6
32	277
31	6
80	124
4	71
19	1
27	42
92	6
16	7
71	13
41	3
92	1
15	10
92	6
22	6
29	7
81	34
51	29
79	12
46	14
38	9
95	24
83	4
44	1
11	18
77	26
45	18
27	32
37	1
95	21
37	808
74	150
39	7
80	56
57	6
2	5
92	1
10	8
86	74
24	1
18	12
51	7
19	2
73	6
48	67
16	8
95	74
52	2
17	5
54	62
8	1
19	3
3	16
77	8
32	13
35	5
99	109
14	12
63	7
75	7
58	2
45	12
31	2
88	20
79	3
19	3
96	1
42	13
68	48
37	93
18	3
51	9
56	19
89	25
3	5
31	33
5	1
63	7
75	40
33	30
43	18
95	3
92	3
87	12
54	12
58	3
45	5
90	1
76	33
74	4
93	30
89	3
83	29
83	39
5	33
14	12
17	2
88	75
96	31
67	34
48	24
71	1
35	4
96	4
42	1
92	33
78	109
82	34
35	9
21	6
30	11
41	6
45	6
6	20
53	3
40	12
51	72
96	2
74	5
99	51
12	5
100	21
23	110
1	51
48	149
52	1
58	3
26	26
72	1
94	3
58	8
76	6
95	5
97	16
13	4
34	7
37	293
65	1
17	1
20	42
89	1
96	11
66	7
100	33
56	2
13	7
77	340
25	3
10	8
38	5
67	2
50	19
7	12
66	3
35	15
90	12
11	9
21	27
58	45
13	7
64	45
29	17
64	5
63	3
25	93
99	3
75	50
51	16
18	1237
8	52
5	3
76	4
86	3
43	50
20	3
59	16
84	1
27	4
44	8
24	5
42	1
64	8
26	13
1	2
81	18
95	13
10	5
52	2
22	4
42	26
53	3
75	42
91	11
36	3
43	1
55	35
37	102
51	2
83	2
56	16
12	7
100	1
24	3
67	14
48	4
37	4
60	28
89	37
65	5
36	23
38	7
42	2
59	18
35	9
95	3
56	3
45	13
30	1
57	108
17	4
56	16
8	13
16	15
17	16
23	2
90	104
46	2
34	39
75	22
49	1
63	9
31	8
10	1
78	10
8	2
73	2
99	28
30	1
28	2
98	52
2	3
11	108
70	107
2	2
68	11
16	4
5	2
40	106
6	12
83	5
11	1
28	6
88	29
75	70
7	49
17	32
10	16
6	70
27	7
74	4
61	14
76	22
39	18
83	10
32	10
61	1
73	3
3	8
97	65
26	5
52	8
63	126
25	67
92	5
32	9
97	29
11	4
61	4
38	4
45	22
61	76
16	1
44	1
44	486
99	5
48	3
67	108
11	1
82	50
42	13
24	1
57	720
61	18
34	1
12	73
72	2
34	72
4	87
56	8
22	79
20	24
56	1
30	60
29	10
72	1
28	11
60	11
32	20
5	57
23	100
95	76
40	54
32	5
10	7
94	19
45	11
99	13
2	11
17	12
95	5
5	9
39	1
10	16
88	1
40	178
34	2
55	1
66	47
67	9
77	39
5	6
28	13
72	11
35	2
64	248
80	5
55	8
83	51
41	61
82	5
80	30
17	3
87	21
72	3
9	9
69	28
20	10
20	9
30	70
31	4
35	5
12	46
80	21
57	6
16	3
3	7
53	2
34	28
2	2
49	58
57	36
75	1
17	16
19	27
100	3
90	29
10	6
27	2433
99	32
61	3
21	49
13	6
35	7
17	146
55	37
97	17
85	3
38	4
18	2
47	36
56	3
55	29
41	102
7	29
15	9
5	6
34	1
13	17
15	8
7	1
97	17
31	240
79	51
82	168
76	12
16	57
69	48
100	18
54	11
52	6
77	11
56	28
24	8
82	8
48	16
58	4
95	32
24	12
8	1
72	458
38	3
17	40
61	43
18	2
74	25
83	17
76	2
64	2
5	68
89	52
84	9
47	3
38	1
3	14
31	7
79	12
66	6
77	476
12	58
92	17
67	1
87	35
63	19
94	4
46	3
22	40
32	5
11	38
42	498
66	1
92	7
92	6
44	4
34	35
66	9
43	26
51	13
27	5
30	7
32	16
57	21
8	2
73	27
62	118
35	10
86	12
75	14
34	7
96	12
24	12
97	27
98	7
47	1
60	16
47	1
3	231
49	3
95	30
80	1
87	1
87	18
92	2
100	24
31	10
96	18
60	1
24	4
39	17
32	8
99	188
45	7
85	1
15	1
14	3
39	20
59	6
23	17
37	30
27	5
20	104
25	15
14	54
40	61
22	5
53	31
53	4
25	1
42	21
72	9
32	67
6	1
86	4
92	10
53	322
41	63
39	25
56	1
16	28
7	1019
18	15
9	3
61	3
63	33
71	36
9	14
95	13
96	1
46	7
54	3
8	3
22	2
62	24
2	33
24	103
18	4
71	1
67	13
11	3
85	2
15	16
39	3
58	1
89	8
24	4
1	2
39	185
81	11
3	18
81	1
41	1
70	2
28	53
46	5
18	13
24	10
22	13
41	4
100	2
34	7
75	1
58	24
60	3
65	10
71	10
39	17
47	316
26	86
44	1
16	12
53	7
45	75
5	3
58	2
70	9
82	2
29	6
10	71
80	1
49	2
23	12
13	27
94	1
46	6
61	6
2	2
4	111
92	1973
35	34
67	1
43	17
100	1
91	7
58	35
35	15
72	78
44	9
81	171
26	42
31	8
91	30
3	24
82	16
58	14
46	40
71	169
77	21
59	3
79	11
41	8
26	58
25	40
100	2
63	65
83	18
67	1
76	3
71	1
67	1
24	5
57	9
52	1
17	6
3	3
31	15
12	20
12	5
29	4
41	5
40	57
35	1
47	36
26	3
71	130
50	16
56	7
93	1
90	74
21	1
55	6
91	7
11	1
2	106
17	1
30	4
68	1
13	62
26	10
35	2
34	16
95	131
93	5
99	102
95	6
78	29
74	29
67	1
74	56
75	11
13	94
97	76
71	3
97	11
50	6
49	4
19	1
75	10
29	13
45	2
49	743
23	174
46	13
10	3
8	1
8	4
43	4
3	13
64	13
65	94
35	9
100	154
55	1
68	4
51	103
57	73
90	9
25	83
20	1
53	26
21	220
99	28
67	3
79	10
5	1
47	6
56	51
95	1
23	3
45	4
79	16
28	62
85	4
3	12
37	6
83	25
71	9
23	1080
35	57
19	22
45	15
29	2
14	9
14	21
37	8
65	53
64	167
35	7
44	7
3	124
95	78
41	12
19	21
54	16
17	5
43	13
88	68
64	1
97	13
40	20
40	2
100	5
97	27
54	4
22	6
24	4
93	4
33	5
80	13
67	1
9	19
8	529
35	1338
48	3
52	4
65	2
44	28
97	20
50	1
83	3
10	21
39	1
23	44
17	10
61	2
1	6
96	20
17	7
82	72
13	5
56	160
28	1
45	19
42	119
26	4
16	12
30	5
89	5
30	10
57	7
91	2
59	93
16	3
20	11
92	2
35	14
61	9
49	2
38	16
98	6
13	19
50	1
19	1
98	70
98	110
90	2
63	13
78	5
75	525
80	329
29	1
16	6
27	39
45	8
53	29
80	6
58	50
12	17
71	31
76	13
67	18
8	5
65	30
64	6
34	119
9	5
60	26
54	12
92	2
54	44
43	46
13	3
14	1
29	126
37	2
55	1
21	1
88	7
100	13
27	3
45	1
99	6
63	6
94	4
6	84
49	8
80	20
52	7
89	15
32	1
36	55
32	121
100	8
44	13
22	39
88	1
57	8
74	13
41	237
72	246
13	1
46	20
33	114
40	9
29	22
50	11
9	1
23	1
4	20
63	16
87	25
42	17
87	219
13	5
33	1
77	27
56	23
93	7
22	20
13	21
7	14
17	3
95	210
27	3
8	6
74	1
90	2
41	4
34	7
6	22
37	9
16	16
7	14
84	2
44	71
30	8
10	17
17	29
89	50
54	1
35	30
95	6
95	36
3	435
88	6
98	237
94	1
68	1
25	1
29	9
99	8
70	5
56	58
64	3
33	185
93	6
45	2
43	1
73	31
70	9
58	14
37	38
32	34
51	14
59	2
76	18
41	26
16	45
31	26
92	7
97	8
83	1
74	1
83	1
74	3
7	2
19	7
86	2
98	115
58	8
19	177
64	1
78	122
6	31
11	28
75	18
85	3
51	57
34	3
5	55
36	3
94	6
5	115
57	27
18	2
10	9
99	10
46	13
56	20
35	22
5	14
24	2
18	5
99	6
58	15
62	195
17	106
100	7
85	45
75	2
73	2
90	226
60	3
46	7
90	2
33	1
94	153
87	9
34	89
66	5
40	2
89	3
33	1
29	2
47	207
18	39
42	359
90	3
46	3
68	2
71	2
33	6
61	4
79	24
3	4
89	4
22	1
2	2
16	204
22	38
36	50
33	1
50	73
29	3
8	3
81	5
1	5
46	314
83	19
58	14
67	1
31	13
75	12
45	4
61	15
4	6
9	1
72	12
9	8
4	15
49	2
47	120
49	7
13	46
68	31
68	1
68	6
26	4
30	27
85	2
88	5
90	583
28	1
53	34
66	17
4	8
91	2
66	2
46	5
74	4
99	13
98	5
91	111
13	1
45	21
15	5
88	4
27	4
17	1
51	3
38	2
47	32
8	20
23	60
41	4
17	24
88	42
10	83
41	37
51	374
22	35
68	15
20	1
76	3
76	1
70	2
83	3
96	26
32	142
94	33
65	16
16	22
76	96
35	3
50	55
52	15
1	21
31	21
64	12
60	2
35	33
7	10
98	2
11	6
24	9
53	35
66	15
44	360
96	1
60	5
14	13
67	1
81	9
38	2
55	1
38	87
78	2
11	8
50	7
8	13
77	43
64	15
80	13
39	4
89	5
72	21
61	80
72	17
87	102
89	592
58	6
35	26
74	4
14	21
17	7
47	8
32	8
40	3
22	23
90	2
28	9
16	7
50	11
86	1
48	6
82	2
4	1
44	8
64	214
52	1
81	4
77	1
61	2
27	92
98	18
95	1
80	13
69	133
50	2
69	6
80	1
6	222
17	2
60	2
57	1
64	8
62	59
100	32
60	2
7	9
97	11
37	1
63	1
9	4
59	4
61	4
31	6
73	16
66	11
31	24
95	2
10	67
85	8
81	1
91	20
56	1
40	3
67	5
50	18
66	26
7	2
98	5
95	2
36	2
53	5
85	108
63	46
7	14
6	8
47	140
26	6
87	30
46	21
19	5
83	3
3	12
65	1
26	7
73	4
70	14
82	3
76	4
99	6
42	2
22	86
56	2
42	19
16	6
98	17
82	13
73	8
20	2
39	7
95	2
61	77
87	26
21	60
85	6
97	19
26	15
18	1
68	21
74	29
98	5
20	3
2	17
18	8
80	4
70	4
66	2
93	26
24	44
66	1
83	51
39	10
31	31
89	8
19	51
33	13
85	11
98	5
100	18
12	15
70	1
57	3
63	57
90	28
14	6
47	1
69	13
5	25
44	10
98	13
7	1
29	52
38	2
30	6
40	4
21	87
73	26
99	2
78	10
26	1
96	2
88	9
60	58
63	12
36	125
69	4
46	3
34	1
27	5
24	15
7	26
79	11
73	2
18	65
17	62
41	3
18	10
80	42
71	26
36	12
6	47
1	2
56	10
89	4
100	2
100	21
8	50
36	18
58	12
82	1
52	122
90	2
54	19
50	143
15	28
34	29
92	8
74	4
19	22
81	98
78	1
75	5
61	62
69	7
20	31
97	2
76	1
92	2
59	7
8	19
30	13
44	6
79	5
73	105
82	50
19	3
85	6
49	208
60	2
67	9
19	4
1	8
53	1
78	57
90	64
35	79
30	4
44	3
98	6
58	6
73	78
42	16
73	6
5	38
59	18
62	2
86	13
74	5
59	1
100	100
87	32
18	1
63	3
25	84
81	2
43	2
9	22
61	18
78	4
65	18
89	51
12	4
93	11
64	3
87	10
50	35
49	48
89	7
32	2
75	24
98	7
17	3
4	369
92	24
47	41
68	172
86	11
12	15
67	4
80	43
42	15
78	37
48	7
52	4
83	3
43	2
46	2
38	4
89	42
34	12
37	7
21	2
84	2
100	4
59	91
3	9
60	12
41	4
50	2
85	32
22	10
11	80
39	33
20	1
77	17
13	402
59	1
35	35
64	2
92	26
16	36
73	3
78	27
81	4
57	1
10	8
49	5
48	17
69	13
65	116
25	5
10	1
61	35
76	28
33	7
50	14
18	1
23	9
87	6
26	173
24	1
24	35
55	2
10	61
42	41
72	16
2	13
52	18
28	7
38	120
51	10
59	27
60	24
66	17
40	1
44	24
26	6
87	35
90	2
7	114
22	1
1	2
10	5
37	8
83	45
48	4
12	9
4	46
39	7
21	4
60	40
44	25
31	7
21	4
30	12
54	87
56	25
77	106
10	23
5	14
86	62
29	22
9	42
20	35
1	543
28	42
55	5
1	5
53	5
8	11
47	42
84	2
19	75
70	225
73	32
72	1
25	6
59	8
31	21
84	5
21	4
96	8
35	6
12	2
17	32
73	20
85	21
69	1
68	1
35	2
12	3
3	8
57	4
25	25
43	19
74	97
24	110
90	21
17	2
48	26
73	6
51	5
28	5
15	31
9	39
87	41
58	72
11	15
54	62
57	4
96	12
62	45
51	14
28	2
5	4
55	7
99	1
89	5
76	54
20	72
4	8
7	39
99	72
79	17
52	119
3	37
64	1
65	2
68	1
84	13
71	2
100	2
95	15
46	36
42	38
5	31
75	13
10	191
27	22
81	3
22	7
77	3
48	17
3	62
89	10
38	46
76	1
31	5
28	13
91	1
93	21
18	89
5	5
96	15
18	1
65	37
60	1
27	46
39	43
73	6
19	1
38	47
2	6
15	1
96	6
1	5
51	2
10	3
48	286
89	6
82	87
55	6
99	3
99	2
14	3
63	17
36	24
77	4
72	17
65	38
99	27
58	1
87	1876
55	8
24	6
51	3
1	37
97	11
90	5
87	22
69	2
87	6
53	3
40	1
58	2
94	20
73	13
57	39
69	189
44	4
59	5
97	4
3	19
13	2
92	2
95	7
51	13
16	1
97	9
30	18
63	14
62	2
25	147
97	19
82	16
86	269
86	2
54	9
31	8
32	2
64	3
35	138
11	21
21	48
9	3
13	41
73	32
10	42
96	57
42	9
99	2
20	43
65	1
24	28
38	3
17	1
84	13
19	7
5	3
53	89
40	9
88	117
43	12
13	3
8	246
67	94
85	8
93	9
59	49
95	48
74	4
53	2
66	30
52	51
61	8
35	18
73	40
64	4
23	31
4	40
81	9
87	3
8	5
65	7
99	18
65	4
23	5
82	5
39	3
58	23
40	5
51	8
65	2
78	2
41	30
69	10
3	9
38	4
91	10
27	13
13	64
65	1
12	15
75	6
30	24
53	20
27	9
33	1
20	563
82	1
92	50
33	1
62	6
56	8
75	10
92	65
29	55
74	21
54	399
47	12
31	15
5	1
6	3
52	7
99	209
89	193
35	10
36	41
42	2
99	23
76	1
55	7
99	21
49	106
28	8
87	779
45	8
19	9
80	16
79	3
55	44
20	64
87	5
89	75
49	29
47	11
29	20
32	64
34	11
31	16
26	36
75	64
60	75
24	1
67	3
20	2
20	1
14	5
97	2
37	31
92	17
25	1
41	3
99	4
40	38
38	1
46	37
39	3
58	67
47	3
16	36
49	25
5	24
93	10
19	1
50	6
69	66
82	18
81	29
34	5
61	1
37	3
87	4
14	87
41	1
72	2
26	18
44	190
85	2
86	362
69	11
12	7
12	14
97	2
78	223
64	1
57	18
48	4
31	2
39	11
73	13
79	270
81	2
83	24
62	1
19	4
55	3
71	24
27	2
10	19
1	4
94	1
29	159
51	7
1	4
82	1
98	5
74	8
34	9
94	1
76	13
76	7
94	66
99	1
65	2
76	19
86	1
25	223
9	8
77	85
16	25
86	3
69	8
95	17
19	2
96	23
52	15
27	4
69	5
68	24
85	7
1	129
11	2
88	65
52	11
32	4
21	11
31	55
79	10
43	5
65	7
42	118
13	1
64	8
45	3
18	42
26	9
51	5
95	2
7	48
1	52
12	2
58	15
61	17
71	2
85	30
93	7
54	12
46	17
90	12
100	30
70	3
78	9
12	4
57	100
70	49
59	215
29	1
27	236
52	29
44	483
84	38
13	36
97	1
58	1
51	13
45	1
33	7
40	122
46	37
66	2
5	45
99	21
92	102
75	59
75	63
30	30
10	1514
51	3
56	1
43	59
65	2
79	54
13	2
46	1
66	192
76	3
35	29
8	1
52	17
21	2
55	6
39	3
49	11
21	6
98	30
14	4
55	2
63	2
62	27
29	3
71	1
53	3
30	13
35	5
93	8
62	40
62	32
63	53
94	8
17	2
99	15
56	7
22	16
23	5
78	15
14	1131
7	2
57	6
78	35
73	8
98	2
69	6
38	11
20	17
67	7
73	17
67	7
21	5
99	18
75	21
46	28
28	20
57	20
91	186
26	39
56	10
1	4
86	2
59	8
21	35
94	69
41	3
73	30
3	27
8	43
3	9
68	41
8	2
17	2
62	1
13	4
21	1
45	8
54	2
64	11
28	18
19	3
72	50
85	19
14	5
51	17
96	6
97	29
46	67
52	19
58	11
76	34
80	115
37	11
23	2
59	5
60	7
73	10
68	3
4	89
100	8
100	4
76	27
1	6
12	26
80	1
20	128
47	13
27	3
37	21
34	11
2	3
72	16
75	1
35	75
75	6
88	5
33	23
21	31
88	40
90	90
100	119
26	73
64	7
33	11
53	23
47	19
63	5
33	11
12	5
72	7
53	16
59	10
26	3
75	17
62	13
31	23
76	720
11	117
61	13
91	26
66	13
19	1
10	3
69	1
18	7
6	32
3	16
59	1
46	4
92	29
48	2
72	162
30	2
67	4
29	16
55	13
98	49
74	40
76	11
80	106
86	17
66	1
53	54
15	1
9	30
9	6
79	9
84	324
13	5
2	2
10	174
87	8
33	27
66	4
54	287
52	6
33	229
78	12
45	5
35	46
1	74
66	6
74	3
91	9
2	16
79	1
4	5
70	2
25	3
95	12
83	65
20	1
67	23
52	45
92	19
68	8
32	2
23	1
33	5
42	5
61	1
97	121
86	5
100	1
56	8
92	3
92	30
4	8
12	8
21	15
44	25
99	2
73	9
31	1
37	5
91	65
45	6
62	11
56	6
91	1
7	89
100	1
49	9
8	7
62	7
66	16
20	7
36	8
36	64
48	3
42	1
70	2
76	22
15	17
95	40
93	5
43	24
52	17
99	16
2	239
43	4
20	2
83	2
53	64
73	4
43	21
90	2
52	2
46	2
52	2
27	5
93	37
40	4
12	56
59	3
1	10
85	57
14	2
27	29
89	336
69	1
16	1
94	623
27	297
37	15
83	2
25	8
84	7
75	14
53	18
65	6
85	5
77	1
19	2
15	11
57	33
90	43
93	4
43	136
78	23
100	17
93	8
39	1
40	7
28	1
97	8
1	5
92	1
30	72
83	2
21	9
30	7
14	9
98	38
44	24
86	195
39	7
19	1
11	5
41	25
53	18
81	1
21	67
81	4
33	2
97	15
5	8
16	8
100	11
26	16
91	3
90	34
46	1
57	3
21	2
97	1449
85	21
30	19
48	5
58	39
77	5
37	2
32	29
3	34
68	3
29	26
96	6
39	6
29	2357
100	2
44	25
26	1
72	76
37	3
16	192
54	17
100	9
77	7
94	6
65	7
11	15
24	4
63	2
50	4
61	15
44	9
48	5
37	1
75	1
41	25
19	17
86	29
37	157
49	6
45	68
95	3
11	25
65	38
84	7
68	6
67	10
52	490
84	1
85	2
13	1
53	25
23	1
49	8
52	5
41	16
67	46
2	7
5	4
1	9
84	8
83	23
84	3
15	3
74	9
29	87
80	13
69	56
71	215
61	11
18	4
17	1
87	4
12	22
88	7
30	13
33	1
72	1
51	8
38	26
89	2
14	7
99	4
21	18
2	14
42	195
85	15
7	21
80	18
66	25
83	8
89	2
12	21
34	13
49	6
89	3
89	9
8	22
87	5
60	1
61	19
60	2
11	158
21	18
36	32
8	1
85	18
36	4
59	160
61	161
92	10
96	1
55	6
23	4
84	7
82	1
36	6
45	3
10	80
88	3
3	18
15	33
43	11
35	7
71	1
60	28
48	8
98	14
63	1
96	12
54	8
45	5
21	2
87	50
54	3
79	12
20	5
95	3
96	4
67	267
27	6
84	2
85	5
29	4
52	23
96	2
52	18
46	9
82	16
5	6
57	5
95	5
29	19
94	139
21	4
93	132
90	21
73	4
60	1
77	171
76	64
21	2
64	1
50	2
50	14
32	17
90	13
38	1
18	82
93	1048
95	10
36	2
17	2
62	28
61	61
39	5
13	37
15	44
77	5
25	7
23	169
35	60
85	22
81	1
56	6
91	7
13	48
38	28
39	81
57	36
40	7
39	5
6	4
80	70
22	9
11	27
12	7
7	65
69	1
50	3
15	28
78	31
71	1
8	40
65	13
11	1
10	48
55	124
55	29
100	5
39	31
71	25
7	32
98	24
19	3
3	8
40	407
59	8
46	18
70	2
81	8
13	397
33	6
57	16
5	1
14	5
18	38
97	6
16	4
51	2
93	17
18	21
36	65
93	5
94	1
90	16
46	18
65	64
24	30
69	61
81	5
23	12
70	51
74	5
65	133
23	2
80	5
41	3
68	189
47	43
47	54
88	4
41	20
25	20
76	11
45	1
27	55
7	1
38	628
84	11
8	2
58	10
98	83
6	42
83	5
30	1
40	2
76	52
72	2
48	48
93	45
8	18
59	1
18	330
97	8
49	5
11	1074
47	1
56	40
76	8
7	2
18	99
26	10
30	4
44	4
49	1
69	4
6	8
73	9
26	105
28	1
77	1
31	29
97	27
78	118
27	22
81	1
82	2
88	1
56	16
39	8
19	39
11	211
37	1
51	12
3	10
87	8
67	1
5	4
7	21
39	17
18	47
29	7
77	227
61	25
4	36
39	7
58	4
50	7
83	2
8	1
30	144
68	1
67	2
63	5
58	1
11	15
72	5
73	1
11	15
84	3
84	1
88	2
23	3
86	4
41	3
94	9
43	189
71	14
38	33
86	111
34	39
70	10
39	93
56	28
79	4
63	23
65	55
54	2
90	18
43	31
88	97
5	19
50	2
90	27
59	23
33	8
23	174
100	2
48	21
62	187
98	8
39	65
77	100
100	14
86	14
48	1
31	1
2	1
30	2
70	7
71	2
32	2
8	22
6	4
43	3
84	7
94	14
6	104
69	6
87	11
99	104
27	10
90	21
60	84
23	4
60	7
35	99
90	3
26	2
48	3
65	72
12	3
56	8
79	237
73	2
29	44
3	22
52	91
87	3
64	18
44	13
6	15
65	58
19	3
93	3
62	5
52	29
18	1
41	19
34	248
64	14
37	23
69	45
11	5
3	115
68	1
48	1
76	16
19	195
6	6
16	3
23	76
44	17
26	16
87	1
50	52
74	2
20	6
77	1
49	49
7	6
30	6
40	2
70	1
3	2
24	1
46	192
38	25
37	25
26	15
26	25
76	35
64	7
45	93
77	1
23	499
12	9
89	2
61	1
12	2
89	5
85	15
32	2
75	2
89	10
42	1
78	41
17	1
64	1
81	173
57	24
76	3
7	42
70	4
26	7
33	4
67	879
99	2
91	19
65	8
77	10
49	5
74	1
95	41
29	2
30	74
82	97
4	1
20	10
58	33
57	3
10	2
59	182
24	117
86	36
32	55
97	8
20	3
96	6
59	1
45	2
60	12
44	7
17	5
91	16
12	56
68	55
73	2
34	6
79	46
35	3
36	5
42	1
53	4
22	66
65	3
3	28
96	5
91	22
61	10
90	6
32	17
98	2
38	6
100	3
5	57
31	1
17	24
47	32
61	9
32	8
38	46
54	30
31	8
96	4
29	4
68	5
97	1
17	17
99	3
3	2
2	65
94	6
56	7
91	5
60	19
46	4
7	9
29	4
94	1
33	1
13	3
35	8
68	2
96	2
66	2
20	62
34	2
42	9
5	1
57	52
6	3
13	7
52	55
1	2
70	28
20	4
84	4
95	2
4	21
68	178
91	8
92	397
4	65
65	5
17	3
72	1
27	2
37	1
30	30
27	34
22	49
32	181
51	1
8	7
68	11
79	4
66	10
34	12
59	85
77	2
23	7
100	12
36	29
78	8
73	45
63	62
2	3
52	19
25	45
62	26
38	1
54	18
14	8
72	16
37	3
98	20
100	9
59	209
84	1
52	1
93	15
55	6
12	47
2	18
68	10
32	9
55	2
61	1
24	40
91	4
32	1
71	64
88	21
69	2
18	2
32	5
86	9
7	16
95	19
37	10
72	6
71	2
52	228
98	95
15	12
88	2
80	7
80	10
39	48
94	8
20	48
69	25
14	1
5	76
84	1
74	1
60	2
36	38
27	2
39	27
73	1251
38	16
35	114
74	29
16	36
33	15
44	19
43	93
77	32
17	3
40	20
70	34
86	106
11	20
90	14
4	1
78	2
17	3
61	31
89	27
9	3
15	17
23	13
62	7
4	4
14	10
72	4
43	69
39	2
20	37
57	8
41	2
67	77
97	2
51	9
54	2
59	1
15	9
77	1
83	42
58	1
75	2
30	189
37	1
73	12
48	12
82	25
14	8
49	108
78	77
48	14
9	3
51	8
38	35
3	11
58	2
67	933
88	24
1	8
67	14
31	78
6	2
6	4
63	214
34	19
56	8
23	5
38	8
91	7
3	3
46	14
53	76
96	11
11	3
16	9
74	230
47	9
14	69
2	2
9	9
68	1442
67	4
79	10
18	36
30	26
15	4
84	1
38	15
11	7
79	4
81	55
29	44
35	47
30	9
70	1
75	3
53	10
83	121
97	43
52	1
24	5
53	1
37	23
38	5
94	1
77	12
72	71
52	3
47	8
97	20
70	7
57	23
16	32
52	12
92	13
41	2
73	1
74	21
35	78
8	5
82	2
53	1
41	17
10	4
36	25
6	59
81	1
78	11
6	4
11	4
36	5
63	3
44	1
21	8
2	2
9	10
16	9
88	9
16	8
46	10
8	3
59	3
17	4
36	72
69	2
70	20
97	1
16	37
72	3
22	31
68	36
61	12
43	5
42	8
49	11
65	14
42	24
96	4
11	3
80	105
28	59
35	9
33	12
17	1
42	85
34	10
20	2
96	7
45	15
25	38
28	50
1	1
64	1
79	3
30	5
5	2
10	14
34	12
45	3
51	7
91	1
47	16
81	11
77	1
84	9
22	3
93	8
84	27
22	9
35	16
23	21
61	19
34	2
26	139
47	28
15	20
63	1
51	7
56	12
24	38
83	12
1	13
19	6
36	8
49	5
92	5
60	19
55	8
97	2
22	4
8	3
83	57
50	90
69	2
64	35
95	4
36	25
26	15
83	15
47	1
82	36
54	20
93	1
38	1
87	4
83	183
47	38
20	15
50	73
52	4
79	66
64	1
93	16
72	21
1	25
57	6
59	10
78	32
17	25
91	3
78	6
53	18
42	4
72	8
59	3
8	3
21	47
55	1
11	5
91	43
48	5
48	71
9	3
57	10
92	12
32	94
24	1
45	9
8	22
7	2
42	12
7	12
89	31
26	43
91	2
14	6
15	30
95	4
39	6
51	25
2	10
51	12
71	2
41	24
14	24
96	9
65	49
69	5
67	2
5	5
14	80
98	760
35	22
54	153
47	110
7	168
90	69
76	23
55	10
42	2
67	16
26	1
43	37
88	128
92	7
70	36
14	1
84	4
64	4
25	263
44	130
10	3
39	236
97	12
5	32
64	10
79	15
5	37
35	61
34	17
88	1
30	4
75	26
53	8
5	2
99	26
7	18
85	6
97	2
41	8
23	61
23	14
44	1
74	1
23	6
55	2
62	3
15	25
100	4
25	21
95	5
4	4
35	1
49	6
73	31
35	7
96	1
100	84
88	42
21	1
84	2
24	2
11	18
85	6
57	3
18	13
36	8
56	5
13	3
5	343
45	7
36	142
100	1
84	4
12	87
1	6
83	3
92	26
66	8
8	18
88	121
78	5
98	2
98	10
37	8
98	50
45	24
78	122
21	1
35	33
68	72
79	5
11	91
96	97
49	22
50	3
27	18
63	33
12	30
85	44
66	4
85	24
68	9
10	7
74	140
23	10
79	26
44	11
74	41
69	5
93	62
62	38
49	6
47	4
36	16
11	231
17	1
66	4
9	6
75	4
20	19
28	30
50	30
43	1
13	88
49	337
80	65
27	10
34	15
91	66
8	389
73	3
1	3
60	21
65	15
47	6
83	18
86	6
48	1
60	24
90	1
20	9
18	93
1	3
23	3
23	1
48	2
6	49
84	5
61	57
50	9
84	7
85	51
69	87
48	15
48	4
39	1
58	7
17	4
10	5
52	17
21	8
78	36
99	3
42	2
62	3
22	99
28	91
66	18
41	218
79	15
2	2
7	1
77	1
72	5
66	48
22	71
26	5
16	3
64	1
87	2
53	62
70	33
17	1
79	2
51	2
97	87
25	4
14	3
30	5
91	29
12	2
37	12
62	7
13	25
14	18
2	75
63	2
49	11
9	20
37	367
35	6
63	7
40	159
64	2
17	6
67	6
65	28
17	73
8	58
55	5
84	9
90	7
79	16
26	2
16	3
99	76
98	210
64	1
93	10
57	7
80	1
89	3
31	20
26	217
38	5
14	16
88	9
19	1
92	25
58	8
9	1
12	2
72	7
43	15
2	7
78	1018
79	5
81	11
75	14
50	6
89	12
84	2
17	1
47	4
50	28
66	12
63	1
65	9
3	42
2	9
62	212
41	99
45	5
100	109
30	3
82	1
63	18
46	219
23	11
38	38
99	11
83	11
83	5
47	7
57	8
41	21
79	21
10	3
53	23
93	391
10	34
4	4
94	26
55	3
45	10
41	1
47	16
56	20
21	61
67	1
53	1
99	369
92	1
5	8
18	23
30	49
74	1
3	8
33	19
88	50
2	5
20	5
2	8
81	50
80	16
54	77
6	17
63	9
13	7
92	2
16	5
60	23
5	41
60	13
72	6
66	83
78	5
72	5
11	3
56	3
51	4
22	2
14	8
4	36
2	1
7	8
20	9
10	18
80	35
66	1
72	3
75	1
16	4
32	27
3	42
68	7
48	5
13	2
28	4
90	8
15	1
50	66
14	87
63	17
31	5
48	8
58	6
3	301
72	1
3	2
24	19
79	6
14	2
36	55
10	1
21	28
73	17
63	5
80	54
31	1
56	3
16	1
51	13
90	2
55	20
100	17
65	4
2	2
72	2
18	8
14	2
58	10
60	37
24	15
48	11
53	11
35	3
67	14
38	86
12	16
99	5
23	19
41	3
92	4
12	42
45	1
51	71
12	4
25	3
52	7
93	2
26	1
25	1
64	12
100	2
58	2
38	10
65	2
55	1
93	18
21	19
44	2
91	7
84	3
93	56
39	6
44	5
64	9
9	4
85	121
6	16
58	1
26	44
24	11
83	5
51	2
5	1
26	3
52	2
15	53
48	6
33	257
69	173
62	12
26	1
37	1
41	31
77	35
20	42
98	26
68	13
57	16
93	1
71	2
42	4
44	56
90	158
84	5
75	2
87	18
44	12
35	3
68	12
1	7
63	18
41	24
98	1
5	3
30	3
90	151
60	12
17	3
12	1
11	4
97	2
90	1
71	20
75	4
38	18
29	24
26	4
33	2
70	3
17	3
65	39
75	38
91	7
77	3
42	5
40	1
35	1
82	21
56	57
94	4
84	50
49	383
96	121
35	430
71	15
16	8
58	13
10	2
84	3
2	8
24	77
68	2
22	14
14	9
57	2
27	3
82	20
4	10
56	5
93	17
42	3
12	155
50	49
50	6
11	2
63	98
93	35
44	10
30	6
47	7
17	11
82	3
48	6
78	6
76	3
85	55
78	3
67	37
21	4
65	1
67	16
70	7
56	3
29	9
74	1
75	15
100	34
43	17
42	8
53	3
42	3
85	2
37	35
2	3
18	4
92	6
92	25
47	31
30	99
36	56
2	55
49	6
18	6
99	11
63	3
79	315
92	2
78	27
65	13
88	4
45	1
19	32
44	1
39	9
92	1
80	8
88	5
93	3
70	3
68	1
93	2
91	26
13	24
63	5
48	25
11	41
34	6
84	11
46	8
54	111
48	19
81	4
12	31
92	5
15	5
69	2
8	11
95	3
27	81
97	49
11	40
22	3
40	4
73	29
79	29
25	46
10	1
13	31
81	2
5	16
66	5
5	3
32	2
93	21
60	26
88	1
100	14
14	39
17	87
27	3
63	52
26	34
11	36
44	8
94	41
37	18
25	27
84	29
44	2
17	15
17	7
24	2
68	13
58	9
26	5
32	36
90	4
11	1
46	2
42	2
6	3
2	5
23	22
37	3
61	12
24	5
13	2
49	9
88	9
16	1
94	5
5	3
7	8
35	5
73	4
95	4
6	56
59	16
33	2
49	6
3	35
74	12
71	26
47	22
81	12
26	107
65	22
61	10
97	17
75	27
76	13
98	4
69	45
13	2
6	87
46	6
85	74
75	323
93	2
68	58
38	3
51	213
75	6
25	3
58	20
91	1
72	1
66	4
99	69
45	42
42	1
63	2
61	1
36	11
13	13
30	1
48	317
4	33
42	72
44	8
79	7
36	6
25	2
94	1
82	78
78	3
80	1
5	12
29	64
97	17
95	4
43	86
57	12
15	17
74	22
49	5
95	26
58	67
89	10
93	3
41	21
98	1
62	8
64	52
94	2
82	32
89	1
82	5
71	11
43	37
58	6
100	7
79	48
75	14
59	21
90	58
41	27
76	39
92	1
43	5
3	2
26	5
49	15
88	3
7	124
66	9
76	11
21	17
25	15
74	1
18	9
39	7
53	23
12	26
56	64
81	5
31	22
53	6
65	23
1	8
73	31
87	17
87	1
54	8
58	15
98	42
93	41
33	16
1	53
93	247
51	50
18	129
79	56
63	20
13	21
65	9
32	2
37	4
62	158
81	45
21	9
46	3
66	8
62	10
26	8
26	20
78	14
8	8
65	2
50	13
84	198
66	16
70	8
85	26
92	55
54	27
95	16
28	4
28	15
25	1
46	7
81	21
46	4
31	25
62	26
91	21
99	3
65	9
58	40
50	105
66	1
64	5
53	68
71	22
84	3
38	13
97	49
5	18
62	130
56	69
19	2
73	54
54	9
36	26
89	1
64	9
40	22
17	4
23	13
29	11
34	2
39	72
87	6
76	11
30	49
24	27
32	8
17	13
36	22
1	2
89	4
30	16
95	17
25	12
85	40
79	89
22	18
99	27
12	21
8	2
60	1
40	33
30	8
29	3
8	141
89	7
44	9
76	30
67	633
11	4
56	1
20	1
6	25
37	15
96	16
9	6
79	42
47	10
8	8
25	37
55	1
14	5
86	1
40	2
93	23
55	7
91	5
29	4
44	130
16	145
13	18
47	4
76	3
50	334
71	127
1	7
90	4
78	1
55	24
79	14
20	10
52	9
58	1
10	28
97	127
93	2
1	4
99	7
87	60
62	60
26	117
85	2
79	1
94	18
31	1
85	2
56	2
64	24
67	5
66	26
1	11
71	6
100	1
80	65
73	4
46	48
58	18
16	6
96	9
22	4
80	38
32	45
93	16
100	51
71	419
22	14
75	39
24	28
17	8
16	6
100	9
38	49
95	15
45	5
62	4
71	11
23	21
80	179
48	7
74	19
95	2
93	36
90	6
99	80
74	2
46	6
26	52
34	4
88	40
13	5
96	1
93	25
37	19
33	12
2	11
58	18
56	5
17	6
69	9
55	27
80	13
67	1
87	82
29	32
30	6
26	12
77	30
94	46
94	15
1	14
87	11
43	29
60	22
39	1
26	27
23	13
96	9
15	1
93	48
7	1
36	14
50	54
54	24
29	23
25	46
93	1
91	19
5	3
47	33
83	1
39	124
81	25
97	6
68	7
90	14
14	2
62	1
41	1
10	5
13	5
53	26
96	3
92	72
98	392
94	6
14	12
88	12
70	66
45	12
25	9
66	2
10	142
53	13
93	23
22	8
47	1
62	165
70	11
42	53
95	19
50	5
71	1
57	24
72	10
80	27
86	86
86	55
24	2
49	82
99	5
73	61
49	4
86	1
90	50
88	3
18	5
47	13
29	318
31	16
8	5
48	4
6	26
45	13
70	6
45	1
67	265
16	2
54	584
36	23
84	3
31	11
15	5
40	5
84	11
43	4
31	3
89	5
26	18
65	3
77	7
66	24
29	2
10	173
85	2
76	8
72	4
68	41
87	11
29	4
28	18
65	8
64	2
46	20
37	89
35	17
22	16
61	12
32	42
83	86
19	8
36	688
68	3
29	4
10	2
75	2
32	15
47	94
96	7
36	7
53	1285
50	7
74	15
27	8
83	179
25	41
71	10
96	4
16	17
43	8
32	25
66	13
60	7
10	21
56	40
92	5
18	2
38	1
2	78
52	85
77	12
41	10
88	20
36	5
11	1
80	4
99	2
5	647
9	2
65	4
62	19
29	23
48	48
74	10
82	4
89	2
53	23
57	5
17	3
95	20
74	3
69	2
22	2
82	1
91	10
99	17
54	7
84	1
92	7
54	47
34	9
84	20
22	2
77	1
84	1
17	3
48	50
81	20
62	6
52	29
60	61
9	3
76	50
17	30
52	11
44	2
15	7
22	9
19	19
26	13
73	24
63	9
79	4
42	6
9	6
48	15
94	12
36	28
51	3
39	5
26	3
39	7
9	9
81	2
63	80
33	11
52	5
59	3
42	2
25	27
96	1
22	17
80	1
9	18
62	1
85	17
82	7
31	11
87	90
21	11
21	41
40	156
51	430
5	14
2	25
95	1
53	133
86	4
25	5
15	1
93	3
25	9
73	6
16	1
18	38
12	8
92	29
65	115
1	1
34	13
1	2
50	5
96	4
38	10
33	7
58	4
2	5
51	6
88	2
85	8
57	1
98	5
99	52
89	44
82	31
100	19
54	7
88	2
36	6
73	320
28	16
45	50
63	5
54	3
16	110
7	3
87	2
19	7
18	5
36	9
33	4
33	4
36	19
87	388
96	8
43	4
40	7
55	11
85	2
52	1
51	24
23	2
65	105
25	1
52	2
33	3
47	21
70	5
37	10
57	4
19	424
59	30
38	9
60	483
25	27
74	25
72	5
15	1
41	7
70	40
99	24
28	3
71	41
79	29
57	15
90	77
34	2
34	10
65	4
98	5
56	226
16	24
71	2
15	2
69	30
7	5
90	8
64	28
35	14
66	6
77	7
70	8
7	34
85	5
100	29
12	8
5	5
33	34
8	7
90	10
36	12
96	11
34	109
85	1
1	48
63	2
61	1
90	32
87	22
90	12
8	36
92	1
27	4
91	12
75	15
63	8
28	7
35	18
68	14
81	26
24	2
100	23
75	15
52	32
68	17
98	20
94	5
91	394
64	7
6	15
12	3
100	8
77	17
5	16
56	111
16	4
32	188
16	17
57	2
70	19
11	4
50	2
7	8
24	8
72	2
60	75
1	136
79	20
97	22
73	11
71	12
84	2
8	4
11	17
69	12
39	12
98	4
35	8
80	8
26	317
90	4
90	25
48	10
67	9
54	153
49	159
83	2
30	24
34	70
5	6
72	54
84	15
83	64
25	6
27	15
68	1
39	1
58	6
29	2
34	31
67	1
11	3
17	31
91	1
84	26
55	11
38	16
77	4
56	1
85	8
55	3
3	3
61	9
82	261
36	7
24	2
49	8
54	26
77	16
67	2
91	4
20	2
60	4
3	36
52	47
1	7
90	13
50	5
15	7
92	6
51	10
55	25
100	3
16	8
56	36
40	53
56	8
29	3
10	15
33	9
17	1
19	18
40	38
8	1
52	169
55	33
65	2
4	1
21	23
44	12
54	4
73	10
98	9
75	1
83	7
20	4
96	422
56	3
7	12
41	6
66	45
63	16
8	3
46	2
37	6
55	17
76	2
50	9
79	25
31	4
87	16
11	17
89	5
17	11
86	11
8	104
9	3
33	24
39	26
48	4
71	8
69	9
81	4
70	11
46	51
24	41
3	8
66	11
4	9
89	34
43	9
44	11
69	76
19	6
58	57
34	6
19	39
78	53
73	5
62	4
52	22
54	44
22	32
48	9
52	3
18	93
83	5
97	137
89	28
9	103
84	42
74	43
97	5
5	2
51	36
90	1
2	1
59	47
61	9
1	2
93	13
59	20
31	3
29	6
74	1571
16	2
31	128
63	8
45	6
47	4
33	34
100	1
31	29
62	6
63	1
56	2
83	25
33	4
20	5
35	1
49	1
54	92
92	2
58	16
35	176
34	193
45	16
6	1
42	3
18	27
80	22
62	17
38	21
79	145
6	8
54	5
63	6
85	1
75	5
93	1
3	5
80	30
58	19
25	57
3	14
54	14
19	11
48	7
60	545
66	8
38	17
71	1
78	113
58	39
53	118
12	1
76	1
57	60
28	11
84	23
80	4
16	8
56	30
6	5
40	6
32	3
42	2
82	2
13	1
74	1
93	7
76	7
80	33
6	72
17	35
42	15
82	46
46	1
72	2
5	1
74	7
92	8
42	77
89	5
16	6
74	9
98	12
80	37
85	78
37	1
78	5
49	3
34	1
96	2
96	4
20	19
88	1
39	22
88	78
38	23
88	1
14	54
12	54
63	18
78	2
48	42
28	1
14	28
41	1
70	35
61	31
9	5
3	10
32	2
74	3
96	45
31	2
99	10
3	2
41	3
63	50
39	47
36	15
2	4
64	1
17	7
11	168
75	73
24	1
55	1
26	8
11	14
12	27
50	17
73	3
97	51
79	3
24	47
38	16
46	9
48	10
77	1
39	2
75	2
61	18
11	1
84	107
43	4
33	19
60	4
34	9
91	4
43	6
30	2
43	4
33	57
89	4
51	107
65	1
92	2
7	5
63	25
27	6
88	1
1	540
16	3
6	56
98	4
72	64
28	11
5	86
7	8
73	3
75	3
83	6
66	3
21	95
34	40
89	35
10	1
19	44
74	6
84	5
24	31
53	23
73	23
14	4
6	3
88	175
75	3
99	19
62	4
72	207
69	22
67	2
100	11
56	65
13	5
48	10
49	36
90	107
61	13
52	5
93	5
99	2
61	26
59	1
19	34
21	10
41	3
69	8
28	104
13	5
18	10
79	10
63	2
39	1
74	16
94	2
81	7
86	6
92	20
14	2
78	2
100	10
25	8
58	2
48	10
43	4
85	42
84	1
40	9
74	19
12	13
83	1
62	2
84	24
16	1
14	89
35	5
62	3
38	3
14	7
92	4
2	6
28	88
75	5
59	3
35	2
19	10
13	10
37	12
85	1
96	30
48	120
67	56
44	297
84	4
41	1
64	7
3	9
31	23
61	7
81	25
10	497
13	7
30	39
73	7
57	178
16	10
2	6
17	14
90	81
54	1
28	11
75	31
60	38
63	1
45	12
15	290
45	3
31	8
80	6
92	24
23	4
43	15
92	2
72	2
12	1
62	71
94	8
24	2
93	169
72	3
32	226
95	1
17	4
2	12
28	5
83	1
51	2
77	2
37	6
75	5
73	11
42	1
72	2
70	13
55	1
54	2
80	2
66	2
73	36
96	17
63	53
54	118
55	4
6	1
79	3
94	4
16	31
21	10
4	30
3	19
83	4
47	8
56	1
62	22
82	5
32	1
86	4
56	58
68	93
87	50
45	3
52	5
67	12
51	2
14	5
79	3
13	63
62	28
89	1
99	15
79	3
66	129
20	36
8	24
87	35
88	19
27	21
95	251
15	6
15	5
1	35
27	2
70	1
32	68
62	11
33	3
65	20
8	258
71	6
26	1
61	4
92	1
55	71
32	14
34	25
100	8
42	2
47	3
18	2
74	4
12	2
71	1
7	9
63	4
45	1
38	59
52	47
44	12
18	1
27	3
24	17
37	46
57	1
28	33
64	2
5	39
10	4
55	12
57	24
46	46
57	3
10	1
68	68
19	15
31	7
40	1
75	1
22	8
10	1
57	1
54	3
100	1
88	2
32	23
76	5
49	49
63	13
44	7
62	10
19	6
59	5
1	7
85	10
16	2
24	18
18	6
84	3
40	1
76	4
20	30
51	51
34	18
26	10
95	30
43	8
35	25
22	19
38	45
57	36
51	3
76	1
9	1
38	159
34	1332
23	44
15	1
21	1
38	8
81	6
36	4
49	8
76	40
57	92
28	1
17	15
97	7
99	2
55	13
4	1
4	5
93	2
51	1
69	12
10	2
72	6
25	1
19	30
95	4
17	7
43	2
4	1
29	7
95	22
93	5
26	1
28	4
65	3
82	12
18	31
87	65
92	16
13	2
14	20
88	3
81	3
15	7
21	6
90	31
81	287
17	4
82	1
76	5
74	2
83	4
52	1
84	10
35	1
4	4
55	24
30	1
20	3
74	1
42	2
59	3
49	2
80	31
23	10
27	11
15	13
91	2
34	2
60	2
74	1
69	3
5	8
66	22
46	1
68	2
54	2
61	10
53	3
83	17
98	1
75	9
22	75
82	6
91	16
76	5
56	8
43	38
93	1
36	16
51	113
25	13
81	2
9	13
28	19
60	3
3	2
92	9
51	15
32	9
66	2
9	3
50	3
80	182
63	30
32	3
71	5
20	8
44	11
36	12
70	8
51	12
80	17
49	2
15	11
76	29
38	51
100	268
87	9
80	21
98	9
66	79
18	27
23	1
65	2
35	44
56	5
11	9
27	2
69	5
42	3
72	4
80	1
17	7
5	17
19	54
59	3
74	1
22	3
41	1
5	13
76	7
64	5
47	17
48	5
34	5
11	1
19	6
31	39
7	3
35	33
89	62
62	2
24	1
58	1
24	4
43	43
74	2
89	4
99	9
87	17
29	19
40	89
38	4
86	18
56	2
73	20
16	28
11	2
20	84
55	2
34	12
47	1
6	4
79	75
23	7
87	1
13	8
51	14
99	12
98	2
8	29
3	20
8	3
62	1013
84	1
74	9
17	77
25	2
55	23
26	3
20	10
80	13
42	19
86	70
66	9
99	1
56	5
47	28
17	19
42	1
29	5
17	2
35	11
67	9
96	1
69	3
57	3
98	23
30	18
90	43
17	3
71	4
40	17
87	10
30	6
8	5
43	18
2	2
17	1
21	51
65	12
78	10
41	1
70	111
10	7
21	11
99	2
50	6
13	4
98	1
16	2
51	3
29	3
90	2
24	7
8	7
55	13
60	254
63	3
69	2
93	10
50	2
85	3
33	9
39	2
90	17
87	6
68	19
95	111
63	93
71	22
58	2
58	2
72	10
51	18
44	3
81	3
37	1
96	3
13	20
4	4
92	10
45	36
9	5
69	2
10	7
97	1
64	9
40	36
78	16
26	1
36	29
66	1
75	11
46	18
47	29
93	7
94	27
49	218
77	2
77	2
56	2
8	54
30	69
53	4
89	8
81	105
88	77
1	11
59	63
2	6
98	1
94	1
83	87
97	3
11	31
48	1
49	98
84	1
55	2
37	10
18	15
19	4
67	17
19	9
16	1
81	1
18	1
60	22
20	11
63	8
32	13
48	102
17	13
61	4
23	1
66	104
18	5
97	14
55	1
60	1
39	15
39	12
70	2
7	3
53	3
23	6
31	80
67	11
54	1
22	1
28	4
20	3
74	9
33	19
34	26
2	1
36	4
79	3
37	5
98	1
54	1
76	25
42	1
35	38
72	20
75	4
46	21
49	56
9	63
99	41
25	786
66	10
91	3
69	18
81	3
19	30
38	1
22	6
39	16
26	12
15	3
61	6
93	6
79	81
42	11
46	21
28	28
30	3
7	18
96	5
16	41
25	1
11	3
32	1
6	37
10	1
56	5
32	3
83	12
100	25
90	2
94	1
8	1
86	5
73	3
4	13
98	19
41	60
79	4
56	42
80	28
56	8
92	2
34	4
1	2
54	1
30	1
59	7
21	20
54	5
29	2
34	68
37	4
34	3
50	27
51	68
11	3
68	7
97	2
79	1
38	6
88	12
30	13
7	48
94	1
96	4
68	23
49	19
6	77
71	22
75	11
36	70
79	5
38	84
7	7
24	2
100	39
62	18
61	32
80	28
79	10
76	7
55	49
55	4
58	63
67	1
98	4
69	5
8	107
54	7
26	6
58	18
40	17
7	3
39	12
6	2
64	9
15	31
57	4
29	1
98	16
49	2
100	21
74	5
79	5
25	13
8	29
81	90
52	1
51	3
24	2
11	16
89	19
8	1259
98	19
14	3
83	23
93	6
83	11
93	24
96	19
16	1
50	16
55	5
35	1
47	5
65	2
49	1
86	275
1	2
45	3
29	2
27	10
65	6
38	1
73	6
26	31
40	3
89	51
33	15
55	3
37	8
88	12
23	38
46	5
7	1027
40	80
20	41
7	13
79	137
94	24
32	1
43	9
50	272
69	3
58	26
65	2
93	4
31	7
76	4
41	4
17	38
20	10
98	4
73	2
25	6
78	2
88	100
27	1
51	4
71	2
22	12
54	27
90	80
81	12
64	11
50	6
5	4
68	18
98	6
29	1
9	122
30	27
79	33
86	28
55	3
41	8
95	9
43	76
81	15
1	32
48	9
76	12
23	9
54	3
87	48
46	6
93	35
43	15
82	1
51	3
88	22
17	103
36	40
17	7
33	29
12	8
19	1
33	7
82	1
12	145
72	3
14	1
83	4
86	4
88	1
5	1
79	1
8	1
31	3
35	65
93	23
43	57
85	2
3	73
13	2
37	2
75	3
52	98
10	14
74	522
73	27
24	10
2	51
70	7
8	7
46	2
1	2
63	21
15	5
54	1
83	19
15	4
92	22
67	6
54	1
98	40
21	22
82	2
57	60
57	3
58	62
15	1
90	2
47	7
94	7
83	15
90	4
85	1
66	17
33	7
42	2
98	3
56	3
87	31
81	50
27	39
45	15
99	51
70	8
42	30
45	2
42	5
25	6
66	22
29	120
62	200
32	1
84	33
89	1
50	3
65	26
10	1
69	9
95	68
53	3
4	15
12	53
34	1
75	1
31	1
48	4
74	12
2	12
70	4
31	30
62	1
47	1
4	3
30	29
56	394
38	30
82	11
60	73
89	5
65	20
37	1
14	9
96	1
71	32
56	5
36	1
96	1
91	9
1	174
53	1
6	10
71	6
43	2
54	454
16	43
54	4
35	12
14	1
34	3
98	18
36	89
10	34
20	3
35	152
72	6
32	15
29	2
17	1
84	1
53	7
40	19
3	2
77	26
7	8
51	47
50	215
90	16
21	1
59	28
80	15
94	10
59	43
18	12
44	2
97	8
52	2
6	18
14	8
73	32
43	4
24	35
12	2
3	5
73	1
39	5
94	17
68	4
5	22
79	1
89	4
48	55
63	64
97	765
38	36
95	30
43	1
23	19
35	68
87	5
37	6
64	38
9	5
35	29
19	23
17	1
88	7
99	4
20	5
77	3
16	1
88	9
93	8
12	2
87	3
39	33
27	35
5	9
88	3
51	1
52	2
64	59
34	23
92	4
61	57
13	63
90	11
33	24
14	5
66	45
94	10
74	7
9	2
6	55
69	1
53	1
27	4
62	8
82	1
17	5
72	2
17	2
33	5
48	1
45	1
97	11
20	11
58	43
1	8
75	26
24	23
45	4
94	2
14	23
11	17
68	29
64	2
95	14
85	10
94	6
10	27
67	6
12	13
56	5
44	2
85	2
8	2
20	9
86	117
80	20
16	12
30	13
83	26
78	138
22	1
96	3
61	11
60	35
42	11
36	3
49	11
51	12
100	8
61	29
56	5
33	13
40	1
53	18
41	16
41	18
1	82
45	8
1	20
36	2
22	12
27	28
94	18
30	6
52	1
82	2
34	9
81	25
79	5
47	10
14	3
33	1
74	46
30	45
32	2
68	8
40	1
27	51
76	12
78	6
49	11
37	18
24	11
7	69
53	18
25	19
43	2
36	13
37	38
42	20
34	12
24	1
7	26
59	5
57	7
12	4
47	64
88	9
68	11
76	26
51	9
42	2
60	1
13	6
45	12
15	2
66	3
56	7
40	1
6	4
1	2
1	52
69	14
21	20
38	1
60	33
99	2
84	1
29	10
5	8
53	6
56	7
8	19
43	7
76	34
43	40
69	5
27	1
35	2
26	3
98	27
63	7
38	6
57	6
94	2
43	3
31	5
16	14
60	2
37	10
10	9
63	59
25	66
67	1
91	3
34	14
81	2
35	8
42	6
87	11
51	49
32	6
79	1
70	5
9	7
77	42
36	38
96	8
31	1
71	1
58	15
8	27
52	6
7	5
84	267
31	3
26	10
18	33
14	7
47	2
45	379
92	23
14	1
45	86
52	36
69	48
23	21
50	11
70	1
71	1
53	1
91	2
68	2
86	2
47	8
6	58
59	24
76	44
87	10
19	4
38	66
51	1
15	21
87	3
60	14
40	9
10	14
42	12
90	4
61	7
63	2
31	9
67	245
44	28
77	2
44	9
53	11
27	14
46	1
54	407
73	2
69	1
27	3
63	12
41	2
55	4
94	5
27	24
91	3
13	20
35	2
86	16
2	1
57	12
28	3
4	20
7	33
34	1
34	25
52	1
72	26
80	6
91	13
24	10
27	8
53	1
96	2
52	6
53	21
48	9
70	4
79	7
23	3
12	27
9	297
86	1
21	4
96	1
23	139
96	51
59	47
67	68
41	10
3	34
30	3
72	2
53	1
79	11
63	42
35	1
5	30
54	73
38	9
40	6
19	1
65	1
39	1
32	9
53	3
72	33
88	10
33	3
45	22
66	4
2	3
81	21
73	2
35	9
34	32
25	3
12	13
30	15
72	1
29	3
50	24
58	59
46	5
76	134
1	3
49	2
94	4
12	42
67	6
79	2418
19	1
5	3
44	7
32	58
50	18
43	14
63	11
36	2
90	391
50	3
4	3
96	1
84	20
14	47
52	6
6	4
99	2
3	2
47	2
61	10
97	1
47	8
55	3
23	2
44	12
38	11
74	14
96	1
91	385
63	2
5	95
67	8
30	5
97	19
7	14
24	9
64	3
66	1
3	11
66	8
11	14
45	3
39	5
97	7
2	3
74	39
27	17
61	2
61	7
83	7
69	3
21	626
79	23
3	1
77	1
31	2
75	26
28	4
19	31
98	44
35	65
30	5
63	9
20	30
2	155
93	38
12	40
54	9
3	14
75	48
28	9
70	16
35	2
18	55
73	4
77	15
38	8
19	4
51	7
26	84
91	5
74	148
82	10
96	16
87	29
67	6
30	14
67	13
85	2
17	18
3	67
63	6
3	53
43	2
22	4
57	10
89	4
18	5
9	1
10	1
86	6
60	3
63	5
78	49
13	1
55	12
92	5
58	250
1	11
99	100
71	2
86	34
89	21
33	84
67	31
43	3
69	94
18	2
79	1
30	117
45	4
58	4
53	38
34	36
67	9
27	8
91	4
100	5
66	8
28	21
77	62
35	3
76	57
80	2
50	15
50	33
92	7
82	32
26	8
1	9
51	9
34	1
90	25
72	3
69	5
38	5
22	108
94	24
27	5
55	3
33	26
74	26
63	14
72	4
74	68
32	20
50	2
69	2
98	4
45	14
91	34
14	18
5	8
13	3
83	5
10	4
71	7
91	40
91	1
72	6
37	6
92	12
68	61
76	23
51	27
34	8
53	4
57	20
58	1
39	9
88	18
7	4
83	3
42	1
62	5
41	3
68	8
83	18
43	12
52	10
29	185
34	8
37	5
89	51
11	12
86	5
79	2
7	1
41	7
86	4
65	3
100	8
9	5
67	10
44	3
43	1
8	9
57	17
71	34
41	8
76	13
31	1
23	10
67	9
89	15
69	4
81	7
36	113
55	15
91	3
25	2
26	1
65	2
79	11
80	1
68	19
49	1
61	10
38	3
38	16
82	11
30	22
26	77
2	6
72	4
82	2
80	2
79	7
41	32
31	7
27	7
79	43
47	4
98	2
69	25
14	523
41	6
15	11
13	3
50	10
11	4
31	21
89	4
86	1
65	12
5	1
14	5
18	1
25	25
1	28
2	13
94	7
61	20
12	148
75	13
8	2
43	1
79	62
98	3
16	8
80	2
5	17
3	10
10	74
41	8
72	6
75	59
88	18
77	10
60	1
63	27
40	23
57	105
40	6
34	9
68	7
75	6
62	3
50	22
9	9
32	6
36	4
97	1
46	96
26	4
29	5
24	7
45	4
90	17
39	28
91	17
39	6
82	45
46	40
23	38
72	1
34	32
65	4
83	2
7	2
66	12
48	7
7	64
26	10
28	8
70	4
21	4
83	5
12	2
84	8
34	12
93	21
15	2
100	1
70	8
56	35
45	1
80	36
48	741
46	5
68	3
93	1
79	4
42	19
6	9
76	2
33	3
57	5
28	73
95	7
67	5
88	2
57	3
62	17
72	12
31	7
78	15
31	3
53	47
45	3
98	4
49	33
92	4
80	1
13	2
72	14
27	407
42	9
78	8
39	13
13	81
39	33
95	27
45	2
94	2
57	12
66	23
24	1
13	4
80	1
80	6
8	16
14	11
41	4
3	22
39	7
100	22
5	90
51	5
93	2
95	6
38	2
57	4
68	1
67	2
47	28
55	6
51	2
3	2
59	12
23	1
72	1
78	18
20	1
30	6
75	25
65	29
87	4
76	8
43	9
5	25
39	44
94	3
27	34
33	36
53	1
85	27
80	6
4	3
46	10
64	39
60	1
36	34
49	2
52	4
5	1
31	10
67	1
85	1
72	1
81	17
75	3
52	1
31	6
53	141
92	102
49	4
96	3
49	34
47	59
39	48
59	1
99	4
45	2
21	2
3	3
44	13
70	59
34	2
54	5
76	3
6	21
99	4
60	1
49	5
50	6
9	8
7	29
37	3
93	3
20	2
62	327
27	10
62	20
31	35
51	13
63	28
82	1
9	4
60	14
98	52
95	33
69	9
17	3
4	14
15	4
60	3
90	6
59	6
99	1
69	9
46	2
4	3
43	7
19	7
20	82
15	8
27	5
67	3
92	43
56	6
45	10
34	8
54	3
88	44
32	86
100	12
38	1
8	19
19	2
38	12
94	9
8	12
86	8
15	29
95	117
87	34
37	16
76	722
15	49
41	3
70	26
75	18
99	3
91	4
59	1
10	5
31	51
76	1
42	8
97	22
64	1
79	20
7	121
90	2
21	14
19	7
26	43
1	1
26	4
44	5
22	1
93	9
70	8
72	40
62	1
99	1
55	93
76	27
88	2
83	1
99	3
2	5
46	1
51	1
97	19
11	7
46	18
74	103
75	19
78	1
17	14
12	20
57	15
32	11
4	24
4	1
19	6
29	4
11	2
38	3
72	2
30	27
3	29
84	1
100	1
64	6
88	2
38	30
14	25
40	408
87	10
22	9
100	110
20	78
32	2
21	2
58	2
23	2
5	22
89	4
18	36
23	12
79	12
2	76
33	4
12	21
36	12
28	5
38	7
48	8
57	2
75	4
70	2
77	2
7	109
33	1
69	4
81	53
67	9
90	2
75	3
22	49
37	8
96	22
97	2
94	15
15	3
70	26
16	20
62	4
63	2
98	5
1	52
77	4
64	449
70	2
70	20
99	2
40	6
31	3
40	21
92	46
43	7
43	19
11	3
84	72
50	1
55	1
14	76
69	265
100	233
18	6
29	119
26	6
13	20
8	38
31	9
11	1
64	9
86	9
8	14
50	5
53	12
60	36
86	42
95	2
18	5
5	13
80	38
17	2
89	1
49	4
75	13
95	107
15	6
15	20
1	6
79	34
67	6
71	6
18	8
88	6
30	31
84	2
25	7
53	12
76	265
35	5
63	8
39	19
60	18
51	13
68	4
65	1
71	54
37	511
52	10
78	6
19	1
90	1
12	35
11	26
99	48
40	25
73	9
42	10
82	12
44	52
24	1
34	8
42	22
85	2
97	34
74	1
74	7
13	40
61	38
76	27
67	3
71	6
45	9
75	3
55	9
79	6
25	3
76	13
86	8
63	13
74	5
1	9
3	8
37	11
88	20
73	8
79	23
97	4
7	16
54	19
40	3
44	12
48	1
34	2
83	14
20	55
84	24
8	67
37	3
1	19
7	17
83	2
69	6
13	5
54	7
92	11
1	3
61	11
6	19
34	4
89	8
96	3
24	1
63	6
98	1
89	1
88	13
46	8
53	4
35	2
75	1
3	16
13	24
27	3
8	9
9	4
64	2
72	7
11	200
52	32
97	3
69	12
14	9
44	3
71	52
76	26
7	1
23	2
92	40
92	10
61	4
46	13
9	5
68	30
3	1
31	11
62	11
87	3
12	7
44	42
63	2
30	34
100	4
92	10
6	8
93	10
35	58
94	14
60	12
14	46
31	2
13	12
43	6
70	15
32	9
40	9
36	10
14	24
25	8
30	1
40	7
100	7
13	14
17	3
6	144
85	10
25	11
80	24
99	3
73	1
14	1
75	2
32	37
37	34
45	1
90	6
40	4
58	9
34	16
79	6
7	11
26	1
12	1
50	5
58	11
92	233
85	3
24	18
7	24
76	4
30	19
87	47
54	3
77	8
21	11
77	33
70	129
61	35
59	1
96	4
83	8
91	3
5	13
87	40
78	28
66	14
27	59
79	5
47	69
71	3
62	27
97	6
50	38
16	5
19	5
28	7
50	49
20	13
35	10
69	6
19	68
70	10
85	5
30	1
59	3
1	8
47	6
3	9
5	1
8	10
29	33
76	1
4	2
83	1
4	18
2	17
36	2
71	1
23	4
2	2
4	5
53	22
50	2
50	2
77	10
29	9
43	23
86	4
2	18
35	4
23	1
31	28
11	2
30	1
5	2
18	3
85	6
61	21
29	4
40	10
22	37
61	11
28	14
13	6
18	2
86	5
87	31
49	2
69	1
82	3
9	5
84	13
73	1
78	10
10	6
58	15
42	1
47	4
68	1
50	11
10	5
24	1
3	7
45	25
2	19
47	6
29	1
54	2
30	51
54	24
5	7
21	7
82	26
66	1
30	7
34	2
3	3
39	17
33	1
80	1
13	7
96	18
60	53
46	17
37	4
31	99
62	13
38	1
22	7
44	13
70	1
93	13
37	32
77	4
67	138
8	2
85	1
24	40
8	24
36	4
19	3
36	91
69	6
75	5
80	14
44	14
46	69
21	6
71	5
8	11
56	11
68	11
21	11
36	3
11	21
24	16
89	21
13	6
36	13
50	5
9	24
64	8
32	9
41	16
84	11
91	8
14	13
78	2
52	2
14	7
36	2
95	5
1	10
32	7
98	34
3	659
77	33
13	2
53	16
14	39
52	10
26	11
66	1
50	1
20	5
31	2
57	5
30	1
36	37
96	37
45	3
91	10
67	13
84	1
7	1
6	6
6	3
74	3
86	1
40	24
43	13
11	11
47	58
7	104
4	90
67	2
52	7
72	15
60	14
89	5
56	18
76	4
25	1
84	3
76	2
18	3
93	20
68	5
71	6
73	46
80	42
25	387
96	21
52	21
54	3
76	10
86	45
22	7
4	22
23	57
80	73
1	11
71	2
15	20
46	3
18	8
78	81
59	4
41	25
83	15
2	2
55	20
13	23
48	5
85	16
99	12
65	12
40	1
70	7
79	16
93	402
91	77
89	7
47	5
11	25
26	2
92	2
98	3
61	8
20	3
70	10
61	6
20	24
20	8
5	9
56	13
45	58
20	16
99	18
17	10
99	13
72	7
74	2
46	7
17	6
31	21
86	2
71	1
42	5
45	19
91	8
95	2
2	1
71	9
84	4
12	5
28	6
76	1
55	10
87	1
89	43
60	27
11	74
30	19
23	1
98	82
78	3
99	21
10	1
34	19
55	21
30	5
79	2
87	57
29	5
7	2
46	1
90	14
47	1
8	107
97	5
33	1
1	16
56	3
51	6
54	9
85	3
42	23
40	5
99	20
58	2
37	5
70	9
59	14
97	2
88	3
75	43
18	28
6	811
36	3
65	12
64	7
76	1
63	21
37	7
86	51
17	6
97	6
48	2
57	1
73	4
88	34
19	8
74	7
81	360
31	2
2	5
45	26
2	37
43	10
71	11
84	9
50	2
28	8
87	1
44	4
79	3
10	10
91	5
20	11
97	3
67	30
95	3
27	3
21	4
86	86
49	5
81	34
1	1
99	2
91	14
50	5
29	1
69	3
46	13
42	2
89	174
44	6
23	3
31	50
90	6
38	9
85	3
89	1
78	26
24	27
85	21
93	21
36	46
85	34
1	19
27	4
90	1
24	20
39	38
60	2
22	2
18	5
19	4
43	59
97	13
69	7
43	3
46	9
74	10
63	7
60	5
16	1
10	13
13	3
45	12
79	1
73	6
75	3
6	49
39	25
88	4
35	9
72	28
12	7
14	9
71	2
14	5
73	1
77	19
26	54
9	1
90	32
52	9
24	35
85	2
11	12
73	7
54	1
29	4
40	59
90	6
18	3
100	3
29	20
27	106
100	106
9	28
20	4
5	1
22	5
57	1
13	14
33	1
76	3
34	17
6	13
29	3
29	7
64	43
56	8
14	6
82	6
44	7
38	12
96	8
41	13
47	3
84	13
74	14
43	9
25	1
33	7
74	1
34	17
21	2
31	131
44	24
59	11
65	140
91	1
7	17
15	161
87	2
83	2
60	1
70	7
76	1
41	5
14	4
38	10
67	10
71	4
32	3
1	10
78	8
59	2
26	8
41	7
74	3
76	3
52	1
20	1
99	45
76	1
38	6
50	19
84	20
66	10
54	9
14	4
61	15
18	6
96	5
51	8
85	5
5	3
75	8
62	8
85	8
90	72
53	2
78	1
63	1
55	6
60	1
98	4
92	9
59	36
25	5
60	12
38	8
96	1
89	1
38	2
98	3
98	9
69	9
91	3
69	8
99	1
65	9
1	2
64	1
96	27
19	8
49	5
23	2
72	4
53	11
87	7
39	17
57	7
63	6
91	1
43	23
64	10
85	10
68	28
74	3
88	3
21	70
51	46
31	41
6	6
35	1
86	1
81	5
33	4
92	15
78	6
11	20
45	1
8	4
95	20
26	8
24	42
69	2
42	11
1	3
83	14
43	8
60	4
13	10
70	5
14	13
89	7
44	7
72	2
97	3
84	2
100	3
73	13
85	20
67	7
16	1
72	11
20	1
85	10
75	9
87	9
5	8
16	8
65	8
50	1
5	200
87	1
92	24
71	64
28	21
13	1
38	11
54	45
70	2
93	4
44	8
36	8
59	2
99	1
90	67
35	5
33	6
49	3
84	3
99	3
60	58
59	3
50	14
59	2
1	23
15	31
82	7
95	6
5	137
14	21
93	16
91	5
74	21
100	1
13	29
24	12
65	6
22	6
93	4
85	2
82	1
41	112
5	10
7	4
