10312
71	26
75	6
64	8
5	1
30	72
95	224
83	76
36	3
30	12
41	32
20	109
45	1
23	3
34	45
62	112
18	57
91	62
76	3
93	2
52	8
60	5
10	23
60	54
22	6
68	16
66	83
11	3
93	63
7	64
57	1
56	4
51	1
19	29
52	1
5	5
37	44
2	164
10	1
94	15
2	105
45	22
52	4
34	46
41	8
70	20
59	34
75	5
27	7
86	33
8	91
86	10
58	1
94	7
51	6
49	13
100	1
24	2
53	39
46	3
48	9
41	20
96	10
66	11
60	3
52	183
44	93
15	1
75	11
19	5
46	6
30	16
65	89
99	2
13	3
9	1
63	6
69	89
16	8
80	2
36	8
46	53
20	72
32	43
71	4
71	2
21	49
17	6
8	281
1	36
64	16
83	3
62	56
84	79
36	4
8	3
45	1
54	13
17	4
10	25
38	8
8	12
84	15
43	6
43	13
63	8
56	1
32	12
96	37
46	25
29	3
6	1
58	1
41	41
95	27
66	34
33	12
90	5
100	33
59	85
28	3
100	7
17	3
100	91
97	147
95	27
1	5
2	65
58	659
89	142
95	2
35	22
30	19
47	1
9	3
23	7
77	21
70	3
5	5
57	9
17	2
78	2
54	10
80	30
24	18
66	6
73	28
49	27
76	24
34	4
3	17
71	23
83	3
75	7
61	8
40	7
85	8
99	2
48	15
100	52
97	12
93	245
65	2
26	5
39	4
76	6
67	1
23	1
38	1
88	3
80	9
28	9
44	1
2	14
55	28
67	18
66	1253
75	1
52	12
74	4
58	5
83	1
98	37
77	13
6	63
86	4
91	22
2	2
90	22
29	17
56	3
98	8
6	94
7	7
71	5
98	52
32	20
56	8
89	2
69	14
96	5
31	7
70	1
76	5
39	19
54	20
3	18
19	19
74	160
64	2
57	36
75	18
93	3
74	23
15	73
78	19
47	1
100	13
92	8
26	480
82	6
76	23
81	4
91	10
71	6
49	8
19	72
20	3
5	60
95	147
86	1
81	18
32	12
51	1407
10	20
57	8
58	3
27	5
78	5
95	118
75	2
79	5
69	1
55	71
94	10
44	51
72	99
66	26
59	24
79	32
47	3
59	1
19	9
45	2
5	11
99	19
33	3
23	6
31	2
27	5
29	1
7	48
98	3
4	8
92	4
76	14
20	13
94	5
22	2
37	305
29	2
57	11
17	7
19	5
60	7
23	26
18	3
88	22
6	15
23	17
76	8
39	6
35	11
85	633
75	20
33	49
61	14
20	31
72	31
23	2
82	11
22	108
79	10
66	1
4	16
32	240
89	32
27	3
55	11
82	63
36	15
35	94
59	46
24	5
92	2
64	7
44	101
25	6
47	24
57	6
34	17
81	2
62	4
49	5
22	7
48	316
48	61
5	25
37	39
88	4
26	30
5	2
89	1
94	6
23	23
84	10
42	3
81	3
23	37
23	39
11	62
53	4
4	5
68	5
84	3
72	13
59	22
30	8
9	2
81	4
25	4
90	95
80	26
21	6
99	15
50	2
16	6
70	52
58	22
15	10
45	4
51	1
66	3
53	45
55	3
56	1
100	31
97	13
66	32
86	4
63	14
28	5
89	23
2	1
39	28
39	68
54	9
89	1
21	13
44	21
25	176
6	41
47	8
55	15
23	8
80	178
79	11
16	151
56	19
64	4
84	1
28	15
43	2
7	28
60	56
42	2
100	4
60	9
53	8
62	4
6	1
13	3
99	66
2	311
48	243
52	179
19	17
68	2
99	2
28	158
76	104
94	5
20	3
25	5
19	19
51	6
30	8
11	5
94	4
86	12
28	16
72	26
69	17
60	19
64	19
29	47
60	3
18	35
75	3
6	175
79	3
68	1
23	108
87	80
41	25
9	5
62	33
67	4
70	12
100	2
16	68
76	7
3	31
57	55
86	5
74	3
71	6
23	33
23	12
61	7
34	3
83	5
1	7
28	11
78	19
8	7
59	1386
72	117
80	23
42	1015
43	81
33	7
59	46
57	4
16	23
44	34
39	5
95	19
79	85
61	98
53	58
53	3
55	3
76	121
5	1
2	145
83	17
63	24
41	1
22	3
40	8
5	16
46	46
69	10
25	11
84	2
1	197
91	138
12	11
92	40
82	33
66	7
31	2
57	4
3	47
26	5
46	17
24	22
85	53
67	14
24	33
89	1
37	6
82	4
97	1
16	5
70	6
46	14
13	2
22	14
31	141
61	527
33	4
70	96
79	22
77	28
89	16
30	3
95	2
74	43
36	1
21	8
26	4
60	6
19	3
57	9
31	29
80	43
52	111
31	21
89	38
84	7
23	13
2	6
75	6
60	7
20	114
18	3
49	1
35	7
9	2
71	28
12	64
54	60
3	20
45	25
43	26
19	15
44	6
35	5
51	4
80	14
30	136
67	10
78	203
49	3
96	1
30	89
21	56
23	3
71	19
65	77
99	7
83	15
55	29
12	1
14	434
27	14
93	5
73	13
46	120
60	69
91	8
52	17
76	3
33	52
93	35
11	5
32	3
36	1
13	74
95	8
91	1
73	5
66	8
4	33
17	10
8	2
4	72
70	4
33	15
77	40
3	33
19	15
32	74
24	111
53	53
74	258
91	39
77	25
95	238
71	9
48	14
23	18
37	7
82	8
46	33
97	13
96	17
34	3
72	4
75	19
27	11
19	8
98	1
25	14
80	23
56	8
73	1
77	28
21	9
81	30
67	3
19	3
95	33
41	152
13	35
43	15
15	11
7	9
8	24
4	12
27	123
13	1
88	2
12	7
51	6
79	1
21	10
80	27
100	5
33	31
87	74
2	3
36	1
64	16
92	3
82	108
30	25
20	94
35	2
82	83
75	13
55	2
8	7
61	1202
5	27
23	40
68	3
95	34
36	3
50	47
30	102
48	3
76	51
32	12
2	3
100	18
72	16
22	6
39	7
38	43
76	50
38	32
87	5
2	8
42	37
53	1390
33	27
82	8
20	8
22	36
26	1
49	7
26	3
80	21
4	64
11	25
80	3
26	104
31	16
92	13
29	5
95	30
49	15
72	1
41	12
92	251
66	48
18	2
62	14
7	33
65	1
96	2
16	16
66	44
99	87
71	17
5	4
91	25
93	53
72	2
55	3
2	2
55	1
64	34
68	23
33	10
87	18
80	4
52	6
100	19
53	45
80	5
35	1
10	2
83	2
11	2
45	6
62	8
82	1
67	37
94	4
33	1
82	8
86	86
8	10
86	10
7	35
17	17
38	7
71	113
60	45
61	53
96	6
6	26
98	3
78	28
26	4
75	2175
25	7
91	36
97	2
91	4
44	3
47	10
90	17
5	1
49	4
56	5
91	64
72	9
89	4
31	69
62	20
73	261
17	2
17	63
91	13
67	12
71	60
67	15
81	32
60	11
87	8
24	32
31	37
17	33
48	11
85	39
4	26
47	13
23	5
37	104
75	44
99	7
68	17
56	1
87	9
81	1
85	13
2	5
4	3
86	3
64	8
64	14
30	6
92	3
26	2
17	24
83	4
48	55
31	587
3	23
21	13
41	7
91	3
71	2
59	26
1	2
29	71
94	4
26	1
62	25
64	3
2	23
44	99
1	69
3	2
90	87
89	29
31	16
24	20
29	6
61	64
8	32
93	30
47	53
89	8
21	4
37	10
3	13
75	4
53	113
9	11
4	5
76	17
80	20
39	102
32	7
37	70
89	31
96	2
51	2
47	23
41	27
96	9
63	11
49	40
51	3
61	7
5	2
91	22
86	17
45	10
33	7
12	5
14	1
59	20
44	9
38	45
40	51
30	3
7	35
20	1
86	1
14	25
67	2
78	454
37	44
25	16
55	85
93	12
95	100
83	1
8	94
73	3
56	451
100	2
83	5
70	4
51	4
62	8
39	63
73	7
61	1
48	71
85	47
34	201
95	5
69	94
39	21
53	1
99	2
8	81
24	33
1	37
12	185
95	19
52	10
28	1
68	30
30	28
67	8
35	2
30	22
15	10
47	8
14	4
24	2
78	45
97	99
24	22
43	9
9	10
90	2
10	3
63	21
13	23
54	2
42	13
53	95
55	10
27	4
96	73
88	10
100	2
6	23
96	58
94	25
45	23
92	25
43	76
97	7
87	19
53	3
36	60
88	44
56	14
57	4
68	3
79	1
32	23
42	2
31	25
34	7
21	1
33	18
84	4
70	71
30	2
2	1
79	25
7	89
6	5
88	2
11	25
44	6
49	14
72	3
24	6
58	78
34	2
59	1
18	18
39	24
3	3
63	12
80	13
19	1
36	7
14	20
24	2
43	17
45	226
55	210
70	100
16	54
5	7
72	96
6	32
72	2
1	8
93	2
7	4
69	1
20	3
91	6
42	11
67	7
98	2
58	13
88	19
74	1
50	2
65	2
59	108
67	46
21	4
95	15
73	9
72	310
48	3
35	4
98	14
27	13
77	83
66	16
60	114
7	16
40	7
68	434
58	3
62	51
97	7
9	4
71	2
62	17
46	3
59	511
53	1
42	1
72	5
45	3
50	11
43	3
22	4
39	3
97	7
9	12
8	129
14	3
50	3
47	2
75	19
90	25
41	14
7	7
90	1
94	15
54	13
32	9
99	2
5	10
22	26
91	2
83	5
10	13
83	32
30	1
13	5
87	6
55	45
69	11
96	2
87	2
2	5
75	227
91	2
98	10
45	3
44	25
97	1
14	3
61	11
40	31
14	1
29	2
19	3
64	3
63	27
15	2
71	10
68	1
73	57
25	8
57	4
47	4
73	45
36	4
54	8
57	1
100	8
87	29
34	1
89	290
3	16
11	50
96	14
86	16
95	18
36	12
81	22
8	2
45	3
37	3
69	24
18	5
30	3
90	8
6	11
58	2
33	1
33	3
98	30
96	2
31	1
94	1
17	3
16	31
43	1
59	14
97	3
83	8
32	1
40	32
2	14
48	7
16	26
13	68
1	112
56	16
43	3
94	5
2	2
19	41
64	2
59	29
5	1
37	5
65	12
76	16
24	6
51	15
55	2
56	35
75	4
38	8
13	9
27	1
43	9
10	9
26	51
18	19
61	11
70	21
82	411
90	26
69	2
49	2
7	7
30	24
67	80
1	2
50	9
45	3
75	95
51	10
74	1
83	91
74	17
11	53
49	50
65	38
44	5
44	59
68	30
86	1
44	59
65	2
68	26
38	2
15	1
95	6
7	25
26	231
32	5
88	13
41	2
1	3
16	9
38	2
21	340
69	9
13	4
9	18
42	10
74	34
37	6
96	4
48	8
28	5
9	7
64	7
70	5
85	3
12	3
71	2
100	2
47	28
73	2
96	48
57	18
74	16
41	9
93	1
93	380
71	2
38	8
2	2
2	7
43	13
63	17
48	5
4	11
26	4
53	420
94	11
42	2
7	20
39	6
21	4
70	31
84	71
81	3
65	38
27	4
98	67
71	22
4	41
91	15
54	7
2	5
56	9
17	3
76	40
64	2615
86	48
43	1
91	45
10	1
57	2
13	77
78	2
51	4
10	104
9	5
40	1
14	2
56	1
61	2
85	41
79	41
61	79
42	39
96	3
58	88
40	2
11	28
57	47
97	3
58	8
33	17
19	1
95	1
75	42
57	16
83	35
32	1
59	6
45	4
77	15
11	1
76	45
84	2
37	4
50	11
40	34
42	1
79	11
36	27
43	17
64	6
30	461
19	109
20	28
46	12
69	16
15	8
80	1
80	1
33	1
62	8
14	275
34	236
92	10
96	35
12	11
63	7
6	29
81	123
48	14
25	8
86	22
64	12
41	77
33	48
23	42
97	37
50	33
79	7
3	3
78	8
85	19
59	8
25	1
67	7
69	53
40	31
81	4
70	10
50	1
98	21
49	19
12	5
28	8
42	9
17	3
97	3
15	27
95	115
98	27
10	1
3	16
19	2
9	57
56	4
42	794
34	35
50	9
91	2
40	38
60	4
7	4
60	5
14	11
59	13
66	4
76	10
73	2
3	172
86	1
43	46
14	3
21	15
25	3
92	187
47	63
23	29
10	1
73	5
40	6
86	113
2	9
25	6
11	27
7	1
88	271
27	33
77	93
68	13
9	21
69	25
14	35
7	1
77	11
50	19
13	13
74	7
1	7
93	20
29	13
59	39
52	3
21	239
83	2
32	126
50	67
98	52
43	1
38	4
87	48
87	1
26	51
17	4
62	6
37	297
64	90
57	51
79	48
46	9
16	249
3	13
29	2
80	104
8	31
41	1
8	45
44	146
39	13
11	47
25	40
41	59
93	5
54	16
26	13
35	19
76	96
11	278
89	1
26	130
59	1
41	40
97	249
2	41
48	15
39	12
10	138
12	92
29	38
24	102
64	2
47	18
47	20
46	1
99	3
82	1
41	9
78	2
9	9
76	4
43	9
33	3
46	2
6	40
61	6
79	5
87	12
67	98
86	13
19	20
35	16
44	4
25	198
16	6
52	53
93	7
57	1
49	2
21	6
27	82
83	6
57	60
83	81
5	115
88	68
4	8
26	6
1	1
20	102
86	30
58	21
68	1
7	3
20	284
22	6
12	49
4	7
76	13
43	2
57	4
6	18
4	5
11	1
84	114
71	33
4	1
51	4
46	4
38	18
88	3
16	1
66	7
19	1
8	1
24	13
91	27
76	15
11	1
49	26
67	34
67	7
98	191
92	19
78	72
13	33
92	4
16	10
50	5
2	8
95	27
72	7
54	9
82	99
36	4
10	3
52	97
23	7
44	55
96	6
47	162
39	65
91	26
98	1
40	16
48	1
24	10
22	21
70	8
44	95
88	4
59	5
32	7
39	8
47	4
1	11
46	6
34	3
96	8
28	5
82	87
72	36
47	1
85	10
99	1
73	5
85	6
76	5
65	1
96	3
1	29
60	36
38	30
86	113
76	21
72	70
41	2
66	55
40	17
54	3
35	10
28	7
10	7
39	11
69	10
88	32
81	74
19	7
92	5
55	5
69	4
80	6
72	3
95	1
52	31
53	1
27	43
56	38
82	13
13	27
80	1
71	72
99	209
34	5
97	22
12	40
17	5
74	8
89	76
3	4
20	2
77	2
34	1
37	4
78	6
70	2
1	6
74	20
33	91
44	5
99	1
45	7
98	3
7	142
90	2
77	14
64	1
59	117
37	60
69	41
96	6
27	1
81	4
50	7
11	3
93	10
51	2
75	2
7	1
34	40
43	116
9	1
15	6
59	3
65	1
17	87
64	3
11	3
95	2
61	28
56	38
65	50
43	3
55	1
24	1
49	42
2	2
28	32
75	8
71	8
13	4
51	1
82	10
24	1
73	6
84	1
90	230
38	5
90	62
84	6
84	5
83	2
40	15
57	2
48	75
5	235
66	4
87	5
19	8
78	2
47	26
23	1
60	53
71	68
4	10
67	6
38	19
75	21
11	1
43	4
11	2
69	1
53	8
27	2
69	3
14	140
65	22
54	2
47	6
77	14
78	8
40	13
96	4
43	14
50	18
67	2
31	2
87	47
93	5
6	1
17	3
80	19
58	3
60	42
9	4
58	3
83	46
4	1
63	1
87	3
83	8
23	4
91	4
100	30
22	1
49	4
27	30
22	8
65	8
92	12
22	2
11	29
97	12
34	44
13	2
23	508
29	15
60	15
55	6
6	4
68	4
70	42
86	15
82	3
24	99
75	5
73	17
1	19
52	6
81	6
9	11
10	3
100	25
8	2
33	116
86	244
71	2
46	7
45	18
57	4
52	1
17	174
69	5
94	3
54	5
35	6
28	38
51	14
69	3
85	5
75	493
53	43
24	125
52	4
29	1
93	60
43	69
57	14
30	2
82	18
27	3
97	2
64	61
85	1
9	2
85	10
91	5
79	1
38	5
87	86
94	7
51	14
39	30
47	31
60	2
3	4
48	18
91	1
50	17
94	3
97	89
41	5
18	2
53	44
53	152
26	41
21	12
82	1
86	4
31	2
11	4
30	53
36	1
20	49
47	45
43	2
95	15
82	104
7	5
72	4
77	18
57	5
76	26
8	52
21	1
57	79
23	11
41	16
57	128
95	13
77	1
98	70
24	2
88	1
17	12
45	15
59	21
89	90
42	78
98	1
35	4
44	186
43	53
19	2
48	11
54	12
1	2
51	4
34	1
10	2
100	16
42	6
6	66
95	13
79	48
60	64
49	16
73	6
43	7
42	33
55	10
18	24
50	60
84	8
58	10
37	3
99	5
67	11
13	1
3	9
5	1
7	4
21	81
96	18
74	4
5	2
83	54
87	49
90	5
72	2
67	3
55	33
38	1
20	5
34	2
44	26
40	30
94	18
85	30
75	15
77	5
89	82
53	4
96	13
49	7
40	123
26	35
31	5
67	52
17	125
76	20
89	47
14	1
27	3
23	18
59	1
84	212
63	56
27	3
78	48
76	3
42	7
16	5
16	4
26	2
34	23
45	4
20	510
8	30
8	78
51	3
34	10
65	2
70	32
5	93
18	32
21	20
32	15
82	47
69	8
84	15
13	2
28	68
85	14
30	68
17	16
58	3
65	18
97	26
65	27
86	1
32	5
92	34
93	58
15	15
32	5
67	6
77	1
28	41
32	27
5	1
88	226
2	6
87	6
90	27
99	3
84	1
32	27
98	5
100	10
89	54
13	1
79	560
4	61
1	15
14	3
87	167
70	5
56	5
39	9
63	12
72	1
71	2
73	75
31	60
83	8
7	9
77	7
83	143
42	2
67	2
40	3
59	26
93	2
22	3
59	22
20	9
82	2
38	54
10	5
30	2
39	1
39	3
24	9
99	1
56	5
71	28
21	4
9	1
95	2
96	125
13	110
87	2
9	1
1	2
44	10
13	2
18	28
48	395
24	21
58	6
62	4
26	13
61	14
100	18
15	1
11	127
14	3
74	28
73	10
95	10
55	16
49	33
62	11
65	7
94	25
15	6
53	12
42	3
26	26
19	33
87	25
20	4
79	284
25	6
70	36
71	3
78	77
48	1
67	17
75	11
37	5
20	3
33	19
6	6
53	19
3	72
5	6
91	1
18	18
38	7
38	13
62	2
30	2
5	10
24	4
61	3
71	2
5	1
92	12
66	7
33	140
34	2
93	174
24	24
95	20
48	3
24	5
46	4
70	4
2	54
84	45
9	6
93	2
9	118
22	2
83	9
45	2
47	8
44	125
46	27
87	16
69	49
54	3
64	12
19	2
71	42
30	85
7	7
43	12
9	5
93	8
74	75
58	4
74	12
94	7
90	32
16	5
43	63
27	13
47	26
74	1
46	43
48	97
76	5
72	1
10	1
26	24
53	11
7	75
88	51
50	11
32	31
91	2
90	129
31	619
62	4
53	20
58	38
63	67
47	17
68	79
50	286
91	13
32	4
80	1
96	7
99	1
50	8
5	6
6	106
74	56
43	21
77	12
83	1
85	20
77	3
36	46
1	2
80	30
22	4
50	49
92	8
1	1
89	51
31	10
92	22
64	2
34	15
87	2
36	4
96	7
27	23
38	16
57	14
59	1
27	129
52	1
61	2
10	16
56	1
47	4
96	4
34	2
6	11
97	64
42	1
53	2
75	22
48	1
10	13
66	18
18	49
58	7
68	6
31	1
59	23
22	137
42	2
86	20
26	200
88	2
78	10
88	8
33	4
39	3
92	78
30	9
20	10
39	9
57	3
14	1
49	7
72	3
94	5
90	49
43	3
38	2
69	222
28	29
63	1
43	68
22	1
16	4
62	8
32	76
27	30
37	2
83	69
69	18
17	2
47	80
35	6
35	6
13	11
3	26
80	127
81	16
72	121
45	12
2	9
3	8
24	18
54	4
98	59
34	5
32	92
30	20
16	6
20	4
26	12
6	7
23	1
57	19
34	45
79	182
81	1
14	1
23	20
62	4
94	13
39	1
27	1
43	12
83	2
73	4
40	59
64	7
69	27
61	1
25	1
41	26
24	2
60	30
25	1
18	17
69	18
95	2
75	411
89	3
54	8
17	2
43	30
60	21
56	30
65	9
10	16
36	1
10	2
79	36
69	1
56	1114
56	21
83	2
42	2
91	1
84	1
93	4
92	1
89	4
23	1
79	4
61	4
17	6
61	5
8	3
94	5
69	4
17	3
83	1
74	3
6	70
84	5
87	20
53	3
74	17
83	1
10	4
17	3
64	17
24	13
62	32
87	2
70	3
34	3
13	4
29	15
20	5
67	8
39	8
84	39
45	1
67	18
60	39
32	11
64	19
46	6
25	4
60	2
87	2
50	3
3	3
17	3
89	7
79	15
6	3
90	6
31	6
8	16
43	2
65	16
99	33
35	1
46	5
20	44
38	10
30	5
46	6
14	30
85	12
65	1
58	47
43	1
14	277
82	55
94	5
14	3
60	4
66	28
94	3
88	41
58	1
75	3
67	1
41	1
85	1
92	2
12	117
34	2
88	11
33	6
13	3
72	30
45	8
80	1
78	2
25	79
36	10
89	148
91	4
4	290
35	1
21	52
32	6
74	10
21	240
100	53
55	92
9	7
64	6
41	9
55	21
27	21
68	72
43	26
45	12
85	6
44	3
28	204
10	114
47	1
11	29
16	20
73	26
68	72
64	1
81	26
77	11
12	92
23	304
2	4
4	39
49	6
42	6
27	4
80	1
33	5
22	2
7	4
76	88
87	2
34	3
61	7
26	87
6	2
79	28
18	9
44	2
81	6
93	3
88	7
31	13
14	8
72	5
3	1
46	15
89	1
7	7
93	13
74	2
84	1
57	2
85	7
67	77
89	42
76	122
32	23
100	11
63	7
17	31
69	2
57	3
96	45
58	1
99	39
91	1
34	83
36	1
99	1
88	55
13	24
15	6
21	6
93	25
88	3
3	1
74	5
65	1
26	9
61	1
5	80
58	4
50	26
60	43
47	10
87	3
62	3
7	6
19	2
69	4
59	17
14	74
82	4
4	186
4	29
82	29
67	14
49	2
84	36
16	1
7	18
93	2
7	68
2	171
97	26
84	2
44	5
38	2
79	3
31	1
57	2
41	31
4	16
39	1
49	12
21	125
8	1
75	66
11	4
91	23
49	9
13	4
23	45
17	1
42	5
34	15
12	7
74	2
66	1
53	72
70	1
22	9
37	24
94	46
24	6
5	9
10	4
64	9
18	54
36	1
80	7
62	3
46	1
9	3
50	20
78	43
38	1
51	3
46	4
73	81
81	3
41	61
46	8
74	4
36	13
74	1
30	11
61	3
21	1
38	3
34	23
93	1
17	82
48	44
40	1
31	1
49	58
61	3
79	2
8	26
47	2
85	46
20	33
54	23
18	89
15	4
58	15
77	1
2	17
89	19
96	9
12	3
94	28
89	43
58	4
89	159
81	40
31	9
70	1
93	1
28	13
41	4
65	1
63	7
92	1
59	51
22	20
30	21
95	45
38	9
18	2
56	79
51	6
2	5
22	72
62	30
52	9
86	42
22	126
35	2
51	11
100	20
67	12
86	18
3	8
13	1
52	4
21	10
5	2
25	29
68	22
79	66
39	12
36	1
64	18
73	2
66	2
37	10
56	3
93	14
48	14
29	17
76	27
53	5
24	2
11	19
63	3
10	1
5	1
13	7
18	16
85	1
60	15
68	17
94	5
25	1
69	10
91	133
2	131
28	255
72	1
68	63
79	98
38	1
74	27
54	24
38	135
78	10
58	5
64	17
9	2
47	20
40	17
24	35
84	81
70	8
41	15
40	67
66	3
5	9
31	39
81	29
47	745
17	1
7	328
58	82
19	8
95	4
93	118
3	1
74	21
82	15
13	19
37	217
1	34
16	1
3	11
99	117
11	295
5	5
46	39
84	14
70	8
25	10
52	4
89	10
56	9
43	2
94	8
46	11
23	19
77	111
13	218
26	3
41	3
40	2
43	7
5	21
56	66
25	9
60	11
84	21
86	5
35	26
56	1
25	30
92	71
7	17
27	25
79	7
13	71
8	9
96	6
19	12
92	32
11	20
60	9
18	2
20	17
28	64
83	7
9	12
4	1
31	10
99	4
48	25
31	4
19	85
18	18
29	1
84	143
61	1
33	2
93	13
82	2
82	56
24	236
90	21
58	339
9	19
33	13
19	27
15	3
40	12
26	17
93	109
7	1
4	12
35	1
94	8
20	1
31	20
18	34
73	1
44	18
34	13
93	19
42	31
41	145
90	6
2	34
27	1
87	26
51	4
30	51
88	1
23	42
95	15
95	2
70	1
52	33
18	6
8	4
2	195
44	43
66	3
25	3
57	189
25	12
36	7
6	44
6	3
98	31
24	72
71	2
81	6
49	10
69	60
13	46
55	2
12	213
5	17
15	26
4	9
23	6
45	10
66	7
60	4
54	80
6	59
29	2
49	27
40	43
84	43
38	1
60	7
14	46
90	30
28	4
19	30
35	2
81	200
18	17
15	6
76	16
99	253
11	26
32	2
64	13
54	7
8	32
54	57
80	57
1	7
39	2
60	6
34	65
26	67
80	3
26	1
12	127
10	33
22	84
24	13
11	12
90	2
41	79
91	3
38	70
78	13
10	62
1	5
76	3
98	188
70	16
62	3
50	6
7	130
16	39
12	18
58	139
97	33
47	12
69	1
30	4
64	14
82	9
85	6
94	33
64	64
8	55
99	4
1	9
84	25
86	36
98	7
99	13
44	18
33	1
33	2
9	438
52	2
63	311
99	12
70	219
74	42
91	6
90	37
29	3
63	4
71	10
61	4
6	1
17	11
68	4
51	1
48	7
18	41
89	61
22	12
82	20
91	10
20	66
67	4
52	1
14	1
40	6
42	93
83	37
86	1
11	2
30	638
41	14
24	8
67	8
43	3
93	8
72	2
12	4
11	3
70	1
88	33
3	16
58	30
91	13
86	63
83	5
14	26
15	16
56	18
35	71
81	3
31	11
42	31
93	10
9	4
28	12
74	57
77	1
66	11
78	2
19	4
71	5
34	16
22	1
69	6
40	1
86	5
100	6
16	29
82	5
5	11
21	14
43	86
61	49
16	11
64	10
49	3
70	64
70	21
76	31
2	9
39	2
88	19
17	2
34	19
32	1
12	6
68	1
52	46
66	21
70	52
5	21
14	13
57	82
21	11
25	9
50	3
61	237
52	15
44	11
27	26
75	1
78	26
96	2
74	2
48	43
42	21
66	55
82	9
42	21
5	102
23	26
80	20
42	15
12	10
20	44
12	10
80	2
87	2
23	7
39	3
8	1
78	11
39	26
98	260
60	4
97	83
59	25
17	5
10	16
89	8
69	2
74	3
46	18
26	1
77	3
41	425
96	8
60	3
76	34
65	1
14	15
69	10
92	18
23	7
16	8
34	214
68	4
32	4
72	26
32	1
73	20
35	6
90	11
54	6
6	17
4	1
35	9
90	64
8	4
80	4
79	3
58	1
24	21
58	95
50	7
46	107
61	2
42	1022
77	18
18	23
18	3
100	12
44	27
30	1
57	31
77	1
74	3
33	11
75	2
96	2
31	6
98	13
73	39
44	22
38	5
31	3
86	7
11	1
75	19
84	12
1	41
17	66
46	1
74	1
91	97
48	70
10	1
63	1
36	18
82	6
22	3
80	10
46	7
40	5
29	6
2	100
86	3
6	12
71	13
56	20
48	1
33	13
48	19
42	7
56	5
7	9
87	1
36	40
27	5
3	5
49	8
88	16
78	14
17	2
25	948
60	5
27	20
33	27
90	10
60	25
49	1
73	1
4	6
67	1
34	14
89	6
29	1
68	1
22	60
5	8
8	68
21	16
59	2
59	6
31	8
44	4
87	75
14	11
28	7
24	1
54	2
95	18
92	34
40	60
46	31
62	2
60	75
38	4
91	2
70	8
17	31
52	13
33	10
45	3
49	141
22	18
83	6
88	56
30	7
39	9
74	38
31	43
87	6
55	6
15	43
50	11
88	3
85	48
69	12
81	111
100	2
71	2
21	17
9	7
88	2
28	105
99	1
46	4
77	17
66	4
75	105
25	25
19	1
83	58
42	3
4	7
68	32
76	7
36	48
90	14
30	2
37	69
27	13
17	19
86	11
98	49
100	7
22	43
83	64
5	216
70	45
18	16
86	5
25	13
28	22
49	126
34	6
41	25
22	6
67	26
43	1
19	20
37	1
60	58
48	2
96	1
24	51
6	9
9	45
34	6
47	16
44	6
70	4
44	242
94	4
50	5
73	104
30	54
12	4
32	47
5	7
79	132
91	8
93	48
65	21
86	16
12	3
95	78
18	8
76	8
99	71
50	18
97	1
83	3
73	20
18	3
41	21
9	1
80	52
34	23
78	1
11	19
5	17
22	1
94	34
36	19
26	696
14	104
68	3
30	40
63	10
69	2
44	43
90	54
33	25
23	8
47	5
51	4
90	7
76	3
72	32
79	65
99	30
72	5
93	2
58	11
100	17
61	6
58	1
70	3
26	110
52	54
77	350
26	14
77	115
6	61
63	16
49	86
32	1
27	2
73	64
82	10
14	10
19	15
45	8
13	28
31	6
45	1
69	460
30	10
22	65
49	52
22	31
44	19
21	4
29	3
11	3
16	8
5	34
99	5
73	7
22	2
79	4
67	4
87	10
48	6
82	532
91	96
45	19
8	2
60	1713
9	5
51	9
46	4
62	259
7	2
59	54
41	320
93	5
89	4
54	7
38	1
84	24
42	2
65	28
44	1
41	5
46	10
79	81
49	75
87	60
26	15
82	162
86	2
25	14
56	14
62	2
17	7
72	5
24	16
62	1
65	1
22	43
45	3
53	158
92	1
48	61
87	9
86	3
59	20
50	2
92	18
59	23
59	23
69	1
71	2
4	6
84	1
96	177
77	6
22	1
90	1
88	9
2	11
1	25
35	1
27	16
65	4
85	70
67	13
61	5
34	109
23	1
41	59
46	3
18	1
88	23
39	3
36	83
51	1
53	12
89	7
14	279
15	75
32	18
2	1
70	102
55	737
5	16
11	2
15	2
20	30
87	30
80	18
2	10
9	3
71	9
84	2
54	5
82	6
80	3
76	11
71	88
93	7
29	3
28	26
35	4
97	3
8	62
95	9
63	2
15	6
52	5
17	3
97	28
42	23
34	21
28	1
52	1
34	1
75	22
75	9
11	29
30	4
52	4
79	3
78	4
98	1
44	5
87	29
65	1
19	9
49	14
5	41
18	321
84	112
50	3
1	6
33	8
81	6
57	4
1	11
5	8
68	3
13	6
91	222
85	7
26	1
58	10
85	30
19	1
20	4
78	90
79	6
6	62
98	211
22	32
48	3
96	2
77	5
20	8
36	7
79	29
90	121
90	9
16	9
94	4
27	115
58	31
84	13
68	12
77	9
79	51
67	187
43	16
34	3
62	42
70	8
82	118
80	34
85	3
31	55
81	41
52	1
18	4
53	1
68	1
25	9
5	7
75	1
38	13
12	3
29	11
42	46
40	8
32	2
20	4
5	18
75	5
91	28
95	4
28	356
24	10
63	4
47	10
78	37
97	8
86	3
22	31
38	1
52	58
89	1
87	2
24	1
5	21
4	14
60	3
16	7
86	175
14	1
67	104
19	1
32	53
43	16
35	1
18	31
4	3
61	45
52	68
2	2
1	8
59	9
91	3
47	4
4	7
12	17
3	2
88	181
38	326
91	14
13	2
62	1
66	8
58	2
10	12
77	7
20	288
74	4
60	142
38	1
33	15
84	30
32	1
73	2
52	88
45	2
74	29
32	165
31	2
60	1
3	8
54	15
22	15
84	39
99	3
44	1
22	5
18	30
50	24
74	2
56	4
69	8
75	15
72	9
92	110
97	52
19	167
20	27
80	2
74	11
76	17
9	32
48	30
2	130
19	1
3	3
44	134
55	61
23	4
26	20
9	10
12	4
75	9
68	47
86	3
33	13
61	18
10	1
71	9
58	111
37	9
15	4
34	4
53	16
98	1
74	15
52	4
86	14
68	302
32	2177
97	14
66	16
9	1
65	32
37	31
71	1
85	10
56	247
9	4
26	74
38	1
65	22
36	3
66	2
6	1
8	83
65	2
58	80
48	1
55	11
48	42
9	3
66	7
55	7
76	19
33	12
31	3
1	1
50	44
72	2
16	7
8	2
53	10
5	3
43	4
88	19
40	28
27	43
65	1
32	1
12	14
53	10
64	2
11	1
23	35
71	152
62	822
70	1
98	2
69	18
88	9
83	21
5	8
37	1
41	9
12	48
83	4
98	16
21	8
62	8
90	5
33	164
13	1
68	24
31	24
50	1
93	2
49	34
44	4
21	1
4	174
40	3
100	3
35	14
44	3
14	18
31	2
36	2
51	6
5	4
40	6
3	194
90	24
32	11
88	4
69	14
87	1
29	54
44	69
5	15
63	21
72	47
16	32
88	8
63	19
51	239
49	211
85	9
4	38
23	130
23	8
33	15
2	1
95	3
28	1
35	31
21	75
34	91
18	7
7	41
64	8
81	1
10	20
54	15
36	26
7	16
18	50
66	14
4	2
67	122
63	9
24	16
60	1
71	7
30	1
8	5
34	21
9	10
56	70
59	46
90	1
100	13
55	12
30	25
29	10
40	39
50	1
77	49
72	67
37	38
76	53
97	6
35	117
55	2
72	2
84	1
29	5
72	7
51	8
45	22
50	3
73	94
51	19
59	8
49	2
74	47
42	1
37	13
80	56
69	29
8	1
63	4
86	18
23	35
88	36
67	23
4	2
87	31
40	4
76	1
43	4
64	1
23	23
11	4
42	16
56	39
82	3
37	187
5	15
54	29
26	1
80	28
63	13
35	2
62	104
42	2
62	13
39	1
56	7
42	101
31	4
98	1
20	56
30	8
44	24
19	13
7	11
2	22
15	1
22	4
97	8
83	23
23	271
99	47
73	12
79	68
41	1
18	8
61	6
87	3
33	4
77	1
6	3
59	39
14	2
99	51
99	13
25	1
53	6
51	1
66	3
31	369
4	19
70	308
46	3
72	3
65	1
69	11
26	1
94	4
12	29
6	6
25	10
31	1
4	5
6	102
10	49
27	49
36	2
33	141
5	15
64	3
4	2
91	10
11	465
24	10
81	8
32	2
10	1
86	25
47	1
34	6
80	7
74	2
60	3
100	8
14	25
37	8
47	241
97	31
15	98
31	6
1	1
4	6
27	13
75	74
32	2
82	6
72	876
78	1
64	23
99	51
92	77
45	3
17	3
46	6
66	4
30	3
41	3
28	201
74	1
45	53
62	1
68	14
84	1
16	3
25	3
28	1
4	44
57	29
17	183
3	2
82	6
100	35
69	90
46	87
29	814
99	40
67	36
75	1
14	4
52	2
59	2
10	5
55	8
34	86
20	8
5	6
72	14
80	110
82	26
34	116
66	21
53	22
1	22
85	11
21	6
56	107
67	15
45	1
30	5
43	148
17	26
55	2
2	208
33	8
10	7
94	10
50	1
58	11
28	2
16	4
81	88
31	1
87	7
71	5
4	11
69	64
12	200
60	1
60	9
97	2
10	5
95	72
91	19
12	68
97	99
18	6
1	64
28	18
74	9
7	7
12	9
96	6
54	3
88	8
51	3
86	7
29	5
22	2
88	11
89	12
64	2
13	2
5	1
55	129
39	1
54	1
40	2
28	2
8	225
9	12
3	1
70	26
78	75
2	4
77	8
100	2
47	20
8	11
5	1
80	1
75	7
96	5
86	14
58	3
90	171
3	35
12	11
28	1
16	13
5	6
71	4
35	1
69	1
20	7
57	41
67	15
84	53
97	14
88	1
13	130
72	2
74	3
88	16
24	17
81	32
98	3
85	6
72	1
26	1
77	3
41	37
65	24
60	4
44	6
18	87
76	9
24	27
25	1
53	13
17	4
80	6
88	2
45	3
72	1
53	5
4	1
94	5
21	4
32	19
100	167
25	2
39	22
28	32
10	3
14	35
17	6
39	27
13	5
15	3
57	43
84	14
65	57
32	35
82	5
1	10
13	1
60	2
24	26
69	9
70	1
62	8
79	3
43	2
87	1
28	122
28	30
55	119
40	4
77	93
2	6
54	62
6	10
68	225
3	21
18	11
69	1
63	9
83	25
43	28
65	3
15	14
32	9
84	8
60	4
45	16
93	13
26	13
15	2
30	1
32	9
45	1
78	17
51	11
63	66
32	13
14	3
72	14
19	6
21	7
71	13
90	21
66	3
12	131
11	6
53	1
92	2
46	7
56	21
32	46
41	12
49	3
60	84
55	76
27	7
8	3
43	141
11	17
16	10
92	4
66	8
72	20
93	7
77	2
65	4
69	27
22	17
14	10
37	1
64	99
95	1
63	40
20	172
46	65
98	120
66	71
85	5
72	9
54	62
76	1
8	5
26	71
13	21
15	35
7	5
16	3
48	2
39	1
3	20
7	26
76	5
16	12
60	206
88	27
87	45
34	25
59	77
28	1
50	24
72	2
19	6
61	8
18	26
89	10
86	48
72	4
70	49
73	3
26	44
46	63
75	4
10	3
42	26
56	15
30	3
51	39
66	6
18	6
62	10
55	34
5	1
12	1
17	66
7	3
97	2
57	59
88	33
56	7
55	4
72	55
41	65
84	21
84	5
41	7
59	27
44	42
25	5
40	7
91	14
34	13
3	1
62	216
56	11
70	17
31	201
47	13
18	3
81	2
83	42
98	1
20	33
55	3
48	6
84	2
44	6
29	19
7	6
39	11
10	66
76	1
5	2
62	6
4	3
24	69
68	6
78	13
14	7
31	4
29	21
54	24
83	33
22	18
23	2
54	30
73	468
23	2
55	131
51	1
31	10
47	6
99	2
36	5
59	3
76	2
32	10
64	14
63	36
54	46
97	165
21	1
88	1
50	23
31	15
56	7
78	16
62	1
78	3
39	32
15	165
28	2
42	46
11	3
27	78
41	30
71	10
48	22
7	19
56	9
49	78
2	12
14	57
53	14
13	13
31	1
4	106
77	10
52	73
1	2
51	219
58	7
5	5
34	5
54	7
100	6
1	4
31	6
17	51
60	7
25	13
59	41
52	9
24	7
74	2
86	16
20	192
48	29
99	31
39	41
22	13
9	48
91	24
39	49
73	118
91	599
41	19
76	2
36	3
99	4
79	1
36	50
78	2
26	136
68	177
32	6
54	1
15	11
31	4
7	35
55	31
4	7
98	7
39	2
35	2
46	1
73	49
63	120
68	5
78	5
56	3
28	2
54	9
57	2
46	16
91	1
59	126
47	26
78	17
42	7
26	7
76	5
72	5
99	3
31	33
78	5
90	1
47	1
46	19
78	87
17	4
96	9
67	32
35	4
31	2
59	3
67	7
57	1
76	13
29	47
87	63
44	6
63	11
70	8
96	61
56	30
20	84
90	3
96	1
33	1
52	68
85	3
76	3
60	9
100	12
9	30
98	22
14	8
45	361
21	3
34	5
51	19
78	3
42	1
17	19
51	8
68	8
90	1
80	12
99	4
40	16
16	59
63	76
98	5
16	7
99	2
97	1
6	1
93	45
46	42
77	9
81	2
83	44
91	18
70	1
44	9
52	9
98	39
92	7
24	15
68	29
59	100
23	6
37	4
15	11
28	5
82	7
86	16
77	4
29	9
69	33
58	12
83	2
85	3109
6	4
84	3
82	11
37	18
58	19
23	10
60	24
14	1
9	3
9	2
79	59
34	1
61	28
19	11
2	7
20	196
16	8
33	5
96	2
5	25
46	41
28	3
80	8
50	18
44	1
24	19
98	14
21	21
3	7
4	60
95	21
64	11
29	307
58	26
16	9
81	2
40	2
70	6
53	159
58	69
28	184
70	1
89	60
35	3
29	36
48	11
65	30
36	3
10	66
70	1
59	25
90	4
62	9
21	8
78	3
62	9
59	106
83	43
73	300
43	17
7	1
28	444
56	92
17	15
12	8
41	38
39	11
73	1
90	3
19	13
71	31
24	60
63	21
33	4
75	5
87	5
68	9
56	4
33	1
39	9
61	1
18	79
9	8
56	5
83	2
69	4
5	47
86	6
50	11
5	8
44	1
56	9
61	17
37	12
87	3
41	5
6	18
3	34
48	6
16	18
83	15
34	19
27	11
58	22
41	2
3	58
57	3
99	71
74	12
62	4
14	4
11	6
60	48
37	33
22	20
88	152
39	388
43	4
44	5
45	4
65	7
73	197
57	182
39	1
58	54
94	24
2	196
42	4
69	5
19	62
81	61
46	24
30	99
88	3
39	7
62	24
30	1
76	68
56	35
20	2
66	18
89	12
21	3
79	27
60	25
30	9
6	8
63	112
14	31
64	54
33	24
59	1
10	2
100	1
100	10
83	4
36	7
83	26
52	1
96	2
61	3
7	38
4	6
4	116
70	2
73	42
44	2
63	26
69	18
23	31
86	8
84	1
79	12
29	26
30	38
45	2
53	10
59	1
71	13
26	1
33	68
93	1
33	3
34	9
21	169
72	16
16	406
79	15
24	2
75	4
34	1
46	463
73	1
43	14
69	7
38	2
69	22
30	37
89	133
5	3
74	18
67	4
82	6
82	6
55	30
9	2
31	4
26	1
9	15
2	260
39	8
31	5
21	8
60	96
26	3
17	22
92	1
39	2
31	37
82	65
79	2
25	3
96	49
16	2
22	129
86	9
55	120
19	12
79	10
83	12
47	16
6	2
86	35
15	5
15	1
5	13
39	16
6	1
83	48
42	21
37	76
67	3
94	3
18	2
68	10
27	12
55	4
3	152
27	69
61	4
14	5
86	2
98	8
37	11
63	28
39	1
57	1
93	27
42	3
22	18
14	9
74	1
32	39
12	51
98	11
51	9
41	11
66	16
78	3
21	3
32	8
42	107
15	54
91	223
96	2
69	229
64	1
81	1430
23	46
6	32
68	3
82	1
44	1
45	1
100	33
65	85
27	62
76	7
92	9
1	26
81	32
100	14
64	5
92	12
76	1702
9	11
56	2
50	92
40	4
24	4
14	15
74	2
45	354
32	1
66	1
76	1
2	1
95	1
59	5
6	14
86	6
28	7
7	23
40	1
26	2
36	33
2	19
30	2
62	2
82	3
45	20
78	4
84	21
14	16
9	21
79	71
84	20
86	2
86	10
39	5
91	13
1	7
88	12
90	648
42	2
80	3
32	8
84	13
32	1
60	8
68	16
37	5
95	4
97	25
51	2
42	34
62	48
37	14
23	89
49	21
1	20
2	139
41	59
50	3
87	1
64	1
50	6
9	18
27	324
75	1
93	36
22	22
61	58
54	33
36	30
50	1
34	11
71	2
41	5
99	4
32	3
32	2
66	7
24	28
50	3
21	65
17	46
47	9
52	12
63	12
5	12
27	45
68	53
65	43
69	14
86	81
76	6
81	1
61	12
85	4
6	4
55	1
51	143
51	3
4	4
93	34
26	11
99	21
69	7
52	60
77	14
37	3
5	25
45	11
74	10
79	23
38	1
53	12
38	2
94	33
17	10
54	19
9	38
38	79
18	69
18	51
29	14
49	5
23	22
2	18
79	4
79	13
66	5
56	6
86	28
48	5
90	6
99	15
56	15
79	13
80	23
70	88
2	22
93	1
68	8
76	6
26	21
61	4
36	15
46	40
20	58
79	33
46	2
8	26
17	4
26	358
34	9
56	10
17	9
62	24
94	7
29	13
42	5
62	66
61	8
3	3
99	5
90	1
62	24
45	5
86	9
27	508
16	7
57	7
82	873
68	9
55	20
97	1
90	146
78	10
64	178
30	3
64	15
58	1
19	196
56	1
23	157
27	8
15	1
75	1
2	7
74	2
38	3
56	21
80	49
29	10
16	8
58	30
81	4
57	4
69	1
7	4
45	3
85	10
17	1
11	259
1	14
29	4
58	4
69	1
21	2
81	18
58	5
68	18
4	10
41	2
87	5
19	7
32	3
45	15
14	4
69	21
91	4
55	14
38	86
37	95
71	5
46	33
6	1
70	13
40	2
85	6
9	54
60	5
10	1
40	52
59	7
88	46
9	22
1	57
17	2
56	89
54	14
19	85
18	3
72	1
50	5
35	66
15	3
98	26
50	4
50	1
48	2
13	1
83	4
6	33
50	3
37	89
18	1
17	12
96	79
43	21
1	45
55	268
27	1
91	5
44	973
40	128
81	19
51	1
65	10
13	7
21	16
72	26
8	11
24	1
29	5
52	7
99	5
95	36
13	15
53	12
29	86
98	16
44	8
23	9
57	4
78	1
87	1
67	7
90	10
1	17
8	58
98	4
13	3
31	8
81	1
32	77
27	25
69	86
82	6
34	3
29	6
66	37
13	18
61	8
74	89
71	5
17	3
39	20
63	10
58	12
56	3
3	1
23	2
8	53
17	8
45	5
4	2
12	2410
94	32
17	46
37	9
51	38
58	3
87	2
11	33
15	40
85	6
52	18
92	9
14	15
99	947
5	20
20	67
70	3
40	49
35	2
77	105
81	16
74	9
55	4
63	5
54	5
90	34
10	5
63	2
42	3
33	7
67	80
62	8
68	4
27	2
28	4
38	5
89	13
79	53
99	3
68	41
92	9
56	12
90	21
75	22
83	1
77	13
10	433
89	1
42	1
82	1
22	33
29	10
83	2
9	17
100	10
33	26
32	3
43	4
10	1
4	25
76	19
44	6
21	2
18	3
99	86
83	37
71	63
34	116
70	9
85	2
69	2
64	9
9	8
73	7
28	18
61	1
8	7
44	4
88	26
42	2
65	3
10	3
39	43
91	19
36	290
81	39
44	30
8	8
7	12
73	4
60	2
92	3
88	26
100	4
1	17
66	21
69	13
3	5
70	1
66	19
19	2
13	179
95	14
69	5
3	1
38	1
25	3
82	5
16	222
92	9
73	1
84	11
35	21
47	5
82	4
61	5
11	3
66	63
96	19
9	7
27	44
60	11
74	2
68	1
73	99
9	1
71	46
90	1
30	51
9	9
53	7
64	1
97	59
71	2
67	14
89	2
76	3
49	1
93	14
90	3
30	10
15	7
43	13
4	17
44	3
83	4
36	8
10	6
27	3
75	2
10	7
90	14
16	125
86	2
57	128
77	27
77	6
37	3
99	179
91	25
56	12
38	1
23	48
75	29
31	1
45	15
17	1
29	5
24	816
43	14
92	3
70	22
14	30
39	97
99	2
54	21
6	66
49	1
41	10
28	86
77	47
63	7
58	1
76	3
56	7
14	40
89	20
19	90
41	278
14	4
38	1
97	7
9	23
74	47
72	10
72	7
25	73
92	2
76	6
15	19
37	18
82	1
15	140
79	8
9	1
98	3
63	7
93	69
90	4
73	8
19	24
61	23
30	13
29	3
71	5
40	35
27	31
84	78
24	1
99	14
6	353
31	6
41	16
92	1
93	3
96	36
11	2
58	3
12	4
49	2
33	19
89	23
12	12
3	1
86	6
19	31
97	23
63	101
76	62
71	4
21	4
31	30
26	5
71	101
78	1
19	3
10	2
72	118
83	16
8	78
27	4
63	6
79	39
63	6
31	2
73	6
51	5
34	656
44	12
13	7
27	9
35	171
42	105
9	2
32	1
96	12
46	3
32	5
87	38
33	37
31	53
71	1
12	526
9	7
13	23
80	31
56	18
27	54
19	3
25	4
55	165
59	22
34	11
27	16
88	1
40	3
16	8
51	3
19	51
34	2
32	1
21	49
78	43
88	92
35	66
98	7
36	1
41	3
50	21
41	61
30	22
6	197
95	1
23	8
16	5
95	8
72	1
38	3
14	19
97	90
88	57
89	6
53	184
97	21
51	30
38	1
21	9
76	6
52	16
27	1
10	8
17	1
88	2
82	4
30	1
1	40
23	10
45	9
21	11
29	1
81	1
3	2
14	50
16	3
80	5
83	3
67	91
23	24
5	82
7	154
82	18
3	41
47	193
83	25
91	4
41	152
30	27
25	7
25	17
7	40
86	106
45	4
91	13
58	19
71	11
81	13
70	136
11	3
34	12
38	91
57	6
47	42
25	16
28	8
15	5
5	2
78	1
4	1
16	2
63	5
25	21
41	1
77	11
14	7
96	10
38	3
34	2
89	98
59	2
59	16
5	63
24	17
63	6
50	10
89	2
67	3
6	49
59	27
62	9
96	1
28	28
13	3
68	34
70	53
21	2
2	23
94	5
59	75
5	4
38	18
71	6
57	21
15	1
61	4
92	8
89	5
88	1
31	3
5	8
37	2
32	58
2	12
16	39
85	5
19	45
12	3
79	1
16	2
39	252
25	1
32	2
52	45
17	14
30	2
38	1
98	125
57	35
97	5
62	1
43	19
56	4
20	7
25	2
82	3
62	4
97	6
70	36
68	36
34	8
59	9
67	21
91	8
58	417
46	126
21	1
50	129
45	6
61	1
55	2
85	2
100	3
13	17
81	3
59	2
80	3
37	1
28	7
21	4
15	1
7	124
58	18
62	4
76	41
24	2
15	2
1	22
92	222
87	1
96	35
39	4
65	7
74	2
54	2
28	28
16	12
54	40
89	134
28	3
88	17
49	23
10	5
20	9
66	284
25	18
2	3
40	69
42	6
57	9
11	7
15	2
17	3
51	80
35	9
24	3
80	14
28	172
73	4
94	2
5	2
50	20
85	29
24	4
54	1
20	1
16	34
94	2
54	58
41	2
74	4
13	5
88	10
46	1
92	16
1	8
60	8
54	43
44	2
21	46
10	29
65	3
26	2
9	48
53	13
70	12
66	8
83	5
27	1
17	3
18	18
65	1
71	1
73	103
52	13
63	1
85	1
89	5
88	3
45	6
51	13
70	1
49	4
72	8
31	15
44	5
9	7
76	2
82	80
45	2
45	2
45	3
89	69
43	5
83	21
67	47
54	1
100	300
87	6
80	7
63	61
68	13
86	183
1	14
95	122
4	90
55	107
72	1
86	3
70	2
5	27
52	17
24	30
63	3
25	103
31	4
20	19
9	4
94	3
77	14
58	5
31	68
80	3
7	2
67	13
84	49
65	4
33	107
89	59
2	6
41	2
4	13
83	15
70	1
78	36
67	4
77	3
99	3
98	9
25	6
86	207
40	1
47	2
41	4
19	6
53	29
27	12
24	14
72	14
84	5
38	1
36	10
99	2
74	2
95	24
64	24
59	2
33	1
27	5
92	9
68	38
8	39
52	23
2	3
23	1
28	107
38	16
78	28
100	7
84	3
1	11
78	21
54	19
64	11
88	10
76	15
51	55
100	6
66	7
80	3
41	40
52	15
21	54
66	1484
32	26
19	1
51	2
43	86
58	12
35	6
12	159
3	1
46	35
15	41
6	11
51	105
53	31
76	3
83	10
46	1
93	4
98	12
11	9
47	15
97	10
17	13
43	8
22	17
21	8
3	4
34	27
24	13
7	3
60	19
91	7
55	28
20	3
78	7
43	3
50	26
8	7
99	3
86	90
94	3
7	2
36	34
1	1
79	12
10	3
96	2
94	5
87	51
54	56
42	11
91	2
39	5
58	50
53	7
8	5
52	931
94	7
7	4
99	14
52	5
74	72
12	4
2	197
31	18
66	15
3	4
67	5
11	5
30	2
70	15
12	30
4	3
61	5
50	10
46	264
18	24
53	21
37	2
32	4
60	528
42	9
9	31
56	81
84	23
85	1
74	2
27	13
53	19
90	27
45	33
8	15
57	22
95	43
13	1
11	3
79	17
38	115
13	111
10	3
82	2
49	1
42	31
84	13
61	1
49	5
12	111
71	18
67	6
61	33
95	9
54	34
27	21
63	56
36	10
87	2
18	1
24	17
62	24
5	67
83	2
31	5
12	322
14	3
21	24
12	6
48	3
91	14
61	3
17	16
29	4
17	1
90	1
57	10
50	3
76	13
70	8
78	10
10	31
63	3
68	3
97	3
43	7
93	144
45	5
3	12
64	13
71	3
58	3
55	1
91	56
90	16
88	2
45	27
61	6
80	42
32	4
47	28
67	12
81	257
52	51
36	11
1	8
20	2
36	180
68	15
57	6
90	8
80	76
45	33
40	61
72	2
4	2
1	1
9	16
85	2
16	8
79	11
77	9
78	32
77	7
89	18
7	31
80	1
63	6
78	5
52	7
77	18
19	6
29	17
58	10
43	5
36	6
94	155
23	64
75	35
20	23
35	1
45	6
16	29
91	17
61	5
46	1
1	5
65	1
95	1
45	1
100	5
58	7
43	1
15	1
31	28
35	91
12	1
31	64
38	6
72	23
67	36
38	23
33	4
99	54
28	33
64	3
74	3
71	3
5	60
88	6
72	27
3	67
53	3
14	86
10	6
91	12
53	128
46	28
81	10
13	2
38	11
39	12
1	3
30	12
51	30
95	5
91	2
8	1
34	3
84	107
57	1
23	4
53	55
95	5
64	15
45	26
86	2
16	9
49	18
46	6
14	1
72	23
89	2
46	24
52	273
69	26
54	48
69	2
64	9
43	47
73	6
80	3
74	29
48	12
93	13
72	1
85	11
10	23
74	12
99	72
88	25
84	1
10	9
51	65
67	3
52	9
35	39
50	19
30	133
34	7
94	115
32	10
48	1
55	9
99	75
97	79
72	10
31	13
85	17
58	9
77	3
42	1
43	19
23	121
92	5
50	57
62	12
67	9
73	1
34	24
78	73
9	2
66	5
34	14
71	2
53	82
51	13
62	2
89	24
21	25
92	35
68	1
51	13
66	27
60	3
99	1
84	1
90	1
98	9
51	7
65	26
19	3
53	11
11	14
15	3
72	4
54	1
11	75
29	8
31	6
30	8
29	20
88	2
67	2
40	1
4	12
24	3
70	2
53	4
68	1
15	8
78	1
81	72
24	15
68	112
1	1
35	1
66	29
46	4
6	12
1	1
92	3
35	82
3	149
97	3
6	2
64	26
79	105
23	52
57	4
7	114
42	1
86	1
14	80
91	4
20	31
32	20
70	16
28	1
4	14
97	8
35	5
96	96
56	3
18	20
11	10
69	8
69	85
64	2
90	37
5	14
49	86
24	76
5	66
94	42
75	15
21	2
50	13
73	86
86	24
68	2
18	3
5	1
95	53
19	38
73	31
96	1
14	77
91	204
23	58
30	4
25	7
58	153
70	694
82	3
24	1
8	6
90	11
78	8
79	18
71	4
23	3
24	32
37	10
58	3
97	38
8	2
88	1
47	1
50	2
17	55
29	5
17	20
35	86
5	10
42	160
67	209
93	5
3	2
3	1
88	36
98	3
24	2
63	33
47	386
1	51
37	4
38	2
51	3
99	154
40	36
82	236
7	306
96	4
3	2
21	2
49	2
88	8
7	14
45	66
13	5
67	1
26	29
54	4
31	111
84	39
43	1
76	5
39	5
9	113
20	10
34	1
99	72
95	13
74	2
10	13
36	2
87	104
36	9
89	68
91	14
88	12
41	5
81	100
37	1
23	4
22	198
28	13
80	15
28	14
13	5
90	74
17	44
60	118
15	2
69	1
24	3
89	8
70	9
94	59
62	50
14	4
75	3
6	13
14	8
10	2
22	18
25	12
27	5
41	13
85	10
50	6
17	30
76	19
59	2
44	1
89	15
54	9
1	15
21	449
92	6
92	6
33	19
54	4
52	12
5	1
6	1
48	5
44	34
12	10
47	1
22	11
67	3
2	18
34	178
32	64
55	2
41	47
43	2
51	2
91	4
82	199
12	9
74	25
7	1
58	1
95	13
40	7
58	4
79	28
14	14
20	46
37	28
7	562
58	99
25	16
15	28
1	18
38	11
34	4
11	18
48	1
25	4
66	3
27	1
78	141
58	2
60	9
61	36
25	18
27	5
71	9
6	18
71	76
44	5
90	1
98	3
11	20
76	23
57	88
23	59
46	6
82	1
75	5
23	3
13	7
52	101
93	25
5	1
4	40
19	104
6	5
34	2
39	3
95	2
16	41
80	17
49	21
18	11
3	10
26	36
92	19
1	31
85	2
99	29
57	5
37	12
34	6
81	22
83	4
70	1
43	3
63	35
61	10
66	4
23	16
82	43
19	12
1	5
91	1
47	6
69	400
12	1
57	2
77	7
70	3
93	33
98	21
8	1
86	26
77	13
68	3
73	57
45	6
45	5
24	1
86	17
78	6
45	100
93	24
77	4
22	6
78	1
75	9
81	1
10	4
19	37
19	12
66	3
67	3
50	2
54	8
86	55
35	6
17	3
55	57
45	1
13	5
47	8
11	7
98	65
36	5
100	19
10	2
69	2
75	10
22	2
56	12
11	2
90	2
73	12
71	14
72	1
90	3
69	19
97	4
71	2
85	3
38	50
87	6
73	2
75	5
93	10
54	6
23	15
81	1
90	29
63	7
85	2
80	6
56	5
22	4
60	3
100	14
3	9
6	238
99	163
73	12
13	3
97	1
72	11
34	53
31	34
75	17
52	3
23	3
81	4
86	4
53	4
40	86
23	35
81	14
28	1
15	24
83	16
79	3
39	23
68	4
59	8
87	13
47	1
70	5
56	5
71	157
43	6
62	1
59	1
37	10
47	2
26	3
13	2
88	4
67	9
23	35
48	25
39	1
73	4
24	5
18	141
35	18
60	12
77	28
42	6
3	2
68	3
69	4
35	33
35	1
62	12
82	374
22	72
58	312
32	20
22	20
79	30
13	7
56	3
7	9
7	7
37	2
41	24
6	5
13	2
32	1
2	153
39	3
37	21
17	42
29	3
20	149
47	4
49	5
74	2
51	86
17	64
5	63
43	13
88	7
3	7
33	4
36	2
26	1
18	4
91	118
33	1
58	83
43	3
84	1
13	11
47	6
20	1
42	15
13	1
69	9
100	39
18	13
75	8
59	17
90	10
91	2
60	18
4	4
53	9
73	9
25	46
98	11
21	16
58	14
68	11
100	19
83	14
6	10
17	4
50	161
66	2
79	34
39	12
82	1
72	5
60	4
24	2
92	4
96	4
81	3
31	7
86	3
54	7
23	1
59	7
27	4
15	28
100	1
90	21
47	8
86	5
61	37
64	1
57	16
56	11
26	8
21	20
4	1
53	22
47	4
49	34
35	3
29	108
19	31
19	50
83	1
23	7
65	36
98	100
97	159
10	1
91	12
84	4
8	14
19	9
47	4
27	11
85	6
72	25
77	3
20	6
46	69
53	139
80	19
35	2
54	9
1	15
78	5
38	24
71	3
90	19
79	18
3	2
75	11
18	7
15	1
13	12
31	28
27	5
66	42
89	1
9	3
15	1
76	6
22	1
13	1
67	33
31	118
6	41
46	5
11	2
64	1
25	3
39	1
7	3
15	4
74	3
35	1
60	8
93	6
8	64
48	45
99	2
95	2
38	38
32	15
52	40
70	10
41	6
30	55
63	11
94	37
71	4
76	58
90	11
15	7
24	49
74	2
43	137
79	1
60	64
27	146
4	1
91	48
55	6
43	16
68	4
5	8
15	12
21	2
100	4
4	1
49	73
45	91
97	1
71	3
84	1
19	75
45	24
35	1
32	391
20	3
64	100
90	4
55	14
86	2
44	6
29	3
19	49
35	5
100	2
75	59
5	147
22	32
5	2
4	71
85	31
87	23
98	21
79	1
85	3
10	83
5	18
24	2
14	25
42	3
18	1
48	26
12	3
75	23
77	1
3	8
52	6
14	66
65	1
5	4
7	13
82	8
55	5
38	77
67	10
85	139
98	1
58	14
52	6
76	9
10	61
94	23
20	283
14	25
50	12
37	18
35	13
71	12
27	7
61	3
91	1
28	27
28	5
49	2
70	13
11	9
7	15
44	8
14	6
61	16
27	1
71	37
19	50
54	33
1	67
89	6
62	160
32	419
54	50
20	84
8	109
53	14
38	1
91	27
54	6
66	4
53	148
93	44
80	9
20	2
64	3
24	14
28	6
66	15
38	23
7	12
19	3
63	5
8	140
58	10
57	13
44	11
10	141
83	52
87	22
22	17
14	7
27	1
3	2
26	33
29	2
89	20
95	23
54	10
57	12
66	12
86	17
25	10
2	8
89	7
13	71
89	30
58	3
70	6
12	146
3	1
31	1
91	34
47	5
79	16
59	19
67	20
57	18
44	7
49	22
97	12
93	17
38	23
5	2
61	62
6	16
59	17
58	36
13	1
45	6
58	16
38	71
51	11
66	2
56	10
29	7
27	35
42	102
74	46
24	23
65	22
1	32
65	1
24	10
66	29
71	4
74	2
51	72
6	13
74	9
34	30
66	139
27	31
25	7
56	5
86	34
76	27
46	35
48	7
20	52
40	11
39	15
50	26
94	1
57	3
68	1
21	18
2	19
91	4
48	2
25	4
69	140
23	468
44	1
35	2
86	20
57	261
92	48
65	6
65	1
51	1
14	21
17	12
71	6
93	4
9	1
54	22
22	277
43	4
49	4
32	18
4	70
62	59
46	14
79	2
50	1
46	5
52	2
82	3
24	6
91	27
44	28
61	66
24	1
33	17
80	1
10	75
5	5
77	56
48	22
64	11
36	6
64	4
22	16
61	70
19	31
29	71
47	59
30	19
91	119
95	27
79	12
5	9
27	15
36	66
40	10
23	15
59	8
66	6
30	2
29	41
80	3
14	29
97	3
1	1
10	12
9	227
2	5
22	14
51	94
2	10
60	2
69	6
61	6
54	54
15	3
90	14
90	14
24	12
3	2
76	6
22	12
51	69
2	14
51	4
84	384
45	24
79	11
13	13
50	28
29	11
99	2
62	8
77	8
77	56
61	19
42	1
40	46
57	18
67	12
44	1
63	55
45	19
5	2
32	39
26	27
70	28
82	13
15	1
68	24
89	3
47	10
13	2
26	122
79	27
81	4
46	4
14	20
88	11
99	1
25	1
31	5
100	2
29	38
74	3
61	12
27	986
95	7
45	3
12	8
16	113
48	24
91	1
51	6
84	201
1	10
78	2
5	19
47	1
95	120
80	8
85	12
14	8
49	5
3	6
32	7
8	16
79	1
45	95
79	31
34	56
87	112
63	3
92	61
76	1
81	6
93	47
17	5
48	16
68	35
28	71
68	37
35	3
36	16
79	87
58	7
46	1
75	8
86	120
20	3
3	249
20	48
69	8
58	4
52	2
66	5
28	1
18	6
83	7
92	13
71	2
29	34
44	2
27	26
20	2
42	107
98	2
73	3
100	6
82	1
59	13
34	7
36	11
100	1
7	11
83	21
92	28
97	14
17	23
16	34
70	38
62	77
74	2
85	304
68	18
28	16
16	9
63	1
67	18
22	72
57	12
3	4
19	944
34	11
74	66
23	6
11	97
62	32
21	32
9	1
63	10
65	9
53	30
81	34
93	4
45	24
62	31
48	35
49	3
66	6
35	135
69	60
75	11
80	8
27	49
87	2
81	1
71	12
83	1
4	701
57	2
76	6
50	10
49	16
8	27
25	16
6	4
90	2
23	24
79	2
62	1
42	16
69	1
26	1
14	1
29	3
81	5
39	82
31	3
33	1
5	20
32	41
1	4
41	340
94	3
76	1
85	6
48	1
80	15
59	31
7	2
67	67
43	41
73	1
44	23
62	40
13	8
9	5
18	4
88	17
68	19
18	9
83	39
60	21
42	5
59	8
57	7
91	25
81	11
71	15
68	4
75	4
29	12
45	11
84	2
8	10
51	77
7	7
42	5
47	2
88	7
35	34
29	4
94	21
87	2
85	6
99	6
38	15
94	13
24	10
18	77
32	14
8	21
54	201
7	197
88	8
57	4
89	2
98	78
98	2
97	24
90	5
46	8
74	9
12	4
20	2
33	20
2	9
40	71
45	259
58	1
44	24
53	66
3	4
66	10
85	2
86	9
9	26
4	3
74	4
84	4
1	3
95	12
59	12
8	46
31	15
34	9
83	28
58	2
39	1
88	6
36	2159
1	18
8	75
79	9
24	1
25	30
29	4
77	23
4	15
42	1
52	2
60	5
65	13
70	19
91	33
78	8
83	2
23	3
35	9
23	3
66	1
85	16
18	2
32	23
48	3
7	15
100	13
85	20
39	4
66	42
15	2
60	89
22	6
91	12
34	193
69	19
63	18
44	3
65	5
5	7
100	12
62	3
81	5
62	30
4	8
53	35
22	150
19	2
93	85
54	1
25	6
28	294
74	22
19	48
49	7
1	18
37	16
98	3
60	5
41	13
90	3
85	9
4	3
58	1
15	8
25	28
85	1
77	28
26	80
48	7
21	20
26	15
62	20
27	101
86	31
88	39
11	1
37	3
30	54
61	16
9	6
86	38
92	3
2	3
61	17
94	13
1	18
43	1
94	16
87	13
87	25
5	9
50	17
62	10
39	200
27	9
10	13
91	1
27	488
21	5
93	3
72	2
33	3
6	33
34	2
8	125
19	5
20	164
4	12
99	1
6	19
40	6
90	12
19	2
74	30
54	4
53	40
58	156
91	43
66	45
7	45
100	2
84	1
45	2
4	3
33	21
72	234
28	4
6	5
76	7
37	24
96	1
59	37
77	5
19	8
77	180
14	272
2	42
100	13
40	6
41	11
64	30
99	16
25	18
38	4
34	21
33	1
15	1
33	5
92	3
85	3
29	4
48	6
51	56
28	2
50	34
65	24
83	19
56	9
19	1
11	4
19	4
33	7
38	5
27	148
68	6
100	12
65	34
78	35
46	27
8	1
24	6
12	4
38	10
17	51
12	18
60	19
73	2
66	3
8	7
42	1
7	14
23	4
93	3
89	4
56	42
37	21
19	1
89	4
66	48
64	3
35	1
62	19
14	39
21	1
23	423
48	13
59	1
3	11
22	10
93	3
38	10
60	4
28	6
63	8
4	1
26	1
100	1
97	3
66	1
38	7
82	25
20	6
7	1
43	6
16	5
10	7
63	23
8	9
17	18
39	6
100	5
10	16
2	10
64	18
74	11
58	39
37	3
95	21
2	1
76	7
24	13
69	1
5	6
80	23
2	21
93	38
33	25
99	3
59	16
53	14
66	20
86	8
91	13
50	6
70	15
61	5
61	3
31	32
61	5
38	3
32	12
14	11
35	24
51	11
78	4
24	33
69	16
98	61
41	35
56	79
23	58
7	116
49	5
51	39
51	15
75	1
73	5
99	45
53	10
51	1
7	4
73	74
35	6
87	12
68	771
41	4
61	78
76	131
35	1
23	7
18	25
72	1
85	9
49	6
22	17
67	12
25	5
7	1
13	39
38	1
38	1
74	14
76	9
60	1
79	288
51	162
78	9
39	2
43	3
51	31
86	34
96	13
60	16
21	108
51	4
55	6
39	8
38	1
81	20
80	8
30	7
7	20
52	35
74	46
84	9
62	15
45	2
31	9
62	120
79	9
13	4
4	3
17	63
69	35
42	127
59	3
78	1
82	106
14	4
74	5
31	31
18	2
95	3
82	2
3	7
72	2
48	2
71	1
16	19
12	4
87	7
79	1
88	8
96	45
67	66
50	79
8	40
75	5
66	2
10	1
67	1
88	7
56	85
30	3
48	1
31	11
64	8
1	30
74	3
55	8
17	6
89	4
70	1
77	5
71	5
60	13
20	4
55	19
56	43
2	45
78	1
41	16
97	5
95	1
89	2
62	22
53	3
80	27
16	2
61	3
46	6
27	6
18	7
96	13
65	3
80	40
32	2
34	20
12	1
50	3
77	10
56	31
64	11
54	3
43	1
17	21
38	20
5	47
76	3
32	5
48	5
34	23
34	11
59	23
99	3
97	21
23	1
7	41
39	12
18	32
26	1
21	1
29	2
23	1
76	8
95	1
69	251
5	15
99	16
99	4
28	5
23	4
48	4
88	2
40	4
19	1
91	9
33	153
15	1
74	3
60	4
68	30
100	14
82	2
39	218
46	4
27	65
68	5
48	22
64	2
60	37
4	74
24	2
72	41
42	4
31	1
64	21
81	30
73	77
12	1
46	14
81	5
28	30
50	12
3	11
14	13
46	4
15	1
5	45
58	2
82	14
99	8
89	85
12	7
45	1
76	7
84	282
14	5
4	2
38	3
27	73
23	7
71	2
92	1
26	2
25	25
40	1
56	7
6	10
92	11
93	20
44	4
24	5
91	9
71	7
37	5
82	1
20	11
100	1
79	3
11	1
84	13
29	2
81	1
57	3
89	11
40	25
81	2
93	19
93	49
2	1
12	2
92	23
38	15
94	5
67	6
22	12
6	2
40	87
37	58
10	1
49	1
8	5
15	7
51	2
15	108
88	4
38	8
8	1
21	9
43	5
57	26
41	2
66	22
51	86
28	160
78	311
61	4
8	1
37	5
83	4
13	25
28	14
53	11
77	400
88	17
64	21
34	1
57	57
37	2
53	8
20	16
96	6
68	5
7	17
13	58
59	11
63	29
79	30
25	187
91	2
77	22
8	6
63	6
13	1
24	7
18	5
48	1
74	15
68	69
74	26
21	2
60	118
74	15
1	42
96	2
14	42
50	14
86	1
38	2
66	8
67	3
7	3
48	4
32	1
12	5
50	2
41	7
67	2
99	2
64	26
11	4
66	49
50	53
75	3
52	3
3	20
74	6
84	9
41	1
91	28
25	10
88	66
49	20
83	1
26	7
40	1
26	33
99	1
59	2
66	1
64	111
29	21
81	344
14	4
31	21
77	14
44	1
24	4
70	4
90	51
7	44
34	1
90	4
11	5
56	191
10	9
49	21
60	18
6	47
2	15
28	136
43	5
93	11
66	18
27	3
61	1
88	73
16	52
78	1
28	3
55	51
4	8
79	27
83	5
39	2
72	4
65	27
89	34
35	10
24	11
61	1
93	4
82	2
28	2
86	6
45	50
45	6
46	1
67	9
59	70
16	7
71	1
47	1
90	22
18	30
93	1
52	21
30	13
96	10
97	1
64	6
25	27
92	8
83	1
51	3
63	2
74	26
46	25
48	2
4	1
51	2
95	1
84	2
40	2
32	4
12	2
28	10
55	17
59	12
29	22
33	14
74	3
79	2
29	3
58	5
43	17
31	3
15	12
12	22
45	6
89	1
43	96
44	26
38	32
38	4
62	42
60	20
28	2
11	59
65	24
92	72
80	11
96	2
88	3
99	3
2	164
39	1531
6	25
45	3
36	34
61	2
3	10
89	1
59	14
38	4
18	46
33	5
2	25
95	4
87	1
72	18
32	1
36	1
93	2
85	1
13	6
81	1
65	5
97	1
19	21
49	2
66	9
38	2
13	7
8	36
77	11
91	5
89	1
50	7
9	6
65	11
78	40
87	95
18	20
69	1
20	3
76	5
55	3
4	4
97	7
18	17
41	43
33	11
85	2
66	6
67	1
65	10
79	1
91	56
38	1
35	11
80	28
42	1
27	2
53	5
7	3
48	2
77	2
80	36
66	1
57	10
27	13
28	5
27	1
52	2
29	1
73	2
49	10
46	10
62	39
50	9
19	7
18	2
80	3
59	27
95	1
29	11
91	9
78	6
26	17
33	13
67	6
17	2
74	6
90	39
63	537
6	2
39	1
27	12
72	5
67	5
55	3
39	20
54	25
14	12
96	3
36	2
6	1
29	157
18	104
17	11
60	1
13	54
48	6
68	27
28	2
89	9
80	57
31	3
46	3
64	33
93	48
56	149
7	30
80	44
6	20
9	96
69	12
15	3
12	1
40	32
67	20
78	12
7	1
30	8
4	4
97	1
48	1
50	22
40	15
30	61
77	11
61	5
11	2
65	7
8	14
17	4
84	8
71	12
54	1
45	26
97	4
56	11
45	2
98	1
86	99
32	7
17	3
10	1
71	1
52	3
78	31
56	1
14	3
2	1
31	7
75	159
40	7
71	1
39	12
72	2
98	1
89	3
99	6
44	83
25	2
52	4
16	3
15	3
37	27
96	6
66	1
46	10
4	9
93	18
87	1
70	33
18	28
2	4
9	1361
38	7
40	3
86	38
99	2
36	2
72	7
54	18
52	32
94	9
18	74
2	4
1	2
92	1
81	45
38	9
37	1
73	5
15	8
35	38
14	16
1	2
52	5
74	1
57	28
63	27
4	6
82	4
86	4
25	29
65	9
59	13
89	10
81	4
46	2
21	1
37	49
44	29
78	5
44	1
35	72
12	20
73	3
97	1
69	8
28	4
87	1
37	3
22	6
83	1
37	1
77	3
75	7
61	45
88	174
90	4
61	4
63	1
49	3
43	3
84	6
53	5
8	14
97	38
10	46
99	77
81	84
71	23
47	13
11	3
87	12
8	87
56	3
32	23
33	4
72	8
47	1
86	1
16	23
87	12
13	3
75	2
13	3
52	3
28	9
45	14
65	22
12	1
27	29
27	1
20	21
79	1
25	21
25	18
97	9
21	241
48	1
54	3
92	12
71	48
70	81
84	11
71	6
57	281
90	9
12	28
84	462
28	46
5	2
51	4
66	257
62	4
19	22
77	1
23	130
33	4
66	4
29	6
63	12
37	2
71	7
66	8
37	1
61	6
48	1
93	21
86	7
78	47
72	22
18	259
5	1
89	2
21	1
58	155
5	14
40	18
93	5
28	1
1	3
73	9
55	1
12	2
23	12
96	7
96	38
92	5
18	2
22	1
53	2
21	5
24	19
84	5
68	27
100	1
55	14
15	4
40	9
48	4
68	2
8	3
59	5
14	14
34	1
14	3
65	7
95	92
98	32
59	14
44	201
33	22
81	38
58	9
77	1
34	22
52	2
10	3
43	12
86	8
62	6
14	5
37	9
66	25
89	28
50	21
34	15
82	2
85	7
39	6
49	84
9	1
65	5
62	1
97	2
87	12
50	3
85	5
12	14
23	27
26	9
37	24
6	2
78	4
61	57
55	1
87	29
61	39
84	3
62	60
73	1
39	5
100	3
60	1
24	4
16	3
7	2
13	2
21	11
6	2
57	2
42	22
74	8
98	11
76	25
89	71
58	2
22	10
1	2
21	2
68	13
78	5
39	4
89	10
83	1
92	10
5	41
37	26
87	110
39	14
44	8
62	120
6	4
11	81
68	5
82	29
18	5
60	711
4	32
66	9
46	74
28	6
95	59
32	1
50	127
99	6
49	6
99	1
94	41
11	5
91	6
48	165
55	7
67	8
60	2
48	8
45	5
7	26
92	1
76	1
60	18
38	14
85	248
13	4
48	8
43	42
68	33
49	19
50	1
84	3
51	1
65	32
59	35
86	840
10	25
42	1
86	21
29	4
19	38
99	37
16	9
56	2
32	1
9	5
71	12
93	4
75	10
68	9
28	223
34	5
65	3
10	16
59	5
19	15
82	1
47	1
10	7
32	2
59	36
25	111
84	2
54	8
26	22
91	21
25	4
94	884
51	13
42	36
96	11
90	36
80	21
78	1
42	23
82	370
53	2
33	16
75	24
46	3
10	97
57	4
63	18
26	63
8	6
26	2
82	7
83	5
55	1
2	72
22	1
48	5
94	2
62	12
69	5
72	62
94	2
63	14
81	4
21	4
10	19
42	3
65	1
3	48
36	11
67	36
92	27
35	2
97	5
56	12
54	23
42	7
6	6
54	14
95	36
73	4
77	12
94	54
90	10
64	78
4	5
34	1
95	4
31	21
15	83
7	27
65	18
66	28
3	1
8	11
97	6
52	1
46	118
18	8
44	1
12	1
10	3
94	1
16	12
98	11
15	1
49	8
55	175
1	34
84	1
5	8
41	6
57	52
4	15
25	10
54	78
46	30
84	394
22	15
68	1
80	4
26	7
12	5
93	1
88	5
21	32
60	156
51	5
98	9
94	2
53	26
9	45
66	17
89	8
94	28
10	2
41	3
4	4
67	27
65	1
76	1
50	12
97	23
7	8
58	2
20	1
100	18
60	24
24	21
56	10
60	2
46	42
53	82
52	3
97	10
25	76
4	24
10	17
79	5
98	5
69	5
98	22
96	84
36	7
8	1
92	54
9	13
67	1
85	33
31	5
38	3
8	268
34	3
93	9
38	10
99	2
58	6
77	1
4	5
28	24
7	4
30	19
55	27
27	1
18	1
76	6
69	43
95	367
4	13
17	29
28	71
98	6
63	21
94	2
42	14
81	1
39	34
67	3
10	5
35	1
6	33
33	137
45	4
27	5
18	12
41	1
62	806
34	38
16	1
45	9
47	1
8	9
88	3
81	94
71	25
28	57
29	204
2	12
91	17
73	9
75	1
6	3
2	13
63	19
18	5
25	3
84	4
53	44
10	138
24	39
52	1
8	29
14	5
5	9
40	8
65	5
41	1
53	15
60	1
11	2
74	1
45	38
72	1
32	99
33	1
13	1
57	19
17	5
32	62
26	1
2	22
37	6
11	2
84	9
56	127
3	327
34	5
41	95
95	1
37	14
30	137
64	37
72	12
8	15
4	5
74	118
27	21
47	2
50	14
63	10
28	2
37	6
12	1
17	20
53	9
86	4
54	1
68	1
80	26
28	7
64	3
40	1
14	22
78	16
19	16
20	3
6	24
59	29
38	18
27	4
81	2
72	14
64	15
11	11
70	12
30	129
43	1
22	1
6	3
72	4
92	4
22	11
3	8
69	1
8	7
82	2
59	3
73	23
96	3
69	30
74	6
50	8
18	4
76	7
75	3
99	29
42	4
18	6
4	2
84	6
81	3
50	3
69	38
66	12
58	19
34	7
36	3
50	3
6	1
28	6
24	115
49	10
1	5
9	81
4	4
15	2
60	2
27	1
39	3
96	22
30	7
30	1
12	11
69	7
56	1
1	150
77	16
96	13
67	2
82	16
47	20
57	18
64	70
86	24
79	3
1	9
62	5
76	27
61	49
41	5
44	8
99	10
42	31
98	8
98	40
81	19
78	1
54	1
72	13
47	143
24	1
10	10
33	1
9	27
82	9
13	5
42	77
45	57
5	7
94	42
72	19
3	41
62	2
95	16
51	16
36	4
44	2
10	7
34	13
21	13
18	20
92	5
44	1
45	23
30	8
54	70
15	9
54	2
16	3
62	4
93	22
91	1
97	4
12	5
69	1
97	3
17	6
1	12
76	12
12	5
35	1
61	31
25	1
77	15
66	4
57	4
90	8
46	7
98	11
69	5
93	22
55	25
5	6
21	1
52	4
36	4
1	15
38	14
62	5
16	7
8	4
37	2
18	3
36	9
43	7
32	12
68	37
96	66
45	124
3	5
52	4
85	2
38	3
28	2
88	8
78	3
14	44
45	3
52	1
49	5
83	2
33	156
70	2
26	3
48	4
61	3
18	11
55	55
18	3
5	4
77	188
5	2
53	6
77	69
80	4
50	2
57	240
15	9
13	1
91	25
20	33
16	37
47	11
95	10
4	1
74	3
37	1
27	2
78	1
45	1
28	4
22	121
31	25
62	2
80	23
7	1
55	102
39	2
92	2
70	1
87	5
79	11
72	6
64	18
60	1
9	20
57	1
75	2
69	55
82	37
41	12
98	18
10	19
48	6
72	1
99	617
11	1
34	14
86	2
34	12
9	2
84	4
27	5
4	10
46	1
43	3
24	2
81	7
80	1
37	30
97	4
62	24
17	56
41	3
43	22
99	2
72	13
68	9
43	14
93	11
7	5
74	4
80	2
15	2
86	15
62	16
38	17
40	7
69	4
8	2
10	116
62	1
39	33
78	1
3	79
69	19
10	59
91	31
52	36
51	25
7	19
22	1
87	3
50	74
97	74
19	4
14	4
86	80
13	10
85	26
86	1
76	1
51	1
87	10
74	3
43	30
1	4
28	1
30	24
95	2
38	4
32	5
44	4
7	10
84	38
23	3
96	19
15	25
67	16
100	3
90	72
23	15
59	6
29	107
84	4
65	3
87	3
76	51
17	3
90	1579
25	2
21	24
61	5
18	53
40	29
18	19
11	11
70	3
95	37
8	3
73	2
50	3
20	6
94	38
60	15
36	3
95	2
56	12
94	11
86	9
93	1
13	18
47	14
24	3
81	11
22	3
56	7
16	8
1	187
63	3
92	41
47	19
57	7
44	12
78	26
83	1
36	1
26	1
29	11
79	9
84	9
66	4
23	7
66	5
90	3
86	28
77	8
70	1
86	6
82	2
94	8
34	160
63	31
66	1
11	3
52	22
44	35
33	26
49	6
41	62
77	100
22	2
10	13
85	23
4	76
59	31
86	11
81	64
54	10
91	38
90	7
58	13
62	1
2	19
92	3
52	17
20	6
21	3
16	14
76	6
28	2
19	83
77	17
13	27
96	4
46	3
100	12
21	5
49	1
74	67
16	46
61	17
2	132
68	6
42	2
87	3
29	9
82	2
7	25
87	2
100	13
91	15
38	2
63	47
37	1
79	11
13	5
43	269
71	14
30	10
5	1
33	6
24	13
89	22
11	28
35	4
58	92
12	1
40	9
34	216
62	3
32	2
50	51
39	15
36	8
36	4
87	4
72	3
86	6
43	21
87	39
62	2
54	17
44	4
51	13
20	53
40	38
37	34
78	1
12	25
98	5
5	2
20	24
97	1
88	5
5	4
68	108
75	27
92	3
65	8
46	34
54	3
39	24
25	2
21	6
81	13
39	2
54	2
12	3
15	8
41	64
30	9
37	12
28	8
73	7
70	18
79	6
54	25
16	1
37	4
69	26
54	9
5	8
65	46
8	27
20	2
2	2
7	34
52	2
18	3
29	24
93	3
61	3
77	6
27	4
16	3
82	23
54	13
79	2
54	7
1	106
86	15
73	2
44	64
30	10
51	1
47	2
65	3
40	21
86	3
6	3
65	13
73	32
24	18
88	3
89	6
54	21
46	15
69	21
54	9
49	6
56	9
99	3
5	12
65	13
8	3
95	10
8	66
42	24
70	3
64	2
73	2
35	8
48	5
59	1
53	15
57	1
6	8
32	2
46	12
5	8
17	45
77	184
70	5
10	2
50	2
49	2
43	7
45	197
39	17
42	23
62	8
51	15
54	3
82	16
29	487
3	7
88	5
72	3
48	14
97	41
54	12
24	1
80	1
37	10
22	19
61	9
29	2
55	7
96	12
32	4
73	32
20	42
65	222
17	11
23	3
13	5
62	1
76	4
7	5
63	1
43	5
16	9
89	23
56	12
57	4
7	31
72	81
40	29
68	6
100	6
73	29
18	89
100	4
79	16
58	2
38	4
19	7
74	1
74	34
90	5
67	32
62	2
25	274
26	16
10	2
33	29
88	14
20	23
96	31
97	6
94	5
56	54
87	2
70	7
61	2
94	37
58	7
16	2
8	6
25	1
69	9
55	401
59	19
95	2
75	10
10	5
77	5
83	7
97	15
26	4
66	19
87	14
78	3
8	10
47	41
58	1
92	4
24	104
89	5
8	2
13	3
34	9
34	25
55	16
71	3
43	4
3	1
10	102
36	10
20	5
52	2
49	1
40	243
45	24
94	12
42	6
22	11
98	37
94	2
89	6
35	34
51	28
13	1
20	2
80	4
81	140
68	1
26	6
5	4
39	83
74	16
55	34
59	1
2	23
55	13
68	42
77	26
78	33
30	1
88	14
89	9
92	9
2	2
67	7
91	10
4	10
38	64
11	3
62	4
100	12
57	1
57	3
38	2
74	1
84	29
28	14
82	7
31	40
40	6
88	2
55	2
46	11
53	2
91	6
71	6
33	19
62	4
12	6
28	54
65	12
51	27
38	1
16	2
66	101
17	3
37	10
48	3
66	1
89	2
69	41
3	1
89	23
94	12
14	1
90	1
87	1
74	1
23	3
92	1
96	30
44	12
83	1
13	27
46	23
60	78
63	26
67	6
77	3
7	12
37	50
72	21
87	3
47	10
86	11
100	3
1	1
64	72
38	1
35	3
80	4
49	6
60	2
96	7
79	6
78	15
50	13
89	21
97	1
49	8
24	2
14	149
96	15
59	8
56	42
68	9
43	17
32	1
35	1
89	4
34	63
79	28
18	3
23	22
54	4
48	3
76	10
54	14
42	6
55	4
61	20
88	2
95	3
4	8
99	7
94	44
62	5
66	13
91	3
93	24
64	5
74	21
54	7
61	1
94	25
96	76
41	6
8	2
3	23
16	6
7	17
84	3
32	8
98	10
89	18
19	105
83	36
42	44
22	628
34	40
69	3
73	22
17	5
48	4
95	11
23	1
71	5
20	44
58	2
76	13
59	19
2	14
89	5
28	202
49	2
29	32
95	8
30	3
84	1
33	9
91	2
30	13
12	1
66	5
70	69
67	4
87	1
21	97
16	26
89	2
13	4
33	3
21	31
21	1
42	1
82	21
7	3
96	25
16	110
91	29
6	3
65	5
29	13
72	5
36	2
60	12
29	1
11	2
57	5
5	2
36	2
33	1
2	67
64	28
92	1
54	1
15	19
42	2
6	4
39	23
24	693
45	9
93	9
53	203
39	137
50	5
95	6
68	17
9	2
17	32
37	6
49	10
91	7
46	13
54	29
40	4
85	42
33	13
40	2
77	21
46	38
3	7
59	2
40	3
54	9
18	92
77	2
93	4
8	110
66	21
73	3
43	1
89	45
85	9
12	22
9	1
90	17
100	33
82	40
66	54
46	19
28	1
53	24
92	14
9	3
26	242
14	1
41	38
94	2
34	7
89	4
13	24
5	60
77	13
3	22
24	2
29	37
74	2
23	5
93	83
74	301
16	254
37	3
41	34
85	6
87	14
67	20
3	11
64	6
61	10
73	1
18	5
88	9
34	6
9	18
45	3
48	10
73	5
69	16
66	13
38	9
78	1
56	4
79	9
64	191
88	4
76	20
89	7
49	17
76	17
51	5
42	7
33	2
34	34
30	1
57	16
7	15
75	267
19	12
84	4
96	77
69	8
81	13
37	13
82	1
41	195
37	539
82	2
100	9
73	7
70	1
48	9
67	37
90	14
26	45
18	13
100	6
44	7
95	72
12	3
97	9
61	56
86	33
53	18
13	1
65	7
57	57
9	4
33	220
60	22
27	55
84	6
16	4
58	7
11	6
90	4
25	3
91	12
96	2
98	15
71	3
41	14
26	17
3	8
51	6
20	44
43	5
2	3
82	22
72	2
84	12
3	1
15	1
21	13
88	21
69	12
31	16
37	1
61	6
66	41
5	1
39	5
40	3
57	5
55	6
16	6
40	2
97	138
63	4
15	7
86	52
11	12
47	13
72	1
42	1
22	7
26	11
45	1
57	3
89	1
80	1
1	20
74	1
77	11
66	1
41	1
78	3
19	207
2	44
35	9
83	24
41	6
21	6
24	1
37	21
39	2
68	2
39	25
40	16
32	12
57	9
59	7
74	16
62	8
72	14
71	36
4	4
14	4
48	71
4	5
49	49
52	33
33	24
60	10
56	19
28	71
62	20
50	1
16	95
62	11
58	18
44	4
47	4
41	21
94	11
29	5
39	5
61	4
21	1
95	20
62	28
92	14
12	5
9	221
3	9
69	23
58	10
25	13
21	4
1	29
10	2
7	42
13	8
70	2
38	2
13	14
42	19
73	32
44	2
84	6
8	5
58	2
16	5
21	10
47	57
2	1
2	19
7	21
79	7
52	39
96	58
67	1
68	1
94	1
77	27
61	2
80	12
48	1
51	1
84	10
41	3
9	29
45	42
60	13
96	8
92	12
27	4
80	114
53	2
8	23
1	9
64	23
89	8
27	2
83	4
93	42
47	15
69	1
68	19
66	28
91	67
6	1
19	1
14	7
9	7
52	5
93	7
92	2
78	1
24	29
80	7
35	4
69	1
69	45
35	6
51	2
43	1
45	4
92	3
35	4
82	5
12	2
53	4
59	12
21	10
42	20
50	1
30	23
83	2
5	2
84	9
45	1
62	2
90	2
50	1
4	6
62	21
57	5
70	18
43	21
49	8
94	31
65	11
19	8
73	29
68	51
82	2
85	1
5	3
48	6
50	5
37	1
70	4
24	2
12	4
80	10
54	14
61	1
1	5
17	3
6	3
81	8
99	9
33	1
43	3
9	1
35	8
54	47
42	6
46	1
46	4
65	23
2	2
21	14
8	8
75	25
24	13
3	5
23	2
77	8
67	5
8	127
34	33
8	1
41	127
80	25
82	5
90	9
26	19
85	3
3	5
98	3
69	66
100	187
87	5
60	1
65	5
58	19
80	9
25	11
22	73
58	6
4	3
86	35
13	5
62	110
84	3
92	3
14	44
46	2
20	11
58	43
24	4
34	119
84	227
74	20
65	14
8	68
34	4
97	27
18	6
60	9
72	1
56	4
95	6
38	4
58	2
49	3
61	17
35	2
43	10
50	3
96	8
76	37
6	413
75	38
86	19
28	58
89	17
42	2
88	1
48	3
25	2
30	1
82	2
30	5
77	5
32	26
39	14
52	1
34	16
71	38
64	1
76	4
84	16
35	3
100	12
21	4
82	16
9	16
66	10
88	53
68	162
65	27
29	9
54	5
94	240
81	12
25	11
61	8
76	1
84	3
80	7
99	2
5	46
25	9
49	3
64	27
82	58
26	28
97	290
23	4
7	6
51	7
62	12
92	31
57	9
64	7
82	8
49	68
73	3
60	7
36	1
88	6
56	17
78	62
97	2
45	13
7	4
34	1
57	36
58	33
3	6
53	1
35	4
22	31
74	9
31	13
56	7
78	1615
35	4
14	11
11	11
86	11
5	18
86	1
48	4
26	8
15	2
86	13
79	3
11	29
91	4
64	4
63	14
61	19
52	35
80	90
85	10
79	1
35	9
2	13
62	38
84	3
57	39
29	1
79	4
42	15
32	12
19	1
50	10
91	2
54	5
63	2
38	6
30	13
61	4
6	16
63	6
50	29
9	27
58	54
70	9
59	1
56	50
95	2
57	21
6	1
58	12
3	12
65	5
18	20
67	69
50	5
63	2
52	2
30	13
13	1
59	59
51	7
1	7
72	2
33	7
70	1
1	2
36	18
55	13
93	6
80	9
2	2
93	15
69	3
13	9
24	2
5	6
38	27
23	25
13	1133
89	7
49	6
5	1
5	1
42	9
32	7
91	8
67	5
90	8
61	8
17	1
26	4
62	9
77	27
75	12
44	21
22	11
52	2
28	32
36	48
57	9
42	4
57	17
33	19
95	30
100	1
81	3
35	1
43	5
30	11
3	17
32	4
17	16
53	5
42	24
65	7
12	50
96	2
17	20
13	15
73	20
26	23
41	13
47	13
75	3
52	9
53	8
5	175
69	15
64	2
98	3
60	3
37	10
76	4
36	2
69	40
56	8
65	21
58	21
84	11
90	53
62	13
70	2
62	1
23	15
52	95
5	12
32	2
71	4
51	1
51	24
17	13
64	27
54	19
47	10
6	17
24	7
30	4
84	1
34	10
21	3
82	18
49	1
70	2
24	6
76	5
90	34
80	26
29	4
27	33
22	10
63	4
2	11
89	1
88	1
95	30
11	8
84	1
42	7
29	6
25	35
91	1
52	5
20	4
54	3
6	6
81	23
23	9
13	6
70	7
37	15
59	153
45	19
58	2
47	3
54	2
46	5
86	12
65	9
28	1
2	6
97	13
53	8
67	4
34	5
16	26
52	47
69	6
68	48
85	9
67	7
85	7
34	13
12	11
26	13
69	9
76	5
12	5
88	8
45	13
14	18
95	7
86	351
65	1
92	7
18	21
91	15
22	9
76	161
75	3
24	2
84	1
63	9
27	1
73	3
76	3
82	26
55	10
85	3
23	2
23	8
86	5
47	2
90	4
93	38
79	6
10	4
67	3
58	2
74	90
67	6
20	2
71	16
19	27
96	15
34	7
33	6
83	12
31	3
5	2
87	50
42	3
97	30
20	4
4	11
88	4
98	38
22	1
32	2
26	2
32	9
96	1
82	2
47	3
2	26
38	1
86	10
88	6
39	1
88	3
56	3
64	3
33	3
72	6
28	6
42	9
59	4
28	9
19	1
4	2
77	19
65	1
73	6
95	2
11	7
5	6
8	8
70	17
57	10
55	4
89	1
96	98
89	5
91	25
48	3
31	2
40	4
89	179
99	47
22	24
69	9
78	1
47	16
68	11
39	5
39	13
22	4
77	26
60	2
69	4
66	23
35	13
46	1
16	3
11	12
56	2
15	15
7	1
79	1
68	5
49	8
47	55
96	14
80	13
94	5
66	1
98	8
63	9
76	8
90	13
19	5
16	19
29	9
98	1
49	2
27	12
26	4
70	5
100	1
28	9
100	1
4	285
45	4
44	18
48	84
9	20
82	4
2	41
99	36
69	1
67	3
47	8
72	1
65	1
69	23
68	24
37	3
17	1
40	25
53	2
98	15
56	29
37	3
89	38
8	2
85	7
9	35
19	11
51	12
55	98
27	25
38	27
44	11
43	3
67	5
74	111
8	8
94	1
86	20
83	3
44	1
20	3
2	4
35	5
72	4
