10312
62	97
37	6
90	2
21	2
6	25
58	48
80	42
5	3
80	2
96	55
22	34
26	1
10	89
60	13
29	215
48	58
56	11
54	4
10	14
17	12
33	5
84	4
81	20
99	12
35	21
85	206
55	8
32	235
27	82
98	2
3	3
97	4
33	29
56	2
75	2
8	188
46	99
75	1
32	17
38	65
23	13
25	3
89	1
92	4
99	15
21	36
38	2
12	52
23	51
12	35
90	4
8	5
63	4
66	5
11	11
63	1
29	1
9	17
46	1
35	12
92	12
50	12
29	22
52	1
79	39
100	41
86	4
3	7
93	3
45	20
23	23
35	11
97	3
24	3
98	1
43	4
65	34
23	2
52	1
96	30
40	76
97	2
54	7
77	60
71	7
1	112
80	2
100	302
82	1
23	23
32	6
73	17
8	43
93	20
20	1
40	2
83	7
88	4
91	12
34	1
86	2
10	3
74	5
45	3
83	21
38	1
35	11
15	33
4	12
52	3
47	1
86	2
31	37
16	23
37	9
86	2
88	14
91	18
8	9
67	5
54	7
9	5
66	93
82	213
81	22
96	3
76	162
7	136
6	225
30	3
76	2
68	28
15	1
75	13
92	1
64	16
97	1
85	8
46	31
36	1
50	2
5	1
16	33
82	7
38	5
66	14
83	7
27	52
42	7
70	21
41	13
30	2
9	3
52	87
83	7
85	9
21	1
57	46
4	46
56	7
6	211
5	1
6	8
36	7
31	8
33	1
42	53
13	2
80	13
61	9
54	12
46	1
37	12
10	107
45	7
85	1842
90	1
89	6
72	32
95	1
28	3
78	71
92	5
24	40
57	3
37	20
32	9
35	18
36	7
64	1
13	17
81	73
42	2
49	6
92	53
19	15
73	4
93	6
37	9
39	1
3	9
54	1
9	8
5	9
84	52
24	13
69	13
50	124
25	10
74	130
45	2
39	2
92	49
85	59
50	16
73	1
2	4
41	9
19	374
54	22
66	18
2	5
84	18
47	5
100	56
28	150
16	1
17	66
49	48
88	1
28	72
6	40
90	182
43	46
43	10
14	1
76	2
97	2
17	67
23	1
15	2
64	2
68	4
89	24
84	60
17	112
88	34
45	34
72	33
41	2
35	2
78	4
72	2
25	7
17	20
7	4
49	7
64	15
53	7
83	1
28	1
100	21
77	7
48	4
34	40
66	22
93	3
82	11
68	218
55	6
5	2
18	11
35	3
73	2
86	40
75	86
59	9
32	16
21	40
87	6
18	3
26	7
46	247
25	11
17	72
1	51
91	42
78	38
3	1
64	3
58	158
53	18
16	1
54	20
14	188
94	12
43	3
92	6
26	40
5	12
98	112
15	67
26	5
17	2
94	24
16	96
69	6
18	27
55	4
72	3
63	28
50	5
84	6
45	7
60	9
55	97
57	26
1	49
65	3
11	23
48	2
61	8
98	16
100	2
53	72
72	1
87	9
73	47
66	17
32	15
70	1
86	1
59	18
8	34
54	63
32	28
48	9
16	2
74	29
48	11
89	11
45	3
92	80
98	12
86	6
33	11
18	55
80	30
7	10
2	1
9	1
64	6
29	20
4	7
98	3
32	21
74	16
66	40
45	25
73	15
95	2
36	32
79	2
92	21
6	66
49	2
78	21
26	3
44	59
12	187
85	63
83	7
71	38
75	4
62	75
48	14
8	51
72	14
49	55
76	1
59	31
25	1
40	13
47	43
31	3
28	3
53	5
25	2
10	43
41	1
49	3
31	18
22	16
95	654
20	239
28	19
97	8
18	2
54	209
23	62
74	16
51	6
64	2
4	46
25	21
47	50
83	3
81	1
82	36
77	25
96	15
31	11
60	5
33	23
64	60
49	3
57	57
66	3
73	5
44	27
64	3
73	90
19	30
53	70
28	6
1	9
37	4
20	11
78	13
9	94
58	8
81	81
7	12
85	1
66	3
79	2
18	5
78	29
57	36
87	8
11	49
11	7
17	3
95	6
85	3
39	1134
64	134
8	86
17	1784
53	13
72	9
63	38
87	17
76	11
22	27
78	4
1	11
83	101
22	14
16	154
36	2
53	1
77	32
74	1
4	16
28	2
9	46
16	2
82	5
37	4
58	4
87	15
55	5
27	52
50	2
86	148
52	71
36	10
50	41
73	38
35	3
80	40
94	3
42	32
43	2
82	7
96	12
9	99
41	24
30	38
33	3
75	49
5	9
12	2
19	4
58	5
40	5
99	15
89	9
11	64
22	141
34	1
13	19
19	20
81	25
95	72
14	12
49	1
30	42
71	2
48	5
4	3
22	17
23	7
46	22
92	9
77	23
36	33
18	31
46	48
53	1
16	20
60	6
36	2
76	1
93	38
38	14
13	14
2	7
20	6
19	2
18	43
87	6
88	93
10	41
7	16
24	32
80	2
37	15
76	10
72	4
38	212
15	2
20	137
88	29
68	2
2	59
6	61
42	45
97	5
26	35
65	13
76	33
84	75
62	4
28	407
78	11
46	13
19	12
60	128
57	6
16	12
16	6
50	2
66	110
59	23
52	3
43	3
70	15
43	109
36	11
16	2
86	3
5	26
78	12
66	4
43	10
96	18
6	3
66	37
43	37
65	18
99	8
25	47
85	120
51	53
88	640
85	24
30	9
81	184
4	7
93	23
30	18
7	12
85	11
57	42
48	3
24	5
80	22
65	5
18	6
35	17
84	5
82	1
59	10
21	48
11	1
64	1
5	26
27	53
94	3
19	3
8	2
90	12
94	291
54	15
21	13
20	20
11	5
70	7
14	5
35	60
6	2
67	13
21	4
2	12
80	3
59	12
66	30
77	3
2	11
73	14
73	3
31	1
44	2
56	1
41	89
36	55
40	66
8	9
47	12
26	12
33	2
64	13
31	2094
60	38
25	560
11	4
28	79
32	37
40	67
84	115
29	4
77	79
73	4
80	4
49	5
97	17
40	13
30	1
4	2
58	19
76	119
78	16
60	27
78	28
48	1156
82	5
83	6
95	22
46	49
27	1
82	39
26	15
35	12
95	3
47	31
71	12
72	203
77	4
60	1
82	6
18	2
34	26
73	1
56	1
6	292
16	12
56	2
12	2
100	1
85	6
10	2
21	39
6	10
63	101
55	25
24	13
7	21
24	19
89	3
1	9
12	8
86	49
62	35
62	54
55	1
59	20
4	4
48	1
28	29
25	7
54	4
5	1
9	12
42	4
59	1
95	7
63	43
42	7
81	26
36	5
52	2
54	21
25	55
67	24
62	2
85	3
43	17
30	20
70	53
51	8
18	8
50	7
81	44
3	1
97	5
99	18
84	1243
6	24
56	17
12	14
67	2
36	3
90	11
63	60
89	3
38	4
62	1
85	39
82	7
7	7
28	23
30	4
61	108
72	2
63	177
86	3
83	7
41	21
38	22
82	71
20	14
31	11
59	3
27	11
5	74
22	6
91	53
96	5
43	45
71	7
1	37
38	37
81	61
7	18
85	2
44	1
8	1
88	6
93	2
61	3
100	2
81	2
90	2
44	12
46	8
88	7
74	1
34	17
7	59
24	692
28	3
46	55
44	15
4	7
99	16
33	37
51	2
91	41
93	5
23	2
53	10
36	2
39	24
84	9
9	65
35	7
25	10
75	45
64	7
4	64
46	27
12	18
52	2
35	3
41	9
34	5
71	5
22	25
90	17
53	1
63	42
37	10
70	1
55	3
93	32
99	166
97	16
86	90
17	7
44	2
81	9
53	26
97	15
11	12
31	6
87	5
53	1
80	176
38	4
10	6
95	2
24	4
23	3
90	1
32	1
99	27
13	5
14	7
76	80
99	2
38	46
99	4
13	2
67	47
15	2
36	296
37	4
3	49
19	23
1	12
29	46
66	30
1	89
2	2
55	578
34	9
38	1
38	12
13	1
3	4
80	89
91	12
96	6
26	45
36	14
16	65
76	7
9	9
11	11
56	2
14	3
61	77
72	31
4	70
53	93
66	7
96	5
100	3
100	24
57	6
55	7
3	12
52	101
58	11
76	23
79	1
53	2
96	81
40	76
63	28
10	3
29	16
35	1
48	21
57	38
21	73
28	2
94	29
89	212
94	11
68	2
9	79
67	24
96	31
56	3
2	42
38	29
73	30
62	54
58	36
77	8
81	2
4	8
35	44
29	56
59	12
4	67
67	8
24	5
27	26
24	1
47	27
62	1
36	1
91	3
93	3
74	25
23	1
51	1
72	3
37	91
78	2
2	3
13	62
10	5
55	6
71	1
97	53
23	58
59	5
29	2
84	30
28	23
31	1
15	16
12	6
36	3
46	1
36	49
13	2
48	25
81	234
71	96
55	2
61	30
11	12
16	169
42	150
52	5
76	12
26	4
20	5
79	1
50	6
74	6
11	6
81	1
91	1
20	43
48	25
10	2
72	10
4	1
71	13
37	7
24	18
84	46
26	13
59	34
27	5
89	4
4	12
28	41
75	297
91	3
78	75
84	75
24	19
13	435
45	2
43	49
62	16
62	2
91	2
14	36
55	3
6	1378
74	30
5	21
31	1
75	3
95	8
60	4
97	5
16	4
73	1
61	2
88	29
74	4
46	3
47	2
41	12
62	27
37	13
66	18
65	2
31	8
98	17
80	31
67	11
38	7
57	13
25	2
24	4
25	14
89	5
72	1
76	3
46	99
3	130
83	2
3	5
77	2
56	8
97	486
55	2
12	6
36	3
6	39
90	1
79	7
6	14
58	131
40	3
96	24
19	2
61	4
44	13
25	5
45	43
24	1
59	34
62	2
75	5
5	12
2	5
94	4
90	7
39	4
59	9
22	30
12	9
53	146
71	7
57	34
50	3
18	14
67	10
54	30
51	26
57	1
46	2
58	1
54	12
15	8
81	1
44	4
70	21
51	4
25	2
58	3
39	26
85	8
59	2
98	1
1	5
60	11
8	8
36	4
16	3
28	2
37	1
40	131
19	10
49	3
50	27
20	99
86	368
97	24
98	4
52	1
51	1
99	63
83	1
23	10
83	1
45	7
73	8
77	15
27	11
37	12
36	21
19	28
16	1
16	7
12	1
63	9
81	9
73	3
95	7
12	22
97	9
48	4
92	14
12	27
54	2
49	4
8	9
61	68
34	117
36	2
94	21
60	1
10	154
40	32
30	2
33	99
10	15
48	39
60	110
23	38
59	1
53	36
91	95
41	1
40	32
21	1
77	9
62	3
67	1
42	61
55	37
75	80
58	1
18	8
32	3
34	1
63	16
9	1
3	257
29	9
77	2
79	20
33	15
91	30
45	1
47	1
58	1
15	9
94	28
36	5
24	6
68	3
6	2
43	4
28	2
2	11
23	2
9	60
71	19
6	9
83	9
66	2
25	441
7	2
16	5
47	2
62	5
28	8
45	8
75	14
44	19
28	6
7	447
73	7
39	2
96	25
34	1
13	3
45	15
79	90
65	4
50	18
95	3
46	29
51	11
64	36
100	14
12	7
31	16
87	16
66	1
41	21
95	2739
8	62
77	1
50	67
68	9
19	55
32	16
53	1
36	2
79	41
59	11
92	1
79	29
9	1
65	2
47	126
6	54
50	8
44	26
75	3
2	95
25	1
9	61
66	59
45	4
82	6
86	11
95	1
7	9
12	39
3	13
82	37
63	1
42	5
33	4
21	20
13	1
70	27
74	3
20	5
83	9
24	25
29	1
36	21
24	7
6	39
8	43
38	307
21	161
80	30
99	6
91	1
97	27
83	1
99	1
91	2
6	29
53	210
35	215
22	1
38	51
36	4
18	1
66	25
4	80
43	96
98	23
65	20
46	3
16	73
53	49
77	43
24	47
45	30
68	87
20	13
96	11
1	9
31	5
3	1
63	3
89	44
78	54
6	5
4	25
19	17
82	11
19	21
23	20
67	13
32	12
46	2
96	11
92	31
63	86
12	38
38	4
89	48
57	4
42	194
18	20
20	700
6	15
56	9
52	4
69	18
63	3
14	2
59	12
84	13
50	1
99	25
99	11
6	4
33	76
18	4
11	18
53	1
27	17
96	1
34	131
65	2
30	14
6	1
82	1
62	9
88	81
70	6
50	6
44	11
26	2
36	36
50	29
5	80
100	32
7	2
16	72
34	30
1	1
38	27
80	18
65	91
62	1
52	7
64	21
97	6
7	38
78	3
23	127
85	4
33	137
60	119
13	33
98	5
31	5
47	6
85	2
28	15
100	6
60	1
25	339
56	74
39	24
40	53
18	2
36	92
66	2
3	3
39	106
95	42
38	1
83	10
7	101
71	2
93	72
20	30
86	77
52	16
12	14
37	8
18	10
32	53
70	51
17	1
89	100
33	2
3	24
99	353
28	36
18	46
98	20
89	40
64	83
11	12
35	92
57	3
23	4
39	10
77	2
4	1
17	5
42	6
2	5
31	1
8	1
1	23
36	1
92	4
32	8
79	10
52	10
70	20
26	60
70	20
66	38
18	21
12	4
52	449
50	2
45	54
29	5
65	1
85	3
67	6
13	78
34	3
31	136
90	40
14	131
9	99
35	142
60	2
88	2
10	98
44	1
45	8
51	5
40	2
21	67
4	8
3	34
50	8
44	14
93	1
2	2
88	109
31	1
34	4
62	54
7	19
49	5
33	7
16	58
87	54
29	2
22	2
30	5
68	3
9	17
82	4
64	23
98	4
19	9
16	61
77	67
89	20
76	134
29	21
44	42
80	27
8	2
7	1
71	2
10	9
37	43
93	9
11	7
46	15
72	3
13	10
34	88
25	7
73	35
52	5
71	128
91	86
83	378
67	1
26	7
84	2
18	3
62	56
17	22
60	57
67	2
39	2
24	22
60	12
20	8
67	8
94	7
20	6
10	3
81	7
65	36
97	80
43	3
13	13
16	133
50	1
96	14
85	10
56	2
71	1
60	68
17	34
47	51
33	73
26	73
43	22
29	1
24	45
49	2
82	1
61	1
2	4
24	8
27	17
35	7
5	80
87	31
50	10
62	5
92	2
96	2
77	3
26	10
99	1
89	34
42	5
16	23
4	118
82	6
21	28
32	9
13	89
50	74
54	6
96	19
2	45
79	1
19	46
30	54
30	1
49	2
18	1
66	1
6	2
56	7
66	2
55	7
8	34
92	182
19	3
5	1
30	6
49	5
91	224
68	3
100	80
95	2
84	36
91	52
11	46
67	2
88	1
58	1
77	13
55	1
39	10
66	1
98	2
19	2
96	54
12	59
55	8
65	10
70	4
79	2
4	120
7	3
18	1
37	1
16	2
92	13
53	51
26	5
23	1
91	5
83	50
65	2
12	39
26	3
35	1
12	3
54	2
32	16
86	1
69	5
10	3
7	149
17	5
65	38
29	4
60	5
60	3
51	17
5	3
3	322
84	145
81	2
36	9
60	13
84	2
73	13
39	6
60	17
64	127
97	34
82	8
6	17
81	23
16	20
35	1
76	2
36	1
7	5
25	1
91	2
97	182
5	55
46	3
42	2
91	29
4	1
47	4
17	4
16	8
15	12
53	7
21	3
51	18
58	4
97	1
86	2
15	551
80	1
58	44
21	7
64	3
72	14
85	2
40	5
71	4
54	6
96	39
11	4
53	30
24	1
20	14
93	22
52	16
94	1
98	24
57	2
89	13
74	5
68	43
77	1
18	99
66	74
56	22
11	3
48	8
60	3
96	40
53	4
80	11
55	5
63	1
41	4
44	12
28	6
30	3
5	11
38	14
13	46
98	3
4	75
61	182
16	2
18	10
2	11
70	14
78	1
24	57
88	19
84	1
81	21
23	42
13	4
7	38
56	6
99	1
5	279
77	73
67	320
92	10
95	4
29	62
46	73
91	35
70	2
99	6
91	2
39	1
36	36
79	1
53	2
53	26
89	5
29	1
27	5
75	108
33	6
93	15
58	70
62	63
13	1
81	5
85	17
58	5
68	15
63	6
65	38
29	13
48	5
12	1
29	93
47	38
93	13
39	13
78	4
81	2
12	10
44	5
83	5
69	170
89	16
23	3
2	5
10	147
8	32
27	11
58	41
48	5
68	23
4	16
90	2
86	56
96	13
1	29
82	28
28	45
56	5
74	54
1	5
10	2
55	14
47	5
13	28
66	50
84	74
76	1
4	5
77	401
90	55
77	2
2	4
92	5
6	1
66	1
100	6
17	1
63	9
70	3
60	80
59	8
60	134
71	35
47	27
62	14
29	6
10	13
46	2
39	7
18	75
60	4
30	7
74	3
42	9
72	14
35	7
100	6
64	2
57	2
21	87
98	128
12	5
83	3
60	9
59	43
76	7
45	3
45	1
1	4
14	2
91	4
2	7
93	11
63	17
79	206
72	24
36	16
36	3
92	5
90	3
24	2
20	6
74	32
38	36
54	4
98	27
2	9
89	32
67	31
96	1
86	6
26	19
53	2
91	583
59	152
46	5
49	40
54	1
80	7
48	3
46	5
80	1
95	22
93	4
71	237
10	14
58	88
29	27
99	5
6	4
52	40
43	17
15	26
74	16
39	52
31	30
65	1
82	17
82	3
75	43
14	10
12	133
23	12
86	7
63	6
83	7
42	26
66	5
25	7
54	5
11	59
50	15
51	1
89	7
57	3
88	68
99	7
46	3
90	154
95	9
73	4
70	33
57	4
22	2
77	13
47	2
15	3
17	48
79	1
1	831
20	67
9	4
90	22
91	264
88	11
35	13
65	1
74	7
43	2
54	2
26	16
10	45
48	4
9	5
83	6
13	17
52	2
24	57
79	5
23	19
3	36
26	9
66	17
92	102
50	5
79	20
50	2
67	1
67	1
75	2
87	17
55	1
11	3
30	31
95	1
59	1
61	3
68	96
87	137
86	2
56	1
63	2
4	5
54	5
55	17
23	251
18	25
30	3
58	5
21	19
15	14
1	7
66	1
5	168
26	3
41	16
5	10
90	5
84	1
82	42
74	67
83	4
84	43
23	17
75	5
45	5
25	95
67	13
12	7
94	1
12	97
74	13
41	131
77	4
58	93
13	2
14	20
74	6
11	1
90	1
42	33
77	9
78	2
60	11
66	9
29	4
91	51
45	11
18	10
54	1
83	3
10	12
17	3
44	2
83	1
15	8
66	37
46	6
89	27
35	5
10	87
35	15
18	164
30	1
4	12
65	5
4	1
33	35
62	20
98	4
9	2
24	51
58	2
21	4
74	5
52	3
70	15
34	2
17	17
77	63
49	1
9	4
68	2
24	43
68	21
24	70
37	4
6	5
17	3
41	246
80	2
77	12
30	4
40	86
77	4
21	45
10	9
29	16
21	1
5	5
26	39
20	8
27	5
56	1
2	13
37	10
40	117
34	15
26	47
18	43
94	2
79	186
18	832
31	5
63	2
81	85
14	32
54	9
76	169
87	361
9	10
62	3
87	4
20	15
72	1
66	1
26	63
71	44
55	25
84	29
87	4
9	8
16	13
45	4
74	40
72	3
54	78
81	9
79	38
56	1
40	3
19	26
21	87
11	2
42	11
96	36
62	3
33	4
69	10
71	27
7	17
76	24
26	4
56	32
60	1
59	7
88	19
20	1
18	5
35	2
28	8
92	20
89	1
17	4
100	6
51	10
81	1
22	11
85	21
62	22
91	4
47	12
49	1
39	32
47	78
29	1
59	20
66	284
95	3
56	4
73	6
56	8
35	1
10	125
57	3
15	24
43	14
29	1
78	3
61	3
44	4
2	21
13	15
52	31
53	9
5	89
16	21
29	2
88	45
21	7
61	4
94	9
47	50
46	27
41	2
99	64
51	19
89	2
71	85
73	11
99	3
99	9
88	1
16	43
64	25
22	538
22	5
80	150
90	4
91	27
35	5
66	64
93	10
99	3
46	15
37	7
100	2
63	6
13	4
18	2
18	69
5	39
58	219
59	8
60	1
77	5
42	4
30	82
99	2
1	8
51	15
93	2
76	6
40	105
36	1
69	18
48	6
44	6
8	27
4	2
2	43
13	1
25	15
82	30
26	17
71	300
23	5
29	5
69	48
91	16
29	6
9	17
35	3
32	61
5	2
12	3
66	3
54	2
70	1262
69	3
68	5
22	1
54	3
45	1
21	2
30	1
97	5
76	1
94	11
76	4
94	19
57	5
63	4
5	6
96	4
30	1
64	1
57	3
4	54
42	13
87	6
77	4
14	12
17	32
11	7
57	34
31	2
20	23
22	30
80	4
49	1
32	9
11	1
32	8
41	1
93	5
100	4
14	9
73	3
24	32
26	11
91	10
93	1
4	6
38	6
35	3
91	2
1	4
57	1
70	4
60	2
28	14
31	4
24	5
22	3
37	23
79	19
6	4
93	8
40	1
91	5
19	44
91	48
85	29
54	20
48	34
68	2
25	7
67	60
52	2
99	341
87	20
19	6
99	5
53	4
93	38
64	3
28	24
82	2
5	3
18	6
53	3
79	2
34	3
28	546
34	1
77	14
2	12
16	3
58	84
42	13
16	3
14	1
62	66
7	3
34	196
71	5
13	118
66	9
94	85
83	6
71	13
3	91
6	95
28	48
38	4
17	5
77	13
48	172
29	21
57	39
30	8
4	1
27	5
41	13
14	591
51	83
38	5
61	26
23	14
9	14
9	22
17	2
59	25
75	18
17	83
53	921
61	3
93	1
24	20
64	19
11	13
26	1
71	4
42	2
77	5
56	41
80	2
22	2
35	6
77	48
83	3
54	9
84	8
34	3
82	9
100	1
15	6
44	13
14	9
77	2
39	1
75	56
4	6
8	4
48	25
93	6
64	1
24	2
95	7
57	38
58	52
72	53
33	9
56	44
3	13
37	4
16	2
11	3
63	35
12	1
5	20
91	1
54	56
66	2
23	1
76	24
31	31
4	15
13	3
61	15
43	4
9	2
12	6
32	1
41	6
35	2
52	13
65	4
38	13
53	32
56	5
45	1
27	14
1	11
59	12
7	1
10	4
63	43
37	6
46	15
90	11
74	40
4	3
97	5
19	29
5	2
30	9
12	3
49	101
47	68
73	32
60	5
71	2
54	55
69	4
84	3
78	10
2	11
98	5
25	2
99	4
95	55
82	3
36	57
70	2
41	24
39	6
75	2
26	45
16	1
26	1
55	32
12	9
87	2
58	4
78	24
44	2
36	7
29	29
59	13
56	8
91	21
3	2
55	1
96	5
26	1
73	3
27	2
40	1
46	5
28	41
4	8
98	3
100	1
13	16
76	55
13	5
62	6
87	7
47	4
38	7
55	1
55	27
98	1
98	2
42	8
17	25
47	2
36	46
92	35
61	1
69	1
88	29
40	30
50	2
56	6
9	1
100	1810
94	14
9	34
40	32
67	2
47	12
70	1
64	3
83	68
31	4
96	11
32	57
92	75
72	45
19	137
60	36
43	3
68	4
96	3
52	9
15	12
28	3
85	2
49	1
66	55
69	7
50	148
100	26
85	5
92	21
3	50
25	23
8	1
99	72
51	49
18	6
100	41
1	139
39	12
2	28
81	4
68	2
26	10
22	3
90	1
64	21
68	22
40	4
32	2
82	6
39	66
47	11
95	7
26	15
48	1
88	4
53	144
61	8
74	2
39	28
99	55
58	3
43	7
45	5
38	7
8	2
77	3
19	1
4	1
56	16
75	4
83	19
50	25
57	3
78	1
42	1
2	192
46	32
100	254
21	2
67	13
66	12
85	11
66	12
79	20
92	323
15	6
85	6
21	25
92	3
40	4
26	13
36	24
36	21
12	4
25	4
88	68
73	2
25	6
13	58
58	30
60	188
81	2
88	530
89	232
99	10
16	3
21	2
98	16
38	11
16	13
39	85
3	80
28	31
100	3
34	20
95	39
80	625
89	15
76	36
2	2
56	27
54	1
20	18
84	12
60	39
23	1
6	10
60	8
56	10
24	173
67	100
33	3
45	19
70	5
49	2
50	6
40	13
32	14
55	16
67	15
70	1
16	47
66	4
60	202
38	49
61	13
5	34
54	18
66	112
72	10
46	14
70	2
25	35
95	8
20	3
48	5
2	87
64	41
42	5
91	11
9	5
86	13
95	21
13	104
14	50
74	60
58	3
95	11
48	4
64	1
2	6
56	18
30	1
73	52
45	228
53	19
17	186
18	30
77	1
23	8
67	4
1	1
42	24
9	52
36	2
57	8
86	1
95	4
35	1
37	11
33	65
36	2
27	3
12	11
40	32
97	28
81	33
33	9
97	4
63	1
64	46
25	5
83	57
16	1
38	5
51	8
45	2
71	9
96	12
77	4
19	5
92	352
75	1
72	4
64	5
54	140
5	7
27	6
49	61
7	9
98	12
7	58
48	2
64	3
62	26
77	63
65	30
78	8
43	139
61	25
88	24
36	7
96	10
31	11
8	4
29	4
98	94
50	65
64	3
87	9
56	84
57	5
34	1
11	7
88	39
85	2
90	3
18	10
34	1
81	12
89	9
49	12
48	80
31	74
14	12
89	4
84	26
41	37
83	14
97	56
27	22
48	5
1	3
4	11
65	531
78	3
45	1
91	1
27	96
55	5
41	140
8	15
44	34
45	8
4	254
100	1
21	21
49	15
64	288
58	8
88	1
85	343
64	4
75	1
47	1
81	52
28	16
63	41
41	51
49	29
47	2
25	1
94	2
44	15
76	2
90	4
40	23
98	94
1	12
97	16
6	11
34	38
70	25
8	1
55	16
5	8
3	2
73	1
5	146
9	12
69	200
47	6
24	278
16	4
68	17
22	88
41	5
10	3
56	9
71	1
24	6
15	5
7	4
77	7
55	1
95	8
35	46
35	9
84	4
85	11
14	4
28	7
66	1
68	9
57	1
82	94
65	8
57	1
35	23
86	884
19	141
16	5
20	37
15	4
4	3
10	2
57	9
74	83
78	1
94	29
31	4
14	9
24	15
21	39
56	1
99	51
85	2
30	6
67	36
11	4
95	10
38	7
9	11
73	14
56	7
73	10
93	5
36	8
60	5
26	1
62	5
44	17
41	9
2	2
21	3
81	2
36	39
66	20
33	73
34	6
7	14
78	71
44	72
19	9
70	38
70	3
71	23
29	6
90	37
22	32
98	1
25	21
23	5
29	29
83	3
100	6
20	1
93	37
42	17
17	51
7	3
46	34
3	57
92	2
8	10
2	1
18	709
90	17
20	10
99	2
84	1
44	18
27	3
17	10
50	22
83	35
23	37
85	4
5	21
68	4
92	17
70	19
100	1
100	4
29	55
25	39
96	2
66	4
7	22
42	4
18	13
64	11
55	34
68	59
27	3
23	24
61	24
78	4
3	8
82	2
76	4
46	2
26	263
97	3
96	8
89	386
65	1
5	14
4	69
77	1
11	10
100	5
43	7
82	7
54	7
27	164
70	1
56	1
86	18
79	8
41	1
46	5
23	13
75	7
77	1
7	3
2	28
10	76
35	2
41	62
7	16
73	16
43	3
74	84
31	1
13	9
71	13
79	1040
63	53
18	5
7	5
79	9
34	57
5	4
31	18
12	3
16	1
68	8
15	1
91	2
94	5
19	1
65	64
57	51
1	15
66	6
54	19
67	1
84	16
59	5
20	16
7	45
9	2
97	2
15	15
67	38
42	2
24	1
33	38
84	8
9	3
44	2
97	8
2	8
85	2
98	160
86	38
42	11
77	34
17	19
25	3
51	19
72	33
75	6
57	9
41	11
12	1
80	27
45	12
40	3
96	1
36	17
40	13
27	2
68	668
59	2
81	44
14	15
39	8
8	13
98	8
65	1
31	1
69	13
28	11
60	4
96	1
8	1
76	33
2	2
80	40
39	53
26	2
64	41
91	4
11	1
18	129
1	11
70	7
26	1
28	7
24	39
84	63
9	82
16	9
6	13
27	76
58	2
47	1
67	11
91	99
29	3
4	8
59	2
50	69
22	19
73	2
4	86
75	8
19	13
27	83
88	101
71	4
4	8
18	74
57	6
99	1
20	6
67	7
28	111
67	4
49	5
94	547
99	11
17	4
62	67
96	1
95	125
98	6
34	6
71	734
28	6
79	1
24	5
29	1
65	15
51	115
38	5
17	54
16	6
56	3
27	15
29	3
68	34
22	3
46	50
94	9
66	69
23	33
69	81
43	16
98	1
50	5
89	15
22	14
3	352
84	11
31	17
54	2
42	22
2	1
19	3
63	2
20	180
76	2
93	1
25	7
63	2
77	66
43	5
58	14
31	7
78	1
52	198
11	5
5	11
84	48
11	48
11	6
88	50
70	11
4	2
69	10
71	44
68	17
99	32
62	5
17	88
41	14
21	9
66	75
67	25
52	9
47	5
59	7
49	6
13	42
25	2
70	13
82	53
11	1
66	5
12	20
14	1
2	25
7	33
11	559
68	35
54	2
24	16
52	4
43	2
76	172
1	40
65	22
85	11
66	2
3	2
84	26
82	11
50	13
4	110
17	88
21	3
88	3
85	10
68	1
55	7
49	1
39	11
89	101
91	36
77	315
84	8
61	200
97	10
56	10
21	102
74	12
93	3
89	52
52	9
59	4
99	10
12	3
71	6
65	9
55	1
58	441
53	14
54	18
31	16
4	42
85	1
96	13
89	1
58	4
40	22
97	28
75	4
32	7
9	1
10	12
88	7
4	3
37	2
92	497
69	172
70	12
23	1
34	279
1	4
55	1
58	4
82	324
12	8
29	9
60	268
38	5
9	8
91	1
1	3
17	32
81	9
74	38
55	4
67	7
49	11
46	25
24	140
42	71
44	13
6	22
11	8
7	2
35	8
69	2
83	3
8	5
22	17
19	1
91	1
82	37
57	2
48	166
59	6
19	39
62	4
9	3
71	13
44	1
64	1
92	19
48	5
61	4
31	1
49	31
67	5
11	28
9	7
8	1
99	1
73	6
54	19
85	63
48	21
82	18
43	3
8	219
24	23
14	21
51	15
79	3
44	21
45	29
51	1
71	20
29	27
14	11
75	1
59	8
29	2
84	40
64	148
64	4
64	2
97	49
91	1160
35	28
67	2
37	3
82	20
71	33
1	3
97	16
33	3
49	18
46	1
35	5
28	3
48	23
78	37
8	145
70	8
53	3
25	23
57	2
48	27
21	28
14	51
80	1
75	9
10	3
12	4
28	194
45	2
33	2
22	1
90	1
87	1
79	19
36	2
69	15
66	5
35	5
57	2
77	4
94	7
2	12
82	37
48	3
8	6
100	8
72	16
72	408
36	72
69	5
89	3
5	14
78	110
84	4
57	4
69	9
50	3
59	7
51	11
60	1
37	3
40	8
1	9
18	1
13	4
58	9
27	3
6	29
57	1354
41	23
5	4
67	20
31	1
88	5
34	15
91	34
10	123
83	2
93	70
97	28
90	70
57	26
72	12
71	12
54	28
93	159
72	270
15	26
36	2
82	26
5	4
92	52
6	29
76	2
77	70
54	29
30	2
85	2
75	3
80	1
70	1
90	6
84	1
42	19
62	4
40	25
51	30
80	8
56	1
58	7
30	30
50	12
73	51
63	3
41	301
80	33
19	2
2	11
77	67
72	7
70	35
56	6
42	1
28	199
45	2
82	6
49	5
85	51
69	13
72	4
42	16
23	83
24	3
13	45
19	6
42	78
47	20
12	1
88	23
90	8
28	208
7	144
57	2
1	43
42	10
39	4
27	2
46	12
37	18
53	2
94	638
47	337
48	6
80	3
1	3
19	5
95	8
56	16
72	8
77	375
31	2
48	328
27	1
58	13
55	114
71	61
61	7
39	8
31	8
46	11
43	175
10	26
93	2
89	1
72	13
29	13
31	11
11	1
72	4
72	25
35	6
25	31
15	3
6	9
86	7
75	7
19	4
65	350
53	100
27	43
21	11
30	3
34	22
60	15
13	16
31	10
77	155
93	5
23	11
87	180
52	38
87	3
48	13
34	20
56	2
28	3
19	20
79	2
97	4
9	18
73	1
59	17
99	25
95	11
52	7
28	1
45	21
26	4
17	13
44	4
22	14
53	171
79	1364
44	11
21	4
88	2
43	11
97	23
49	1
13	5
23	171
56	2
58	1
10	17
43	13
50	4
27	14
56	1
33	51
33	9
2	59
1	2
18	5
89	74
39	4
19	8
97	3
79	26
58	18
80	8
93	4
15	55
31	4
24	5
20	1
71	19
80	10
70	3
19	11
67	29
15	1
21	1
62	1
65	49
38	59
22	1
25	22
53	2
58	88
73	52
36	1
55	7
65	41
15	12
85	24
95	2
66	36
63	11
65	52
2	13
75	4
88	4
12	29
9	2
67	165
2	1
75	14
68	48
31	1
73	37
64	18
19	4
33	1
12	171
63	1
54	4
37	14
39	2
80	4
72	3
79	3
100	5
29	3
91	20
2	72
79	4
33	17
49	3
33	12
17	3
26	27
84	75
11	14
13	39
21	27
89	60
9	9
52	13
7	184
53	110
61	2
28	31
31	301
62	2
41	27
57	14
48	1
79	1
14	11
1	56
78	82
84	16
28	95
80	7
81	3
98	18
14	43
37	39
6	4
58	78
28	1
63	2
6	111
37	1
35	5
4	1
29	4
54	3
26	6
47	29
16	10
50	131
21	9
24	2
36	120
23	4
95	25
89	37
29	39
70	1
66	10
79	47
63	3
7	184
69	6
45	257
48	4
65	2
80	1
98	4
21	11
29	2
9	75
18	1
46	43
52	12
63	12
62	2
18	57
17	8
72	5
21	41
7	20
39	1
25	6
4	17
13	33
11	32
52	1
10	3
18	18
13	2
95	1
8	2
41	4
97	60
37	12
82	26
6	43
32	5
61	116
26	11
70	10
45	42
67	13
18	19
16	3
67	132
55	2
74	25
50	3
58	55
39	38
32	5
64	2
26	14
1	18
48	16
43	6
91	16
98	2
97	2
94	1
27	4
90	40
95	200
21	231
29	2
95	40
56	2
27	10
85	57
88	3
49	4
28	1
92	3
2	39
42	10
3	104
43	8
67	2
35	1
44	1
50	1
74	271
100	33
90	112
31	3
20	3
59	4
69	8
24	1
42	2
17	38
84	7
40	11
99	1
40	4
88	364
84	170
46	29
17	1
20	151
64	1
25	2
90	12
76	15
66	299
81	15
12	4
44	1
65	1
76	21
88	4
93	11
80	1
6	4
25	8
42	7
20	21
14	13
62	301
73	24
57	69
13	248
68	1
71	8
2	10
87	33
13	1
63	6
70	729
39	1
97	74
34	42
49	16
76	7
87	3
40	4
52	5
14	4
12	3
2	20
34	1
5	64
20	6
41	9
87	1
34	3
62	3
51	2
65	11
23	22
26	128
49	3
18	14
100	13
98	108
45	92
42	101
28	49
67	43
1	1
50	3
89	2
53	3
24	1
65	5
24	18
64	17
20	9
34	53
13	12
72	7
62	44
9	23
77	22
61	21
28	5
63	3
73	33
7	11
35	1
98	3
13	86
82	5
93	2
3	195
98	12
17	5
91	18
5	1
100	3
96	1
27	14
47	80
76	2
100	5
75	10
20	14
10	158
71	98
19	13
63	9
51	9
80	13
4	71
59	9
100	31
33	562
15	8
78	39
83	4
52	1
25	6
97	2
75	5
40	3
92	5
13	2
80	9
86	4
27	13
37	3
2	13
57	2
52	4
58	2
62	175
44	1
83	2
76	2
58	1
53	159
68	21
94	3
61	11
82	36
27	9
18	20
43	1
95	98
59	3
81	3
64	1
9	8
15	61
6	36
50	4
77	119
28	49
16	8
53	1
27	11
70	2
58	4
69	1
59	16
56	13
98	7
66	7
17	62
94	20
55	1
84	100
64	1
53	3
3	25
31	25
35	10
25	1
65	4
95	1
72	3
65	2
73	14
79	66
61	17
14	26
20	115
46	8
64	10
66	10
6	16
95	4
48	8
35	1
15	6
38	1
83	32
7	3
31	1
47	5
9	20
6	22
61	2
63	98
4	25
42	10
75	9
52	4
58	26
38	6
18	1
10	52
77	14
58	52
1	20
50	4
68	15
41	1
61	75
56	12
34	6
76	6
85	10
34	7
12	5
19	6
99	95
33	23
44	27
86	3
46	78
56	2
46	59
93	12
50	51
22	2
97	15
95	4
76	8
28	3
99	4
21	4
25	53
24	30
43	7
15	11
48	7
53	23
18	11
52	5
97	1
54	20
74	1
26	18
76	8
89	75
2	17
75	9
13	9
46	2
10	6
96	1
83	14
3	20
97	46
19	1
30	1
85	1
72	4
5	63
19	141
25	17
53	1
51	97
52	21
72	12
60	6
70	187
19	32
94	8
29	19
59	3
88	22
14	5
57	1
10	18
62	46
100	44
88	22
30	1
1	53
100	2
72	34
54	87
45	66
56	91
15	11
35	8
61	4
65	55
17	1
96	5
12	55
95	59
100	36
38	2
30	1
13	1
10	4
43	16
17	26
30	2
16	14
36	205
16	56
44	7
27	2
14	78
86	3
37	26
37	3
38	7
63	11
18	26
67	57
29	36
62	1
17	25
27	3
52	17
53	135
78	15
86	11
16	86
4	24
61	5
79	60
57	2
99	5
17	86
86	17
100	1
7	3
75	11
68	5
79	1
72	29
50	38
99	48
81	18
22	47
41	11
38	39
44	1
23	7
52	16
9	55
58	3
19	1
52	158
9	18
10	4
85	218
89	10
28	71
37	171
9	5
52	14
78	6
85	28
59	11
59	29
91	12
86	2
99	1
99	5
66	9
39	6
70	22
85	47
96	6
98	2
3	4
6	2
97	162
32	10
78	11
26	4
58	1
81	43
47	26
63	220
90	18
65	1
79	16
9	296
75	2
82	112
59	1
8	7
76	13
14	1
81	21
26	5
1	2
93	8
89	9
62	7
59	28
89	166
79	4
63	1
59	33
33	24
30	1
24	15
31	1
63	7
27	26
48	238
97	1
77	93
51	2
15	58
67	24
99	1
4	1
50	80
5	6
30	43
23	11
43	13
41	21
16	1
48	1
97	28
59	18
33	97
62	5
71	200
2	7
26	9
81	7
18	7
57	57
23	7
52	7
36	27
74	24
63	7
69	33
69	4
84	5
89	2
100	5
77	79
31	31
9	7
77	15
100	54
77	33
68	14
90	23
71	68
57	488
88	3
96	5
56	1
9	11
27	8
6	36
13	9
57	126
99	54
51	1
70	1
23	14
6	5
91	12
79	29
65	4
27	6
73	2
42	1
30	12
94	41
76	116
75	3
31	2
17	1
74	4
12	8
74	4
60	2
50	30
66	192
55	208
78	8
78	19
12	32
39	6
47	2
15	6
46	15
98	61
30	20
51	27
71	12
63	16
43	2
71	16
29	30
3	7
55	2
25	1
40	1
75	1
29	13
10	45
38	21
39	21
34	22
60	69
16	4
37	44
89	3
17	3
83	1
23	1
51	80
59	5
14	8
79	4
26	22
71	3
99	5
82	13
1	152
87	7
19	3
25	6
29	1
24	13
63	94
4	1
49	42
59	2
47	6
7	4
78	9
39	29
89	14
12	10
17	43
56	2
73	35
93	2
76	12
68	38
67	16
56	1
32	47
81	14
3	1
7	7
68	12
12	2
69	1
97	174
72	50
71	64
88	2
49	5
31	147
53	6
38	28
16	4
26	1
51	16
34	40
12	17
54	1
9	2589
49	1
58	11
60	9
16	12
90	12
62	6
83	21
69	2
26	15
40	2
31	119
82	1
51	5
69	15
19	36
77	159
85	7
39	6
61	2
43	22
73	45
23	6
70	3
74	23
31	1
49	8
7	7
29	18
27	13
13	648
78	17
16	17
75	39
11	4
11	9
90	21
61	1
37	4
58	62
28	2
26	150
1	6
61	79
42	33
78	27
36	2
95	46
70	3
56	58
9	5
36	23
100	4
13	4
77	20
49	10
10	8
35	24
58	38
38	296
34	24
5	3
23	21
23	67
20	24
23	3
47	28
77	30
6	2
33	4
11	22
42	1
7	62
29	28
23	6
67	1
85	73
29	19
21	6
50	4
33	3
72	5
86	80
77	1
89	1
76	2
42	1
70	35
45	4
68	10
68	7
75	1
56	22
11	12
7	14
20	3
88	3
70	37
44	41
15	2
8	4
35	15
7	15
1	10
6	3
69	2
53	489
76	2
51	70
87	14
50	1
47	9
2	11
61	23
15	30
80	6
16	106
22	98
70	8
76	4
93	1
99	7
92	13
56	294
12	5
2	79
53	37
1	32
68	3
50	1
87	116
55	46
95	23
28	477
2	1
90	7
51	99
91	2
13	23
87	11
41	8
88	82
40	12
98	12
52	29
41	33
27	10
44	23
75	40
36	7
77	16
23	2
16	4
73	5
11	1
56	8
51	7
95	13
35	65
49	4
42	3
76	1
39	65
41	11
41	12
42	5
57	54
97	4
80	40
53	27
32	23
45	16
55	3
24	15
35	20
28	4
16	9
97	15
74	1
20	1
17	9
35	9
28	1
98	13
4	21
49	115
9	7
69	28
37	12
57	5
20	1
99	2
38	470
94	1
84	78
81	5
77	1
77	25
50	39
62	14
75	1
39	6
56	7
51	8
56	10
66	58
42	1
14	25
11	1
46	39
23	251
50	19
92	7
6	2
52	43
45	7
82	7
13	1
95	5
32	23
21	137
28	2
61	2
45	44
52	4
69	76
19	12
29	178
96	14
3	7
6	3
24	13
34	1
75	29
99	11
81	6
2	16
85	10
2	17
90	51
70	7
83	58
28	5
50	4
98	7
21	48
2	12
41	4
80	398
67	99
72	1
54	8
56	3
91	44
19	9
13	10
90	2
80	16
59	31
91	1
84	10
62	9
6	1
24	13
20	40
20	2
38	3
15	3
10	5
53	3
37	4
20	1
64	126
94	63
79	74
81	3
46	234
50	39
47	4
41	26
68	26
56	4
84	1
1	9
32	1
25	15
73	108
46	44
42	21
62	23
75	50
85	59
36	63
75	234
63	15
100	491
30	1
86	3
82	63
58	3
94	76
80	6
77	1
55	175
64	6
41	30
10	1
61	3
14	2
32	6
6	13
6	2
38	5
100	1
33	3
31	1
90	24
97	23
87	3
87	1
70	6
43	7
55	5
29	4
43	21
97	23
90	48
35	32
49	6
98	37
43	2
12	20
43	1
50	28
10	109
35	1
67	19
10	18
32	11
46	2
97	4
74	9
47	9
70	4
42	11
29	15
99	8
69	6
99	7
74	70
10	13
86	53
36	41
2	19
85	30
93	3
40	2
24	8
26	41
33	405
11	1
55	27
4	24
2	56
45	4
61	1
86	3
82	10
98	3
45	5
33	10
67	13
7	4
62	12
34	13
2	3
11	30
6	25
83	7
20	9
38	14
85	18
82	67
48	70
53	51
13	34
33	56
61	9
21	3
22	14
19	6
2	5
83	1
47	27
18	16
44	2
97	20
29	8
46	2
9	5
72	236
38	5
52	1
42	1
23	7
29	3
38	26
22	1
89	64
37	4
85	13
60	48
12	36
64	19
69	58
58	84
45	48
44	8
45	9
71	3
100	16
61	5
33	28
60	1
54	22
79	4
81	7
71	13
31	30
1	2
10	21
38	452
5	46
53	59
70	55
69	11
25	5
61	4
14	3
31	4
20	23
5	63
51	27
44	3
13	9
31	9
5	62
27	13
53	7
11	16
53	6
94	36
59	28
38	38
26	96
91	14
81	1
97	67
21	3
64	12
39	5
6	4
14	459
4	28
10	17
40	206
96	4
43	74
39	6
30	218
100	13
61	231
66	5
14	9
52	40
71	217
23	14
84	204
8	14
54	15
57	3
35	6
31	1
10	2
8	19
85	31
10	14
90	2
57	123
13	12
32	30
49	3
10	2
94	4
75	9
38	1
44	292
36	8
100	5
95	7
88	1
18	31
79	18
24	1
14	17
94	58
70	2
3	8
29	39
48	1
47	96
35	5
8	24
68	6
18	1
13	25
44	86
2	4
41	10
8	12
64	14
51	6
46	1
15	64
1	4
77	1
50	42
89	27
84	21
63	29
69	10
6	37
9	90
85	9
87	19
3	8
44	6
86	5
58	54
62	1
14	26
5	3
53	2
72	3
100	1
90	12
14	20
31	5
58	122
23	14
58	12
94	21
29	11
41	47
31	262
45	1
93	9
12	391
94	189
85	29
69	1
13	2
73	2
56	18
10	20
25	2
54	7
20	3
49	1
20	8
14	18
27	31
17	8
55	58
21	26
6	2
17	9
23	8
13	7
22	2
55	9
92	9
16	6
93	51
23	1
46	2
28	8
94	17
62	8
57	24
90	202
75	3
84	8
98	1
26	48
21	41
17	4
91	25
75	6
47	1
47	22
85	18
68	3
22	10
81	20
15	3
97	45
28	5
89	4
80	3
96	2062
97	8
16	4
95	9
22	16
39	61
36	4
46	29
56	21
85	4
2	51
6	99
40	10
81	1149
61	10
94	78
12	1
23	84
29	2
69	134
61	11
73	3
34	6
4	22
42	4
25	6
38	5
44	2
18	1
9	14
36	29
90	20
95	2
25	7
81	5
28	22
53	8
90	201
23	2
27	7
32	9
58	24
85	1
50	37
76	1
85	32
15	505
57	1
86	1
84	14
79	43
60	63
63	3
20	13
93	13
100	47
50	4
96	5
9	1
40	7
6	10
95	8
98	4
81	4
89	39
1	6
78	9
49	192
60	13
29	3
66	4
27	9
37	4
5	3
19	18
82	2
68	1
48	8
83	31
51	2
43	3
89	10
15	51
65	10
57	331
78	28
73	34
93	18
79	38
59	14
92	1
25	20
71	5
27	5
52	17
76	24
33	1
67	5
53	1
73	13
75	4
35	143
55	48
61	31
75	2
33	19
10	6
77	214
82	212
85	5
84	2
79	11
25	4
67	8
27	5
38	9
89	4
1	64
2	3
79	13
31	40
93	31
21	3
23	1
24	119
86	16
20	67
27	1
61	18
24	3
83	9
41	1
36	112
66	2
5	7
64	2
56	3
78	7
77	157
29	16
59	4
11	2
30	6
25	22
33	1
82	9
61	4
38	16
18	6
85	4
48	6
60	11
5	35
34	1
40	121
85	33
79	3
80	2
87	601
3	9
5	61
85	2
9	21
13	20
78	2
99	8
98	1
83	78
46	578
86	4
29	2
87	42
68	6
19	9
75	1
76	13
8	59
47	1
35	14
41	127
61	56
40	9
48	2
11	2
89	1
82	33
70	10
27	68
38	334
95	12
18	4
94	6
82	22
93	66
4	2
31	4
76	29
73	2
43	4
20	27
82	78
99	1
21	121
40	9
23	1
22	28
55	4
69	65
7	3
52	18
99	25
25	10
4	98
1	6
31	7
81	347
21	5
15	75
57	1
3	6
91	176
22	7
90	2
82	1
56	1
58	30
19	6
31	3
31	3
73	6
4	62
26	60
84	12
69	1
98	19
74	1
46	40
85	98
90	54
35	6
55	6
54	13
27	7
99	36
19	1
18	3
28	14
98	123
87	33
55	86
40	4
23	20
27	65
23	11
77	2
16	6
2	3
8	649
5	13
36	8
81	3
97	226
100	116
22	38
63	1
69	17
8	8
38	4
3	4
2	20
17	51
14	1
38	106
97	3
30	26
16	166
38	9
21	44
57	7
75	3
22	18
72	5
38	10
63	19
21	1
23	4
84	9
59	8
12	154
14	1
39	7
55	3
45	44
17	181
21	20
24	5
37	1
71	6
56	14
18	9
100	6
65	24
79	2
4	6
29	17
35	10
51	1
99	1
19	11
48	97
9	45
34	4
67	226
72	8
93	25
50	7
81	10
27	8
88	3
53	1
52	28
87	4
79	3
48	3
56	1
88	22
67	5
62	7
81	8
6	2
73	1
16	5
20	46
16	5
29	1
75	16
58	132
85	13
2	96
36	122
27	63
74	6
48	3
77	5
19	3
52	63
41	52
96	4
14	12
19	103
82	138
25	2
10	1
78	25
92	15
20	20
88	5
15	1
27	48
67	38
78	5
36	55
38	26
30	8
45	19
96	3
45	1
68	1
84	2
17	6
9	24
97	2
29	15
36	4
7	11
52	9
72	8
5	19
21	13
15	14
87	170
42	2
33	21
89	79
57	4
95	9
92	71
65	5
6	17
79	2
6	41
99	2
20	11
90	276
42	1
8	46
66	30
14	10
61	5
18	2
58	13
33	28
6	17
25	6
1	4
27	2
36	18
87	8
33	7
98	176
31	21
53	1
57	14
50	1
20	174
85	4
82	1
30	5
19	51
2	1
9	1
29	9
6	5
3	3
42	2
63	129
61	9
72	1
84	1
38	10
39	3
32	8
44	4
10	1
19	2
84	5
92	138
76	34
26	32
86	14
82	19
43	8
14	311
12	80
38	1
52	550
23	13
99	3
47	2
31	2
71	1
97	31
78	6
10	6
1	17
74	1
42	17
77	4
33	1
4	73
88	1
49	3
89	7
80	3
7	51
4	2
29	319
91	4
71	21
61	7
47	9
6	4
54	2
47	10
21	11
60	42
8	93
70	5
55	15
34	50
64	3
90	10
89	26
49	78
83	22
35	92
48	13
69	9
25	67
91	1
16	3
4	63
59	2
22	11
27	5
78	47
96	59
33	2
50	1
48	31
42	34
13	2
25	4
42	1
95	39
45	12
82	62
88	4
25	12
57	4
15	9
92	16
52	3
99	8
57	21
36	18
31	2
91	20
28	15
55	2
15	5
87	59
50	81
40	7
34	5
25	6
81	1
63	4
44	34
36	1
58	4
2	142
71	9
94	8
75	7
76	10
50	5
89	2
88	8
73	1
76	2
74	10
18	13
92	1
48	3
13	2
3	80
96	2
9	6
27	1
40	119
75	3
17	23
87	25
96	2
29	348
9	2
79	2
89	78
38	13
2	244
44	3
19	310
80	47
79	31
13	2
9	2
6	2
55	2
32	73
4	18
24	11
14	19
41	3
25	3
90	10
84	4
33	41
72	4
33	48
70	3
20	5
36	14
6	38
22	6
43	90
50	99
40	7
21	27
17	12
13	7
26	1
40	39
50	6
69	19
65	1
30	11
20	5
66	76
59	1
67	1
63	8
20	6
30	36
37	12
40	1
5	4
97	5
22	2
10	18
31	2
32	11
63	64
25	10
29	2
66	2
37	7
62	4
85	37
51	43
93	32
69	5
54	3
44	185
62	63
68	13
80	4
4	8
55	6
21	40
15	15
81	18
17	28
10	2
36	26
21	7
1	6
29	1
6	9
80	7
78	45
63	1190
51	19
50	98
97	45
39	42
59	11
14	3
12	56
27	28
87	35
79	29
39	12
41	110
32	16
15	3
24	1
69	9
46	4
30	32
91	9
5	18
38	2
27	3
46	1
99	16
51	12
71	2
89	17
85	9
36	30
80	2
31	15
84	144
17	1
69	21
32	3
59	66
96	3
21	5
89	22
76	1
100	1
79	167
10	1
59	3
65	5
7	6
89	3
22	62
6	19
15	3
68	3
57	39
9	42
7	9
47	2
87	1017
80	6
86	2
80	79
37	181
34	45
43	3
36	211
79	15
7	1
29	6
70	2
40	7
13	5
79	1
79	24
58	1
83	4
99	3
39	259
10	58
82	35
99	3
69	8
10	316
74	3
100	63
23	56
26	7
36	4
47	2
21	20
76	10
98	15
69	41
62	13
13	54
82	1
12	1
39	5
24	11
60	31
60	150
65	4
69	4
40	1
70	31
22	5
67	1
71	4
8	134
13	18
27	13
82	41
96	13
11	29
88	5
46	14
56	10
83	2
66	2
95	35
87	74
79	38
35	1
40	5
33	278
17	4
49	6
1	1
22	8
15	11
85	1
8	16
73	8
19	1
16	3
24	3
29	2
7	13
4	13
61	10
1	36
99	7
27	11
45	1
13	8
60	247
70	12
40	23
57	14
84	47
75	2
26	41
61	4
22	45
81	4
52	2
10	5
33	29
100	32
39	37
87	7
61	28
65	8
2	10
62	11
45	1
43	35
91	13
57	4
71	6
45	117
21	51
75	35
46	1
30	2
38	2
83	20
24	2
1	3
20	17
13	11
3	69
37	2
14	5
9	29
81	3
58	11
11	1
53	5
58	33
41	9
50	17
96	33
21	13
1	9
63	105
55	40
23	12
61	29
87	12
73	1
74	19
19	5
66	12
40	3
57	40
22	7
6	98
82	12
18	3
66	5
50	4
100	1
15	56
61	89
29	2
72	55
66	5
37	1
66	4
59	77
60	4
84	45
1	3
44	5
51	3
53	4
81	92
76	8
12	18
1	11
72	4
45	72
14	6
73	5
61	107
5	1
62	9
90	4
4	21
84	5
93	2
10	12
88	26
73	1
25	7
42	1
44	4
37	90
71	1
88	1
43	51
7	2
31	51
19	9
32	11
92	6
90	5
50	3
90	2
80	22
94	2
61	17
11	124
46	22
62	11
16	3
29	9
61	10
70	4
98	14
84	35
77	5
94	9
55	3
99	28
96	11
7	9
33	24
9	18
50	2
15	1
27	58
39	716
55	15
69	59
12	32
44	160
29	34
18	72
19	13
21	1
12	18
26	13
96	142
26	98
8	8
14	128
87	14
24	4
15	1
96	258
48	28
19	2
28	178
63	11
4	6
16	3
61	80
63	69
27	13
58	16
80	11
72	3
27	151
11	14
87	1
19	25
97	25
13	10
25	2
75	5
9	128
95	4
31	2
82	1
97	5
46	2
61	4
46	29
12	7
80	10
65	9
35	4
39	4
90	3
74	119
94	17
53	23
55	26
50	6
95	12
26	2
74	1
57	10
25	12
78	4
69	16
58	6
7	7
50	3
62	40
59	8
56	5
95	1
50	3
98	44
42	5
37	8
62	11
89	8
65	34
46	54
11	9
36	1
50	9
13	92
59	33
69	24
39	174
76	2
11	4
36	54
97	2
70	104
21	139
47	22
75	5
69	2
94	30
3	13
92	19
9	1
42	14
68	6
45	8
72	103
16	5
59	9
31	14
73	28
38	36
87	56
63	38
97	12
15	1
3	11
70	74
60	26
93	3
43	5
21	1
91	62
72	9
4	1
81	2
56	65
48	286
29	98
1	10
18	8
80	172
72	463
36	2
12	3
61	6
16	19
19	6
70	4
59	7
48	1
1	33
8	2
97	8
62	16
17	2
63	3
55	1
45	2
69	40
21	3
61	69
10	116
94	15
25	181
56	392
46	4
74	8
8	1
92	14
70	5
51	4
57	42
18	10
47	30
61	1
66	80
55	3
4	28
10	1
55	624
51	635
25	18
4	2
50	2
4	16
56	9
3	44
11	63
64	4
9	2
29	24
97	2
5	179
35	40
31	1
31	4
41	1
60	114
38	1
39	1
32	45
95	18
57	4
57	5
66	1
96	33
42	44
81	59
95	9
13	11
55	39
61	79
98	19
91	6
85	33
28	16
27	6
49	6
30	15
7	89
73	60
93	51
98	3
65	25
91	6
21	1
71	6
92	70
58	182
7	2
15	9
58	16
7	9
27	3
15	8
87	4
88	2
5	12
56	25
29	7
45	27
44	26
87	2
87	5
69	9
37	29
78	5
27	230
4	4
76	9
86	9
56	6
93	13
10	2
81	1
47	1
39	38
45	18
24	1
72	23
76	10
78	13
54	219
41	78
9	4
78	36
29	7
71	2
98	4
74	138
17	6
55	20
9	17
84	3
82	12
28	4
16	8
13	11
13	17
30	55
72	13
18	417
92	1
74	17
67	21
67	27
66	8
95	5
72	19
9	7
37	35
13	2
97	1
73	502
82	1
33	5
8	13
53	2
42	2
40	9
76	12
95	48
31	5
18	4
19	5
58	94
18	25
59	72
98	17
74	11
84	9
32	3
60	3
94	24
66	17
60	14
91	1
86	71
47	13
26	5
85	4
24	8
4	9
16	18
16	4
32	62
99	24
93	10
51	26
62	11
72	16
60	2
80	2
87	5
52	9
43	36
47	72
38	6
99	40
55	3
95	6
64	7
53	27
55	56
94	3
70	3
41	7
83	2
26	1
98	399
32	1
13	4
5	9
32	6
55	25
68	6
24	1
98	7
38	37
31	4
71	30
100	1
34	12
83	1
2	11
88	2
71	105
63	22
53	2
81	2
84	4
12	6
30	3
35	9
12	12
51	15
70	15
98	10
84	3
13	15
12	37
70	22
55	4
61	153
30	4
19	5
41	9
72	10
91	34
89	1
23	17
88	13
41	2
46	9
69	4
60	1
14	1
65	5
14	16
28	5
66	1
8	13
27	18
79	3
36	3
23	7
10	51
54	21
99	6
25	12
14	9
50	115
14	7
95	2
39	59
73	2
19	8
13	9
10	4
66	4
62	2
8	52
50	2
73	313
16	22
70	12
34	1
8	1
32	19
77	1
28	22
77	24
81	6
95	6
84	13
87	1
48	1
16	72
59	149
100	4
38	2
55	5
39	11
21	6
67	43
44	1
49	10
44	140
61	2
71	2
50	12
41	82
3	8
50	8
96	1
86	2
70	3
7	4
5	1
31	3
27	14
69	34
46	12
8	4
54	3
54	3
87	196
4	31
2	9
1	24
55	5
34	2
78	1
36	104
19	66
57	3
44	14
24	157
93	100
99	368
61	21
53	11
50	34
87	6
61	8
52	8
25	134
95	1
76	24
87	2
52	2
43	4
73	30
35	3
1	10
63	48
90	2
60	17
70	31
42	7
85	3
49	71
29	25
62	15
77	4
2	5
44	12
74	6
13	1
32	8
45	2
27	59
60	1
25	47
36	2
64	1
10	10
81	4
59	2
45	19
95	3
14	18
93	22
57	39
98	2
71	8
34	1
28	1
34	25
74	4
17	7
42	9
53	118
67	20
68	203
49	84
61	64
55	86
52	11
11	3
51	5
43	201
81	1
80	29
22	19
35	3
46	3
68	28
2	2
12	1
50	3
35	12
25	6
67	4
52	3
29	4
61	8
41	3
93	19
7	8
77	43
5	18
21	9
24	20
10	11
42	116
47	24
21	8
17	3
3	27
68	28
21	11
54	12
21	3
32	27
64	59
71	25
35	4
44	11
64	44
45	57
64	205
33	4
67	5
74	2
16	1
4	4
21	3
100	9
6	14
19	8
44	10
89	17
32	68
39	122
37	2
100	24
79	20
87	2
33	7
17	42
53	7
40	12
28	31
65	2
23	49
55	6
23	2
47	8
27	33
49	2
72	3
18	4
32	2
98	5
67	1
69	3
34	4
43	10
47	124
47	11
89	1
38	5
95	4
17	7
73	1
87	5
65	3
98	4
11	2
16	11
9	1
48	43
92	75
8	1
97	4
11	39
6	13
1	21
36	16
25	7
34	6
55	15
19	10
97	1
47	38
6	29
96	4
1	30
96	1
29	130
65	6
81	51
38	354
22	3
2	39
32	6
60	303
84	1
90	2
7	9
96	2
47	8
69	8
82	37
59	62
8	1
100	3
45	1
73	18
14	22
15	2
60	102
36	35
52	163
26	5
17	5
25	6
65	3
13	1
9	48
60	7
46	1
56	17
100	62
59	32
53	6
63	101
46	54
58	10
26	1
10	5
8	18
56	49
80	9
22	1
91	38
56	3
91	15
29	45
90	3
8	48
11	1
57	10
71	1
57	6
48	8
42	3
53	52
31	9
69	15
71	88
84	27
51	114
36	1
69	5
18	3
70	12
97	21
89	6
91	234
66	44
15	7
98	19
8	34
2	4
84	11
91	1
50	15
93	22
73	14
14	3
88	18
74	9
13	24
54	6
11	16
46	20
78	1
48	15
74	79
65	80
73	9
76	7
48	123
60	345
33	8
66	145
60	77
8	15
53	10
28	3
32	33
91	13
67	194
46	25
39	9
1	2
69	5
37	17
99	4
40	17
21	3
55	3
43	1
4	4
74	185
9	41
3	6
67	12
89	101
65	24
26	19
94	11
44	4
13	6
78	7
25	42
8	8
29	27
92	11
97	7
15	2
74	2
9	6
90	80
4	9
80	4
70	78
26	35
2	1
55	2
42	272
28	15
61	96
51	95
93	7
20	24
57	51
28	26
37	21
65	1
23	4
72	12
68	13
9	9
87	6
100	3
45	16
76	16
40	5
8	11
26	4
42	11
25	106
50	12
91	1
53	14
10	15
9	22
73	108
50	13
32	9
38	50
33	6
33	1
91	12
55	41
20	4
1	3
69	112
56	20
16	6
24	63
36	138
5	27
53	3
70	1
8	1
13	22
19	13
63	15
37	46
77	1
16	6
51	24
79	1
95	7
18	1
22	10
54	1
12	67
37	6
42	35
87	109
35	699
51	26
67	1
17	23
95	23
24	218
68	2
55	3
48	1
32	4
77	6
52	5
91	5
69	1
83	28
38	333
65	5
65	1
26	27
77	15
64	107
21	163
55	2
46	1
99	10
75	1
62	1
16	2
13	24
35	8
95	46
63	12
11	4
93	3
11	51
60	4
22	40
58	32
59	8
81	10
79	4
36	24
81	158
43	7
39	51
40	390
1	3
96	71
81	20
52	4
9	8
18	12
95	6
9	53
29	19
61	2
45	9
51	2
51	131
70	3
74	1
26	2
16	25
90	11
8	96
39	4
3	9
50	100
34	32
1	39
48	6
25	2
10	22
68	4
71	12
53	22
3	12
75	6
50	4
65	4
56	81
77	14
63	6
59	347
85	9
14	51
72	12
75	30
64	37
45	3
83	35
35	5
26	2
54	29
24	1
35	42
74	3
40	14
38	1
36	9
57	20
57	14
39	40
13	27
24	19
41	39
5	4
95	3
35	3
8	19
19	2
40	50
53	7
79	11
29	2
15	15
64	1
16	1
53	1
8	10
88	17
39	30
26	6
25	17
33	1052
21	8
26	7
94	8
43	100
72	13
39	15
59	6
61	200
7	4
54	1
41	22
14	1
37	363
64	10
51	37
45	24
51	7
35	2
99	11
20	28
99	13
60	28
11	52
83	47
84	98
84	4
80	52
7	9
88	3
77	22
70	3
14	27
94	52
19	145
77	7
66	4
48	11
84	21
48	11
80	1
53	7
59	17
63	2
100	374
39	102
93	16
100	12
31	2
5	9
36	21
40	3
8	1
29	11
97	54
8	1
59	7
42	26
43	1
86	38
59	2
69	25
84	11
8	24
12	11
68	11
45	29
100	7
45	6
94	5
4	194
21	1
12	4
83	113
19	34
100	88
92	13
31	645
40	16
94	13
1	11
50	3
19	25
100	120
78	1
8	7
45	1489
99	14
43	85
62	8
100	25
41	45
80	4
71	10
60	6
22	8
28	112
9	11
20	6
60	20
53	75
34	20
48	2
5	4
16	195
2	26
78	5
10	8
12	32
28	15
47	1
34	9
19	3
71	214
6	3
91	7
2	20
6	12
11	1
38	18
27	8
93	1
32	8
13	4
34	3
17	15
40	3
6	2
48	2
52	3
10	13
62	101
70	4
59	1
81	21
58	28
38	5
15	296
4	1
15	1
18	5
20	15
85	37
18	19
5	1
36	12
64	32
77	6
15	30
65	34
35	18
6	5
24	24
45	16
98	8
67	13
94	42
75	13
67	1
13	2
13	8
37	18
44	8
61	17
51	2
5	2
51	5
61	6
81	11
57	11
67	10
96	21
14	13
41	10
13	4
3	24
100	6
1	23
3	1
5	43
90	3
90	21
70	11
70	14
58	50
79	37
2	24
88	84
95	43
98	16
33	30
32	20
90	64
79	1
97	16
49	3
43	11
82	10
91	9
13	1
29	58
75	11
68	64
48	152
42	1
68	10
97	24
9	12
36	9
34	9
21	5
22	6
75	5
78	7
5	1
16	2
84	6
67	2
4	23
12	83
64	65
70	24
83	4
2	3
69	2
1	453
73	42
56	22
76	2
16	6
27	161
66	8
26	37
13	18
50	1
78	5
8	15
29	10
77	27
7	200
17	6
87	2
29	2
89	18
79	4
36	1
39	17
16	1
89	36
45	3
4	16
55	21
20	20
100	3
64	21
46	3
65	416
22	32
77	15
100	575
17	5
61	23
40	6
19	9
55	10
70	15
36	101
73	10
58	34
56	1
82	5
53	53
84	4
42	59
87	10
15	2
81	86
11	11
2	22
52	1
96	23
71	25
96	3
90	24
67	11
73	5
49	5
98	2
3	16
44	2
85	39
45	6
37	3
88	52
35	10
98	41
11	7
65	4
63	96
10	15
3	1
33	1
12	7
35	111
22	28
55	5
39	44
74	4
5	3
65	13
52	25
73	34
34	4
20	5
95	4
80	33
15	17
51	13
95	6
44	17
18	2
73	23
97	5
83	421
58	1
44	14
65	1
23	2
5	17
49	6
74	93
51	10
92	32
18	7
90	2
1	13
11	8
16	15
22	7
11	37
49	2
40	101
23	125
14	54
7	7
82	14
41	4
73	3
85	3
18	2
55	27
34	9
95	2
75	13
50	5
100	390
91	3
14	15
5	5
44	5
40	93
95	211
8	16
13	19
61	13
19	5
100	13
83	4
56	23
15	5
93	26
7	9
4	4
100	4
99	4
23	30
19	4
70	4
36	34
71	7
64	10
62	49
96	17
9	5
52	1
7	1
88	4
31	4
85	4
3	196
25	5
20	4
94	26
74	40
23	29
76	2
36	1
1	4
84	3
33	41
36	1
82	19
4	3
70	1
47	9
70	1
1	3
18	111
82	2
22	3
86	45
94	14
37	1
51	2
55	58
6	9
74	1
16	16
4	37
16	1
10	210
20	2
77	2
56	10
80	2
67	33
78	10
38	10
6	4
34	9
23	10
53	1
30	122
76	14
57	9
82	21
27	18
80	14
43	12
18	3
63	4
39	8
95	17
6	7
17	24
11	3
81	31
91	18
35	2
95	22
9	3
9	171
30	2
94	16
74	19
45	1
46	4
80	1
64	8
92	35
75	112
22	87
17	13
69	16
30	14
94	4
40	18
28	14
93	12
44	7
32	41
53	10
27	28
70	30
68	9
21	3
63	36
1	39
58	4
34	11
84	13
28	106
84	25
95	112
29	28
45	106
30	28
89	38
81	8
98	8
19	71
94	1
64	3
64	32
67	4
60	14
80	12
77	15
47	6
43	8
13	867
86	3
37	102
53	29
32	4
69	10
20	12
35	1
60	17
8	4
51	23
80	10
59	9
46	1
30	5
79	1
75	1
39	13
90	1
80	12
93	260
75	36
62	18
99	1
11	2
51	1
25	29
43	20
37	18
87	73
80	2
12	1
33	6
69	1
94	3
95	3
47	10
50	32
30	6
86	12
53	15
53	10
18	11
12	2
35	130
72	3
67	6
71	4
38	79
21	37
38	103
16	2
36	1
97	105
12	18
57	13
69	7
46	3
56	10
40	1
59	4
7	3
50	2
76	1
68	7
17	3
15	5
41	3
49	32
19	41
22	45
29	56
36	76
76	1
34	3
36	2
82	1
18	2
71	61
18	3
41	1
94	12
70	13
8	3
75	19
31	7
54	6
39	4
84	1
32	4
85	1
61	7
61	1
48	3
23	60
72	25
3	1
73	63
3	36
90	22
6	2
26	18
30	1
100	19
81	2
34	39
1	26
82	2
24	3
47	2
98	2
64	12
87	5
24	16
15	1
70	5
37	25
31	48
62	11
83	2
64	1
59	18
13	25
29	61
22	1
85	1
45	14
71	18
35	11
24	8
58	1
22	53
40	1
12	68
86	3
47	6
13	5
17	1
98	1
13	6
21	3
37	1
49	165
48	3
52	21
32	3
63	2
7	1
61	2
7	9
15	26
98	45
58	6
4	173
60	1
25	6
16	4
96	14
72	26
47	7
13	884
37	7
35	30
81	4
13	47
44	18
40	97
6	25
7	3
56	39
76	5
49	4
93	97
7	5
87	41
92	1
34	47
27	2
70	1
66	15
46	30
61	4
2	1
33	2
26	76
26	2
20	27
95	2
70	168
80	3
57	1
8	3
50	47
62	6
44	4
53	4
88	4
25	5
82	4
49	2
49	1
11	56
51	2
84	7
10	1
29	1
86	15
9	16
25	4
54	10
49	2
61	4
75	1
77	5
46	1
15	13
2	9
14	95
35	3
77	1
12	2
10	4
96	14
31	14
92	22
91	1
95	2
28	6
88	7
29	5
81	3
79	4
73	21
91	1
93	15
50	47
75	3
100	4
33	2
89	7
67	6
64	109
30	5
33	19
47	1
53	9
57	28
66	16
28	3
87	2
74	70
24	158
99	358
17	3
5	1
55	2
35	1
35	9
65	6
36	24
81	850
42	22
72	24
69	6
66	116
18	5
42	1
90	1
64	52
24	1
14	2
91	64
52	47
68	13
44	8
78	89
92	1
64	9
82	12
61	3
90	4
90	30
71	3
76	4
37	7
53	2
80	42
51	5
20	115
50	13
73	223
91	2
51	34
78	14
42	11
83	2
20	1
14	11
4	2
27	3
91	8
42	11
26	7
57	17
62	1
11	1
86	4
50	3
59	40
71	40
69	100
82	42
30	13
81	6
88	13
24	3
89	27
53	4
57	59
62	36
67	4
4	5
77	1
91	8
31	2
38	2
19	3
90	100
67	48
80	186
28	1
36	11
20	4
34	2
49	4
98	2
72	10
71	61
5	1
87	13
74	1
86	264
95	72
39	1
97	13
19	22
25	19
45	134
94	4
24	5
77	9
60	1
74	2
100	50
43	58
18	2
13	20
60	233
82	10
72	13
20	4
7	2
96	4
91	36
32	17
86	7
40	5
60	1
27	1
95	1
48	1
88	3
19	38
24	1
97	1
30	32
89	10
15	14
90	2
76	1
71	6
34	40
57	2
75	38
56	1
7	65
85	3
67	11
41	27
2	50
37	1
56	1
19	30
12	20
27	51
34	3
99	3
11	7
11	2
94	1
57	1
21	5
94	1
95	5
81	7
75	49
80	33
45	2
4	10
10	4
94	6
31	4
61	19
50	1
77	7
41	11
43	1
26	1
52	94
22	28
68	2
100	74
31	31
1	44
51	7
16	22
57	2
87	14
86	19
92	6
79	1
46	1
97	101
8	2467
43	38
31	2
30	20
13	6
25	6
45	5
74	7
70	31
57	77
51	8
44	19
7	2
78	2
46	17
75	1
74	3
86	1
83	1
86	8
78	1
59	5
37	1
86	33
66	3
14	5
88	2
61	9
30	43
47	27
17	1
80	1
94	5
46	5
84	15
22	45
46	179
87	5
63	1
92	10
19	2
47	1
14	9
100	10
50	27
70	298
23	4
7	1
18	12
95	1
36	6
13	2
47	14
14	1
76	9
93	22
63	1
3	3
50	3
23	5
4	3
68	5
45	16
45	3
31	14
14	10
6	4
50	1
30	4
65	1
72	2
54	9
99	14
14	28
10	4
51	3
32	11
91	12
97	23
38	2
26	11
44	34
82	5
87	13
7	15
71	7
59	1
16	4
79	23
10	229
17	16
54	2
30	23
76	27
31	9
4	5
69	9
92	19
43	10
64	2
81	2
32	4
57	201
100	101
28	2
79	4
69	36
95	8
28	29
28	1
36	10
70	64
82	4
5	8
39	17
77	13
53	11
9	16
7	103
99	29
69	10
81	57
9	3
39	3
97	206
50	14
48	20
87	4
32	3
5	3
62	2
40	2
41	1
26	2
8	23
32	1
54	9
17	4
38	6
2	30
72	15
18	3
73	30
100	5
51	8
25	4
85	11
30	2
64	1
75	88
84	35
51	3
21	1
50	1
74	2
96	7
57	2
65	4
22	9
85	44
20	244
88	80
73	1
32	8
77	2
59	6
63	15
96	1
28	34
44	1
52	6
99	1
5	8
89	69
78	7
1	4
83	5
52	77
58	17
43	1
40	3
93	5
13	4
36	1044
88	1
94	10
71	25
47	1
6	25
52	7
60	20
84	29
92	18
49	43
22	4
34	1
47	3
67	126
17	27
3	6
85	2
95	4
91	3
81	9
28	4
83	4
88	3
81	6
4	11
80	21
75	1
90	9
91	23
31	8
61	9
15	10
81	18
52	2
54	11
19	45
68	23
20	9
70	3
38	58
84	2
2	4
33	4
30	3
98	6
34	4
45	3
8	4
9	1
1	1
95	3
95	5
24	65
21	11
69	1
70	5
78	4
61	2
14	3
37	7
2	2
74	8
22	35
75	41
91	146
96	34
98	95
100	7
8	3
17	7
34	34
80	3
10	27
25	5
82	8
86	14
83	5
33	15
39	6
38	2
86	2
67	5
75	3
55	13
89	10
63	10
9	1
37	29
86	2
93	7
74	25
54	25
89	21
64	25
45	404
8	1
34	5
64	10
43	10
42	28
40	4
57	6
50	176
70	21
54	42
6	214
44	51
87	3
49	2
10	282
51	1
74	18
95	2
44	77
6	5
25	1
45	16
98	5
26	1
32	15
81	1
9	1
53	4
7	1
98	11
46	11
37	44
84	7
60	276
73	18
67	5
62	1
29	175
56	4
26	4
36	5
29	1
81	9
92	6
33	3
6	4
36	18
49	2
78	42
1	8
24	2
98	1
78	2
44	6
84	2
25	26
78	1
63	3
37	12
100	3
42	13
47	1
100	2
52	3
54	2
78	3
20	2
14	3
4	10
86	34
30	47
58	22
66	1816
21	2
26	4
71	9
26	13
48	15
15	1
53	10
4	18
48	8
8	2
23	2
71	13
2	69
70	20
63	23
30	10
89	8
4	15
74	1
79	92
5	1
24	5
64	1
90	20
1	8
25	4
11	8
84	3
98	10
22	5
92	31
44	1
58	1
43	20
79	48
8	72
66	45
95	3
10	89
45	36
32	9
85	4
15	4
58	12
77	4
24	1
34	10
52	14
69	4
78	3
68	22
33	5
16	4
66	5
62	25
86	2
30	3
39	3
94	2
60	8
30	1
90	7
54	11
59	1
87	4
73	36
21	24
91	85
84	28
16	8
18	161
90	9
75	68
43	6
27	16
38	7
36	1081
71	19
72	1
15	17
17	2
64	47
43	1
76	147
61	4
71	21
43	3
77	8
91	5
86	3
72	57
72	19
54	7
100	17
71	3
34	14
52	37
75	4
54	2
72	5
44	15
96	202
5	3
8	2
94	19
11	3
19	61
24	1
76	4
48	3
88	27
85	34
82	459
84	27
65	4
2	23
100	11
99	57
21	32
98	12
50	2
31	16
94	4
92	16
80	1
67	13
24	7
57	74
67	3
93	6
99	17
43	2
94	3
2	1
50	6
32	31
63	2
19	102
19	1
76	6
4	4
16	40
98	28
85	4
67	1076
98	77
26	16
63	8
33	44
37	28
66	1
33	22
33	168
35	9
16	30
52	38
5	5
99	84
42	1
69	9
15	44
25	6
6	3
62	7
54	3
25	6
69	25
99	2
12	19
3	5
95	11
98	16
24	9
4	12
30	3
77	6
90	4
87	7
39	7
37	1
98	112
62	11
70	38
67	25
45	5
11	2
27	9
90	18
4	16
19	11
65	1
81	7
95	6
52	2
68	29
76	4
1	169
31	18
97	1
54	4
23	23
32	49
25	31
3	2
65	40
65	8
16	1
86	6
17	1
95	330
78	5
100	1
60	2
52	1
32	1
1	1
73	6
54	1
56	1
29	113
30	60
1	43
42	17
7	20
75	54
45	4
76	12
34	53
27	41
94	549
93	2
11	4
77	42
66	16
24	7
4	3
39	4
98	56
93	192
42	4
9	8
71	5
82	70
70	9
40	13
65	12
57	45
2	1
43	44
69	3
13	34
19	1
27	1
82	8
23	33
39	5
61	12
15	1
17	2
2	13
100	25
92	6
93	1
93	53
12	97
52	54
85	14
26	80
37	18
83	29
34	7
43	5
85	5
87	3
45	142
9	38
6	4
52	26
97	12
84	4
57	17
35	5
57	2
5	312
70	2
56	16
11	55
48	2
59	3
48	1
26	7
51	6
59	15
80	19
49	75
14	1
50	3
51	2
11	51
2	187
93	28
35	26
7	17
49	6
73	11
24	2
3	2
33	1
27	3
68	4
79	3
84	2
33	12
85	320
92	4
76	8
95	16
90	2
96	506
70	51
38	3
18	3
18	13
6	11
65	12
23	13
6	51
22	4
96	149
86	6
96	5
23	3
74	2
43	4
54	4
89	5
9	24
36	18
59	7
74	42
65	181
18	23
58	1
13	46
49	9
39	8
10	8
34	7
77	1
4	13
44	2
25	25
2	10
31	10
52	1
88	185
4	7
39	6
48	19
65	10
100	21
40	3
68	23
43	5
53	4
25	39
43	48
100	22
61	30
60	68
38	1
81	7
56	125
5	31
73	3
51	11
75	2
32	12
67	42
37	9
76	31
67	14
15	5
66	2
100	3
91	25
76	9
33	1
93	1
37	39
9	29
88	4
82	3
77	1
49	32
71	15
78	12
94	1
6	10
71	96
87	11
97	17
36	2
96	129
17	8
45	6
24	1
60	87
55	1
4	1
100	5
78	22
14	2
73	2
33	6
76	1
8	3
85	1
53	5
74	12
65	1
46	6
54	8
44	27
92	3
14	4
25	8
73	29
14	12
9	23
92	1
69	17
61	1
45	4
86	41
34	6
40	2
89	2
88	3
4	4
82	1
27	17
7	61
96	29
47	4
70	79
92	107
88	45
43	2
17	4
2	3
29	13
33	4
85	1
52	1
56	12
4	6
43	266
32	34
86	2
94	2
20	19
44	9
89	8
43	63
18	9
58	31
36	3
67	13
15	45
7	31
4	6
51	6
75	8
36	32
63	13
66	1
69	27
41	6
100	1
13	57
78	105
15	1
13	3
32	2
52	40
96	8
3	3
52	58
31	51
89	15
71	45
27	26
15	35
48	7
53	6
83	35
83	9
42	13
30	7
25	13
66	6
35	7
69	4
96	66
77	1
95	9
90	60
39	9
43	2
70	6
98	4
24	20
48	24
78	1
93	4
58	1
25	8
77	6
83	35
95	15
60	19
10	1
66	24
5	2
86	19
3	10
25	4
19	9
95	6
53	8
50	4
97	33
7	18
19	4
50	1
51	1
6	1
62	9
12	2
80	13
91	9
84	2
12	1
42	5
49	7
98	7
57	6
76	34
19	55
55	38
10	4
81	1
69	26
39	8
11	5
29	11
3	21
71	48
17	5
25	2
6	1
67	2
67	76
28	34
39	1
5	2
39	3
68	15
30	29
91	6
27	1
96	106
35	6
47	23
78	70
17	1
44	1
49	452
29	11
48	1
10	76
19	24
41	32
58	24
95	12
66	1
20	2
2	1
27	2
5	4
71	2
90	43
8	224
28	58
66	39
6	27
31	3
26	174
66	1
44	15
35	3
81	1
74	18
60	14
82	13
7	14
89	36
69	2
86	6
35	201
71	17
77	52
68	9
23	8
88	9
46	1
31	889
28	4
60	14
55	3
3	13
96	3
57	1
86	14
60	22
44	1
11	3
35	21
77	3
16	2
28	14
38	1
38	19
14	12
4	1
41	6
81	2
96	16
52	14
82	13
4	11
93	3
48	3
49	4
37	4
39	6
24	2
77	21
94	1
10	5
10	29
55	103
90	1
30	14
35	1
51	143
35	72
8	51
75	124
57	6
19	11
30	18
75	2
7	1
48	8
69	18
69	2
98	15
76	80
98	8
37	4
52	1
48	1
8	1
67	11
36	4
62	11
31	9
74	7
56	23
4	3
29	3
98	32
30	2
56	5
35	13
79	2
66	28
97	3
51	15
88	5
51	26
54	2
38	1
69	41
100	5
69	4
96	4
6	16
39	7
55	902
57	2
63	18
63	15
99	60
25	14
51	8
40	6
8	5
36	987
21	1
100	3
15	3
7	25
71	41
34	1
22	1
11	2
16	3
95	5
86	11
53	1
99	24
97	12
20	4
82	4
18	2
81	14
28	5
53	323
35	1
24	65
79	9
93	4
58	25
9	7
10	16
84	21
4	1
14	8
63	8
14	7
80	4
12	6
84	12
58	2
5	19
27	9
66	2
30	8
57	4
70	6
2	515
74	20
36	1
79	7
86	14
30	16
90	15
76	25
61	9
95	76
65	11
100	3
91	10
57	61
22	16
66	37
31	27
79	30
30	10
16	5
53	11
83	1
89	36
18	4
95	24
66	15
85	6
93	2
98	32
75	13
27	139
94	24
30	17
26	46
33	19
25	18
89	6
30	2
70	20
30	13
63	16
27	101
12	2
75	5
20	1
31	1
40	1
6	24
48	1
28	11
24	9
68	5
15	11
94	1
47	11
52	3
18	284
57	17
49	81
41	1
83	44
66	21
47	36
90	6
3	3
29	69
25	2
90	6
44	69
75	5
58	10
99	103
55	35
7	13
89	20
24	1
69	4
44	6
60	19
64	16
54	4
92	12
87	6
69	13
68	4
72	8
72	41
51	6
29	58
33	9
55	1
92	16
97	13
42	5
20	3
22	105
97	6
7	5
97	5
17	45
21	23
40	17
9	4
74	32
98	26
58	3
14	3
27	1
35	14
17	12
72	10
84	2
54	8
55	11
17	10
18	7
10	25
85	1
51	4
59	18
63	5
52	48
68	17
37	18
97	6
60	4
95	4
88	11
85	3
3	79
64	9
93	5
29	1
95	1
86	5
80	22
72	65
28	23
61	11
44	121
22	12
77	4
50	28
68	7
10	6
38	2
94	6
50	33
11	2
53	1
100	17
97	4
15	23
13	4
92	3
83	5
12	50
33	36
76	3
99	8
74	1
62	6
70	19
40	4
59	1
29	15
76	45
33	3
4	2
16	3
54	2
12	9
10	11
81	1
48	6
73	1
67	3
91	1
2	11
72	1
26	76
22	207
28	10
95	3
52	2
79	1
61	9
25	202
86	3
6	40
36	23
57	14
68	2
41	9
80	301
81	7
64	31
59	3
8	13
27	33
15	17
67	5
98	1
96	21
48	11
19	2
35	1
36	21
73	22
71	4
92	15
10	23
52	167
3	40
24	3
70	1
85	47
17	3
31	10
17	1
17	11
12	7
62	51
53	19
27	6
42	11
25	70
29	22
22	8
39	13
11	8
36	4
49	2
29	4
68	3
9	4
83	7
87	32
71	4
34	5
17	25
70	1
78	37
21	17
81	9
96	11
71	8
38	15
39	7
2	14
66	6
42	22
33	11
96	37
23	1
3	13
56	8
32	3
23	3
35	28
63	3
46	411
65	21
56	12
53	5
61	10
70	2
19	2
34	2
57	16
47	2
96	8
31	2
38	2
31	53
8	3
6	21
29	1343
88	6
77	4
92	1
11	11
91	17
15	28
94	4
80	3
29	5
45	69
54	8
16	4
58	2
28	3
28	88
37	16
92	11
7	6
2	4
48	28
45	4
68	10
32	26
82	38
26	4
23	1
60	15
66	131
65	9
32	9
100	2
7	41
33	24
78	2
82	1
30	28
86	12
68	69
100	25
80	3
76	1
7	9
45	1
56	4
16	6
1	19
58	2
10	7
23	23
81	24
11	4
82	32
11	8
64	10
50	2
86	1
49	13
64	19
67	7
2	101
9	17
52	2
64	2
60	13
47	2
42	10
2	24
56	11
75	2
73	11
66	75
1	47
53	18
7	4
34	5
4	90
13	2
60	15
68	6
13	3
63	4
75	30
80	2
27	20
1	11
31	3
8	2
79	28
47	1
82	9
48	4
26	12
91	15
39	1
7	20
24	56
9	99
84	7
79	9
95	10
60	24
96	33
7	21
30	2
15	15
89	1
47	2
74	2
50	124
47	1
16	13
77	2
23	12
64	4
74	2
32	4
34	5
4	6
58	1
49	1
96	1
86	1
50	156
31	10
24	21
59	4
3	11
14	15
98	1
27	7
87	7
56	50
41	27
65	9
43	16
22	28
2	6
80	7
18	13
6	3
91	15
83	14
2	3
71	1
26	3
22	1
10	16
36	3
87	9
100	4
17	29
19	1
32	24
72	6
11	1
94	25
40	43
99	12
24	1
92	9
69	4
65	9
93	9
80	20
52	1
59	12
4	92
37	21
78	12
88	1133
85	68
94	5
8	26
69	4
64	4
36	22
76	2
13	5
52	52
98	1
28	7
70	18
37	23
70	2
65	11
54	2
37	31
77	1
94	46
79	1
60	9
92	1
66	5
54	5
1	11
19	31
10	10
62	1
97	106
12	23
87	2
14	9
68	2
71	58
90	1
70	1
15	21
83	1
17	21
49	88
90	17
48	6
11	6
97	18
92	8
73	9
77	19
53	1
80	2
4	3
24	1
18	1
86	2
70	67
92	24
75	1
90	1
32	5
35	2
59	23
88	17
57	619
21	11
59	8
84	14
20	159
87	7
96	5
41	16
78	2
88	13
12	4
77	29
28	4
76	8
90	85
73	3
31	70
6	1
44	4
3	1
47	4
52	2
65	5
64	4
23	6
97	117
31	1
34	1
89	194
48	13
23	1
75	1
65	79
42	4
21	25
24	2
37	19
13	25
67	6
99	66
78	7
79	1
73	28
18	2
20	7
90	407
89	1
95	79
43	6
14	8
84	13
34	28
63	2
77	21
74	14
22	2
23	71
59	2
12	3
7	203
44	52
25	132
11	1
38	47
59	5
20	3
39	20
14	6
50	5
82	22
17	7
26	3
54	13
37	6
63	21
48	70
42	14
42	8
95	32
57	19
81	10
47	2
80	15
24	6
54	25
56	3
11	18
61	7
68	2
81	3
44	6
91	5
3	5
37	13
11	2
3	6
72	16
66	249
61	12
83	2
97	59
35	12
22	12
23	19
44	1
74	79
34	755
23	5
49	8
37	9
3	18
54	19
40	22
76	104
60	52
17	11
100	9
15	3
98	34
66	2
43	9
31	96
8	16
16	1
64	1
66	2
43	16
92	18
91	46
85	23
29	55
58	13
51	6
6	5
61	4
92	1
14	24
31	7
27	13
28	28
2	3
7	26
17	2
77	53
69	7
60	9
13	1
29	10
94	19
15	3
9	6
61	3
32	1
47	4
41	22
99	61
23	41
37	1
7	16
49	25
77	1
23	1
82	3
8	4
89	2
32	4
83	9
23	200
40	4
23	1
46	42
74	1
30	8
11	1
79	1
62	10
24	4
48	4
39	2
31	1
32	18
76	22
10	4
80	3
70	9
33	2
75	8
88	202
19	53
43	20
61	2
4	9
39	3
40	34
61	6
57	2
36	2
57	6
34	16
98	4
90	11
22	8
87	31
71	9
11	7
6	33
16	5
55	12
63	78
83	2
16	26
66	1
75	19
51	2
58	7
14	78
29	6
14	2
48	90
24	4
96	2
81	10
37	23
68	7
32	11
25	11
93	7
1	10
63	1
78	2
51	8
70	4
31	2
46	263
18	8
88	19
97	13
27	8
54	1
35	42
49	1
36	29
100	13
12	2
39	6
86	9
32	2
21	5
90	7
44	2
35	12
72	1
50	7
68	7
97	79
91	2
13	17
89	22
14	8
78	4
41	33
97	1
71	8
38	4
35	2
19	81
63	21
3	1
41	1
70	2
76	1
85	42
38	44
3	33
73	78
58	58
96	5
36	107
23	2
29	14
5	10
29	26
90	7
82	4
5	2
70	63
63	15
19	6
26	40
6	20
54	86
14	7
17	1
18	7
74	8
100	6
93	6
49	7
12	6
63	21
85	5
48	4
37	1
2	43
39	5
64	1
70	2
44	2
79	8
29	5
7	39
34	1
9	1
33	5
69	12
39	13
31	1
56	8
56	3
33	1
64	26
42	3
78	1
70	2
98	4
11	1
79	30
6	9
83	11
58	16
37	17
7	13
86	17
37	6
19	20
38	15
22	2
66	1
64	1
58	7
85	19
16	1
16	4
53	5
11	15
52	8
58	14
17	1
72	15
35	1
78	5
23	7
3	1
1	32
75	6
30	1
30	3
78	72
69	17
47	6
40	1
29	22
56	1
43	13
54	8
69	17
52	27
86	12
83	3
75	10
48	17
20	56
4	27
73	18
26	73
3	21
69	3
65	8
32	1
3	1
87	3
72	20
19	9
48	148
94	4
10	1
30	14
17	5
25	11
6	15
12	53
19	10
95	5
56	19
42	5
15	58
33	4
22	2
94	10
4	10
96	6
28	14
41	5
58	11
38	18
18	37
27	11
81	14
19	3
51	33
45	5
43	13
55	38
32	13
86	9
36	9
99	9
57	3
11	9
55	3
81	15
1	9
8	3
32	30
68	186
41	16
99	12
93	48
100	76
54	27
11	9
69	5
55	2
100	7
91	2
17	2
31	10
82	32
1	34
68	5
47	24
84	28
43	1
2	4
4	18
30	4
95	11
28	6
75	2
67	17
85	5
40	16
56	39
5	88
38	8
28	7
31	122
33	3
42	12
19	34
41	8
64	1
98	5
36	1
21	44
41	4
89	1
20	24
5	20
3	48
99	363
78	12
44	22
7	1
96	3
35	15
25	8
22	30
40	35
98	28
63	3
17	6
22	11
46	1
64	10
20	281
30	1
96	5
59	13
63	2
30	36
89	29
46	9
81	11
20	12
48	26
68	32
85	13
5	23
66	1707
82	73
34	6
87	24
89	17
86	5
51	1
99	6
22	20
53	1
32	24
31	4
6	7
47	2
86	4
23	1
71	75
89	22
20	13
89	15
71	16
62	5
41	7
64	28
7	4
67	20
92	2
20	7
47	22
38	3
69	4
88	2
16	1
47	9
54	7
46	3
60	12
49	3
18	13
18	8
31	16
17	15
86	72
70	16
7	1
16	107
19	5
18	6
82	2
73	14
50	59
63	3
77	37
65	26
26	1
22	3
19	2
30	16
78	4
87	97
58	3
11	3
9	20
65	8
43	3
77	17
7	12
56	31
1	4
28	4
55	4
34	1
91	6
28	46
17	2
4	2
68	24
53	6
93	597
67	3
6	3
30	4
34	2
46	11
5	4
12	1
78	10
83	1
11	12
40	1
76	3
53	8
8	3
71	7
26	268
38	1
84	4
47	7
51	53
2	11
22	6
18	15
61	29
19	21
62	3
50	5
4	1
84	1
62	9
14	6
47	10
71	23
17	2
50	7
61	8
26	51
68	4
33	16
96	16
51	19
12	23
98	2
5	7
29	3
90	5
5	12
92	336
17	22
44	12
78	78
21	1
90	25
47	4
19	2
76	12
50	35
20	14
57	7
31	8
94	77
26	7
8	2
25	1
80	25
94	179
23	13
12	2
5	4
37	10
51	58
44	2
54	27
51	8
91	10
94	14
6	6
34	1
91	1
89	14
25	6
27	7
48	1
15	10
48	9
80	5
67	43
2	11
38	2
82	2
38	1
64	5
50	4
55	1
6	1
10	13
78	30
33	4
25	21
33	3
49	57
22	3
87	35
87	7
27	1
4	20
98	5
6	4
68	3
87	5
8	19
7	21
31	9
65	31
85	5
79	2
61	9
52	12
74	7
23	2
9	1
64	22
45	1
53	2
86	1
38	47
86	10
33	8
83	18
75	6
46	8
4	5
4	12
57	4
45	11
77	6
5	8
12	3
66	9
13	1
7	7
47	1
94	101
64	25
27	12
46	58
42	5
35	6
57	39
73	1
22	1
58	1
94	6
26	4
37	3
13	1
92	11
90	7
89	5
64	3
42	11
43	2
63	1
79	1
72	6
71	2
53	2
70	5
49	3
8	28
37	3
83	3
30	11
17	46
77	2
88	11
42	5
1	11
11	4
74	12
83	2
26	12
24	16
84	3
42	4
13	3
10	68
58	2
20	2
60	1
7	4
66	1
29	8
3	7
98	22
25	1
71	9
18	3
45	1
71	2
91	2
16	9
82	2
94	9
51	11
1	9
51	1
4	6
84	1
75	2
33	12
64	11
49	9
50	1
81	5
31	4
6	2
26	22
23	10
92	7
23	1
30	87
10	5
57	10
43	9
26	1
29	3
30	153
22	35
23	82
50	9
29	1
3	25
47	6
25	5
97	15
34	8
72	31
63	3
87	4
10	21
31	6
5	33
20	7
39	10
83	1
98	12
48	3
17	4
24	6
35	14
39	14
98	44
62	1
90	4
64	5
16	8
42	3
7	7
49	11
54	3
37	14
46	14
3	16
81	3
6	1
98	3
87	5
59	6
7	1
1	2
51	209
69	6
40	164
4	87
71	14
23	4
60	23
43	8
34	2
39	4
91	12
88	3
84	1
29	23
97	34
64	5
49	10
43	28
58	2
27	15
55	25
88	2
22	42
27	2
5	12
98	18
54	10
76	12
34	259
30	39
85	33
82	2
77	1
72	4
22	5
15	12
99	26
94	22
35	2
79	3
90	3
90	48
65	10
83	1
