10312
93	111
62	6
80	71
9	5
15	83
72	220
65	83
29	3
44	1
11	142
26	138
58	1
54	76
46	55
25	163
65	58
43	129
89	3
44	10
79	11
85	9
85	22
63	23
90	6
78	47
60	172
14	3
7	245
23	15
61	4
62	8
68	5
2	36
30	8
9	6
56	180
61	124
93	2
56	15
29	96
85	35
40	4
57	100
17	2
2	19
78	39
6	3
22	16
5	47
56	69
62	1
57	3
54	3
46	2
83	4
98	2
66	2
69	27
86	1
100	9
66	5
53	14
27	18
33	3
29	183
96	11
3	27
13	8
53	3
21	4
87	32
7	90
6	3
73	1
12	2
30	5
54	37
3	5
61	2
10	39
75	20
31	124
9	54
38	138
4	3
100	53
76	2
94	18
33	1
72	3
43	11
24	54
40	78
27	3
12	6
40	2
45	4
68	3
65	13
17	5
62	9
63	13
74	3
18	4
26	17
1	1
46	8
15	38
53	11
84	1
81	5
55	1
46	34
29	22
26	6
82	5
13	14
76	4
4	67
92	5
85	1
49	5
20	11
67	95
8	35
41	3
78	8
64	127
68	291
36	5
88	1
83	18
13	1
39	1
54	4
97	68
26	3
73	1
63	18
22	4
41	2
9	2
8	10
44	19
15	11
23	43
49	19
55	15
15	7
81	54
74	3
10	1
25	5
49	54
73	7
9	2
83	1
83	1
93	4
20	14
57	387
61	1
98	5
70	7
59	4
84	6
78	79
88	1
27	14
92	4
57	7
63	2
21	29
84	142
75	11
23	1303
44	1
40	2
50	13
5	4
10	1
45	60
84	14
92	7
19	10
60	31
35	14
69	23
71	14
71	1
6	18
80	85
28	9
41	7
79	83
90	5
84	12
78	6
69	9
81	2
51	10
65	1
67	3
43	5
36	13
86	9
58	5
41	129
87	9
66	89
78	28
56	3
92	25
32	25
53	16
98	2
5	11
92	4
98	286
11	6
99	17
77	4
16	16
44	5
50	28
70	134
68	4
91	12
61	268
19	1
39	91
68	73
82	2268
17	51
96	10
64	1
27	4
53	1
9	59
48	1
62	4
88	9
94	52
88	35
5	96
19	130
27	8
37	53
48	44
39	3
31	1
41	2
95	4
3	15
93	15
65	2
18	8
35	12
82	13
69	1
32	31
80	7
76	3
70	4
72	35
69	23
62	5
15	1
54	272
63	1
18	3
4	4
30	4
50	10
63	23
1	71
8	31
56	13
52	19
9	10
85	8
30	13
38	29
6	12
13	44
93	113
98	49
17	212
37	3
94	11
88	9
45	15
79	1
78	7
29	30
5	39
16	1
63	2
30	33
96	3
91	9
23	12
35	3
18	2
10	3
21	61
58	12
92	1
22	4
17	10
60	32
67	4
59	3
79	22
100	284
81	24
13	13
81	53
47	7
21	1
61	2
4	4
63	18
5	12
69	24
85	4
47	9
54	12
83	34
45	22
10	18
75	4
32	8
25	13
5	43
85	19
90	29
87	3
36	36
87	19
16	82
83	14
26	106
71	8
23	4
94	2
43	82
58	11
75	5
4	6
78	7
48	5
29	27
19	1
76	3
19	55
81	36
57	5
92	1
66	19
93	3
98	40
80	7
14	83
88	6
89	1
9	5
84	18
21	17
52	186
12	28
91	6
26	26
97	68
26	37
83	13
74	161
58	8
86	19
10	1
91	17
89	3
85	72
40	22
27	2
5	2
65	30
81	5
42	35
59	1
91	8
38	31
72	150
20	331
69	252
33	15
79	1
62	2
46	16
72	4
45	18
13	8
71	8
51	57
21	16
31	64
50	4
31	4
66	34
82	1
32	20
97	13
36	12
77	8
11	24
8	1
24	27
16	4
64	76
58	64
27	1
51	120
12	185
2	10
84	1
15	47
97	3
76	6
20	4
68	141
1	2
37	51
46	19
70	6
22	1
97	5
70	36
76	17
80	28
58	2
64	33
29	4
86	6
96	13
9	9
87	2533
90	50
84	67
79	1995
48	45
35	5
100	23
42	10
85	53
56	18
88	6
17	40
30	239
73	74
59	150
40	1
93	15
72	77
67	1
33	41
2	12
9	32
71	1
28	13
76	8
1	14
53	25
83	10
71	19
11	2
39	163
26	74
82	1
59	28
99	18
14	1
61	25
53	2
24	6
91	7
66	6
66	1
60	67
52	4
55	143
11	4
63	4
76	13
37	25
95	6
28	7
39	50
30	15
23	7
23	127
4	419
4	1
58	25
68	11
97	61
74	76
19	8
47	2
83	32
31	1
70	1
37	7
49	24
51	16
71	4
84	18
18	38
94	107
6	15
88	8
87	2
61	29
1	7
50	2
42	15
64	76
41	2
23	11
18	4
12	6
2	30
13	64
86	93
46	165
71	27
45	4
97	48
13	5
64	9
36	3
93	5
72	105
3	33
21	159
71	1
60	1
32	12
91	49
34	65
60	22
72	32
12	12
60	36
69	71
37	4
85	588
54	11
61	4
2	9
29	144
18	72
43	5
16	13
17	3
24	120
5	49
31	3
15	1
44	7
70	35
38	6
9	2
61	4
51	23
55	46
33	13
23	9
20	34
64	3
87	24
64	12
34	16
60	19
40	105
34	183
35	50
14	91
18	4
65	9
88	259
51	6
90	23
100	5
62	20
48	7
54	9
92	18
9	44
91	15
57	5
61	5
99	18
35	14
100	2
36	3
21	44
60	33
62	1
22	13
77	23
23	21
84	3
74	2
68	1
43	252
88	33
68	5
29	21
54	10
4	6
19	13
78	12
85	2
40	13
14	2
78	10
3	2
2	11
56	9
39	6
97	36
5	55
17	4
17	1
65	11
11	3
95	11
13	3
79	51
88	2
72	20
79	9
78	2
1	10
53	1694
36	30
22	32
65	8
25	63
59	25
5	1
71	59
61	3
82	83
39	7
82	1
86	50
88	12
44	1
49	4
79	48
48	58
75	75
89	22
97	27
39	14
20	581
51	14
44	10
22	20
53	14
44	1
67	21
53	13
70	29
61	15
36	33
100	12
24	23
61	11
40	6
24	4
61	17
95	13
58	1
38	2
71	133
47	18
63	1
2	22
52	18
32	4
73	5
2	16
76	8
19	65
65	15
77	16
68	29
81	17
39	1
34	15
2	3
49	52
83	49
47	44
63	7
26	17
14	3
83	3
92	19
55	12
95	35
81	1
54	14
38	3
82	2
52	3
54	137
98	2
1	43
23	5
27	10
1	6
26	160
32	38
88	17
25	85
20	34
47	16
18	39
16	48
58	22
34	3
70	7
51	6
80	2
88	5
24	1893
97	9
23	9
70	18
65	6
95	2
51	9
9	162
76	3
72	10
47	5
100	151
88	1
42	6
27	75
24	1
69	218
51	2
47	72
53	12
65	11
47	76
40	16
36	51
82	4
52	3
63	18
96	19
53	89
21	5
17	167
28	21
64	72
29	6
1	83
25	64
80	60
33	23
29	4
87	50
78	1
90	10
41	4
94	1
25	3
71	5
11	22
79	12
32	6
40	7
39	16
49	1
39	33
38	597
4	28
30	40
65	13
73	8
8	17
49	143
84	1
25	3
73	4
20	7
61	8
87	3
27	6
70	8
72	26
85	4
34	12
8	23
36	5
7	32
50	3
79	47
78	1
79	19
10	12
57	1
60	6
73	31
30	11
4	2
100	54
29	13
5	1
35	8
20	37
87	233
47	19
53	90
71	31
29	3
32	2
6	28
28	4
30	13
72	13
62	75
72	3
8	42
30	2
67	10
34	21
69	2
21	6
8	9
4	2
27	27
73	10
78	52
62	90
60	5
91	56
55	9
67	2
89	78
3	1
96	185
12	27
20	6
37	25
28	3
14	20
26	30
86	88
89	3
62	395
79	9
26	5
14	1
47	6
40	3
10	89
89	1
51	3
5	86
86	8
78	152
86	9
89	61
6	21
69	5
29	2
20	99
83	6
98	1
39	181
30	1
23	10
73	1
77	33
59	30
9	6
64	2
91	68
68	13
33	28
15	4
38	3
19	138
23	72
1	56
4	13
13	16
3	2
99	12
13	19
92	69
97	1
70	13
11	11
34	23
76	7
7	51
38	17
37	31
92	132
25	95
70	2
73	13
25	47
2	33
31	7
62	37
3	8
65	63
68	27
59	7
3	38
60	6
42	2
4	12
84	3
80	14
68	5
28	2
26	12
80	9
25	73
87	1
72	3
92	24
54	151
37	1
67	1
99	60
43	1
46	9
33	2
30	2
81	42
95	4
37	3
66	11
15	19
92	1
56	9
80	15
36	1
68	7
12	13
15	2
72	7
32	3
40	82
8	47
70	12
30	22
28	79
71	187
47	5
32	6
48	2
62	2
80	2
90	16
99	7
97	12
67	1
77	3
42	6
30	4
38	4
73	9
5	3
11	96
9	24
57	9
6	45
92	11
51	240
27	1
36	9
70	1
4	14
11	85
82	1
11	115
50	94
36	6
79	105
10	2
92	35
95	2
36	1
33	2
70	7
35	2
87	1119
10	4
3	22
90	41
64	2
55	16
83	6
20	2
39	2
52	5
46	13
79	104
88	2
20	2
75	2
66	12
62	11
54	4
99	14
100	3
94	3
28	17
47	49
93	5
79	7
19	10
94	4
57	14
13	9
89	52
82	1
51	4
81	36
7	132
50	10
93	6
63	1
23	24
18	476
97	1
11	8
72	3
65	40
84	1
56	13
67	3
26	109
31	2
72	22
37	4
46	5
15	29
49	8
20	45
53	1
66	25
36	11
19	4
68	8
80	52
26	3
63	6
14	6
61	14
34	33
5	7
26	14
91	19
8	33
95	1
83	14
27	10
100	18
21	10
98	2
42	2
49	4
79	5
50	4
46	1
88	15
66	14
72	1
90	3
71	5
43	28
96	1
22	3
13	5
14	6
45	18
38	6
12	13
54	1
6	5
47	1
4	193
5	14
21	5
6	2
82	27
47	146
69	13
23	4
61	4
96	1
44	17
49	3
100	19
19	1
56	1
98	13
29	9
85	6
100	4
43	14
43	53
61	1
8	3
44	17
71	10
76	21
23	4
72	60
81	22
79	2
59	16
46	306
81	27
88	1
25	2
64	4
71	127
77	15
7	2
50	46
63	3
95	35
5	42
59	2
60	18
25	3
64	31
56	137
52	22
28	3
77	10
94	88
15	3
28	51
43	1
54	111
6	2
42	1
17	120
98	6
89	136
45	6
44	35
1	4
47	1
75	5
71	3
21	331
90	10
10	1
77	39
89	11
62	5
95	4
82	3
6	7
66	7
79	21
55	6
8	3
10	1
76	4
53	1
70	2
96	28
26	11
46	53
6	22
96	3
37	25
45	2
51	315
97	2
71	4
59	3
55	10
15	3
53	8
78	19
9	4
52	11
97	155
100	11
56	7
7	41
24	4
38	1
12	29
55	69
40	6
15	5
85	3
28	9
96	14
58	5
82	32
42	5
58	30
84	14
40	1
9	33
44	2095
41	26
36	2
41	67
59	1
21	23
36	36
32	2
57	3
39	9
3	7
20	1
25	12
77	1
97	1
79	37
86	55
47	78
65	33
48	4
47	64
19	3
20	34
65	100
91	15
18	5
86	45
57	1
92	2
27	35
21	14
27	7
76	1
79	5
13	5
15	26
97	3
92	14
35	7
49	4
14	21
74	42
55	1
62	3
14	10
37	36
44	8
91	131
40	117
63	21
98	18
14	21
62	15
67	2
65	1
76	1
84	4
30	109
78	46
87	8
30	10
76	13
38	1
48	27
39	15
81	215
86	99
87	13
51	12
46	12
71	66
94	14
70	4
44	37
65	85
90	10
5	6
22	22
84	6
18	1
78	10
14	29
96	50
62	2
56	10
61	15
81	6
84	6
80	37
49	11
60	11
41	3
56	4
5	10
31	21
16	64
24	3
24	26
33	3
17	95
96	25
18	740
35	26
26	1
31	2
10	2
16	3
6	2
64	3
13	3
37	7
55	16
10	18
83	7
66	22
82	3
27	10
89	3
4	19
27	2
92	135
29	216
89	37
30	1
96	3
99	2
22	82
96	4
34	1
25	2
28	1
64	33
9	18
67	23
18	24
51	19
80	117
68	21
64	15
72	29
38	8
95	41
74	7
42	7
19	17
58	10
76	22
100	3
73	52
48	6
10	89
3	50
80	57
60	4
66	1
55	8
53	2
67	29
91	11
33	8
78	333
55	9
63	9
88	2
23	11
29	12
37	7
24	4
1	121
12	23
18	19
74	55
66	169
1	12
51	20
65	33
27	24
80	15
76	17
75	9
55	10
33	116
35	254
59	1
42	107
5	2
87	20
86	184
21	18
60	23
70	24
51	583
46	55
84	33
50	61
22	3
14	16
50	32
61	4
86	2
30	3
18	3
72	1
21	2
40	5
68	5
8	1
5	5
52	45
78	12
50	9
60	27
5	32
62	10
18	29
23	12
90	21
15	366
94	2
57	51
19	9
94	1
46	1
78	6
89	14
2	5
6	266
53	66
70	60
78	11
14	71
38	1
92	1
15	29
91	23
22	21
51	9
86	3
16	338
97	4
22	7
47	7
10	16
40	1
65	4
22	161
69	3
32	6
67	116
50	13
22	5
69	7
90	29
72	44
68	19
13	5
69	7
67	5
10	24
13	16
23	7
56	2
97	6
3	47
85	90
23	18
75	186
82	16
44	52
72	9
76	10
100	5
95	1
25	13
24	18
82	11
76	6
89	112
75	4
87	14
95	40
17	10
52	45
36	10
6	21
58	562
91	9
24	1
76	18
93	1
90	8
97	53
62	8
88	85
27	3
48	6
87	3
41	16
66	6
84	12
83	1
52	6
51	1
62	7
27	26
24	35
32	1
32	6
56	76
82	4
45	3
3	12
96	1
20	2
23	25
84	48
97	63
82	39
13	1
72	71
49	2
59	27
19	11
26	3
62	10
8	14
91	9
41	33
58	18
99	42
67	102
89	2
20	3
61	2
64	4
27	8
31	6
97	1
28	11
26	6
84	64
98	7
48	4
59	3
50	9
88	1
42	376
31	4
97	9
49	31
75	3
77	7
60	32
57	1
46	1
79	2
19	1
54	1
66	6
74	3
73	3
35	40
41	194
79	1
55	2
50	1
53	11
37	10
50	1
3	77
79	2
27	50
62	39
67	11
43	1
98	1
5	3
33	6
96	3
35	33
41	1
83	2
65	1
57	43
64	142
12	9
97	58
42	6
21	5
40	60
52	3
82	2
68	3
5	26
28	43
17	127
78	4
12	1
17	2
7	69
84	2
25	25
59	9
89	7
78	9
94	2
17	11
89	1
40	9
51	3
36	10
86	2
17	38
55	8
69	1
17	1
83	20
83	1
59	435
72	43
51	1
17	1
91	85
2	2
50	35
48	8
22	17
49	1
33	6
23	9
16	14
57	19
31	22
90	4
62	2
78	3
29	4
30	1
3	3
52	230
87	9
40	1
35	5
98	30
43	11
73	4
58	2
59	10
68	9
30	11
61	1
93	54
4	7
60	1
58	1
13	562
62	1
56	8
44	1
15	4
73	49
47	1
20	3
23	1
4	3
68	24
62	6
57	1
39	7
75	9
78	22
43	9
43	7
87	36
4	2
23	13
44	24
62	9
77	1
1	144
87	44
100	12
33	13
65	8
23	3
18	31
29	20
91	8
62	103
56	5
33	37
97	3
2	8
38	18
94	3
62	1
11	44
80	48
16	63
65	150
86	3
89	2
97	22
85	3
59	3
79	382
74	12
67	3
85	26
5	13
47	9
61	25
78	2
51	5
35	537
34	72
52	64
86	14
53	3
10	102
65	51
54	47
15	1
13	9
81	4
28	1
34	35
35	1
80	2
55	5
3	5
90	2
61	4
53	39
48	1
76	8
3	57
50	1
53	1
68	2
30	5
11	1
87	11
25	7
33	31
85	19
66	2
92	6
1	97
91	47
11	17
12	6
51	3
81	6
75	11
40	52
95	7
71	39
99	43
51	4
74	23
70	19
61	32
22	1
9	39
60	8
82	11
31	112
85	5
86	88
11	11
67	17
79	19
90	6
85	2
11	45
27	4
53	3
93	13
99	14
38	11
20	52
81	19
54	2
65	5
28	31
68	4
84	2
35	1
74	3
13	1
81	4
16	7
77	1
59	6
60	7
84	188
18	21
33	257
81	71
61	14
76	6
54	8
25	18
32	8
59	16
82	8
86	3
23	28
56	3
36	5
80	7
98	5
36	13
19	4
30	3
28	40
59	135
65	1
20	4
33	4
44	44
20	4
62	4
91	3
27	17
84	2
49	2
55	5
14	22
56	4
5	115
100	23
15	9
98	4
12	58
16	3
96	16
83	26
81	114
78	5
3	3
66	5
93	9
39	43
45	18
1	2
28	1
64	40
16	2
79	433
95	155
33	2
81	29
52	3
40	1
20	1
42	14
96	1
57	16
44	4
31	329
2	16
95	18
51	1
29	4
88	10
75	10
70	4
87	69
20	1
1	41
71	15
76	2
32	10
52	8
84	67
22	10
92	244
53	8
30	16
23	22
9	29
89	20
8	6
50	6
4	39
70	41
96	8
39	5
28	3
53	5
76	113
100	38
41	3
60	201
85	4
39	2
36	41
22	4
5	1
74	19
73	3
33	5
39	47
46	1
65	790
80	84
71	19
58	31
31	117
33	9
3	11
60	3
1	7
33	1
4	2
16	20
48	60
95	8
70	11
55	12
89	24
77	2
13	61
73	6
55	24
9	45
79	6
47	2
1	69
87	6
88	45
31	3
1	1
24	1
16	5
8	12
11	2
66	2
22	3
69	2
95	1
37	1
49	158
4	16
65	3
56	1
92	2
90	6
62	6
66	1
90	80
84	10
62	2
27	24
39	34
63	69
24	13
57	1
33	13
25	5
2	27
52	1
18	1
88	5
5	9
12	54
27	4
45	28
96	9
74	7
66	4
18	32
34	49
65	11
86	7
18	214
22	12
31	84
61	3
22	35
72	1
10	19
81	22
89	3
77	10
62	52
98	9
35	7
57	67
1	3
40	11
29	60
39	9
52	12
78	1
16	1
6	8
50	5
31	2
14	2
99	6
53	35
9	9
79	87
38	4
8	190
100	42
90	124
47	5
41	1
65	1
76	3
84	31
60	25
62	7
26	1
51	19
8	2
17	8
77	2
20	2
34	36
23	8
9	4
67	50
97	3
8	26
6	1
1	32
58	79
90	63
27	69
12	6
55	6
76	228
85	5
66	9
14	7
45	13
62	1
75	80
95	2
34	18
26	2
68	35
49	95
69	7
1	7
12	1
60	15
38	19
82	116
14	31
95	33
21	53
70	1
66	225
30	724
19	1
85	23
41	77
95	2
11	3
88	119
1	21
9	10
43	2
45	2
89	12
66	3
47	13
8	82
54	93
14	48
95	4
58	15
35	7
43	12
98	6
20	23
33	2
40	32
22	3
35	39
74	33
74	10
39	130
83	9
74	32
64	13
99	49
55	1
24	1
30	3
84	13
70	10
81	10
43	1
44	116
67	1
28	6
89	8
25	1
10	4
72	3
19	9
97	12
2	5
26	4
92	3
84	23
25	1
22	5
17	22
47	40
34	3
75	4
92	1
46	13
49	65
77	1
38	3
44	377
96	3
74	9
78	7
99	8
21	2
24	264
37	7
72	4
95	15
44	2
97	18
90	5
9	1
64	14
42	51
37	31
27	14
75	4
71	42
61	1
45	8
33	7
53	1
55	6
2	44
85	26
91	1
94	81
44	7
45	3
67	16
26	1
46	9
49	11
78	28
60	142
45	31
59	362
47	2
45	183
62	8
49	11
7	7
3	39
3	4
40	62
31	2
15	5
21	1
92	14
76	4
72	1
94	1
18	32
94	131
92	14
46	1
11	1
87	1
7	21
59	1
62	6
14	5
16	4
95	7
84	85
10	2
42	40
88	5
48	1
24	22
40	3
83	60
26	1
62	7
62	20
29	6
64	163
3	10
80	9
38	19
18	4
22	31
7	43
70	3
94	66
44	2
67	9
34	7
47	2
75	1344
70	4
35	3
48	1
64	7
85	1
43	1
4	1
61	12
77	2
63	2
28	11
7	53
85	1
89	1
91	7
43	3
17	3
45	1
13	12
43	95
65	9
50	25
53	4
78	18
45	17
55	4
2	24
69	14
54	6
21	47
71	4
56	3
39	37
50	1
12	15
51	7
81	8
96	2
14	5
18	3
16	8
81	4
33	11
55	22
57	6
82	3
89	2
13	1
41	5
81	3
59	3
80	1
35	15
76	3
99	8
6	3
64	3
36	2
39	5
34	27
69	1
74	2
56	67
36	60
52	12
100	19
51	22
53	2
6	1
32	86
20	1
75	148
27	7
83	7
51	5
11	1
35	31
28	2
74	34
90	1
82	3
39	5
72	1
16	1
18	2
38	374
36	1
23	18
21	8
78	1
74	57
94	1
24	8
2	1
87	125
74	4
83	6
52	2
54	27
88	12
14	78
63	5
88	32
15	227
94	30
82	61
33	8
79	3
51	8
5	222
74	5
57	66
93	6
14	18
74	5
20	15
77	979
93	104
70	4
75	5
99	8
82	6
35	95
39	2
43	1
74	13
76	74
76	1036
89	9
17	6
94	15
6	18
21	31
38	6
4	6
5	4
20	7
37	8
50	1
44	4
21	1
12	149
99	3
67	23
80	7
5	3
22	5
46	2
59	7
84	16
47	3
17	3
26	1
24	5
80	4
72	11
36	22
100	6
74	1
24	6
53	2
81	165
90	18
68	182
61	48
63	21
90	20
24	11
35	3
47	2
66	22
18	1
4	37
86	1
86	65
85	2
42	2
16	58
91	13
31	125
85	3
61	9
75	2
93	1
35	3
75	1
8	13
53	3
64	20
92	7
4	10
91	29
93	9
27	2
40	7
89	4
2	40
50	4
85	5
86	99
85	14
71	416
8	47
7	16
18	13
72	11
79	13
17	3
72	21
58	1
52	32
35	46
47	129
30	1
30	1
49	12
78	4
57	4
99	37
8	20
14	12
88	1
97	9
66	39
50	4
32	56
73	6
55	23
54	10
49	6
2	47
48	1
20	35
68	9
19	6
85	1
9	2
27	138
79	2
26	34
19	33
82	7
74	17
61	1
23	15
61	1
10	36
58	1
64	2
51	5
55	1
18	7
11	4
21	16
40	1
21	1
54	18
53	62
89	5
6	2
74	3
38	2
26	8
64	1
24	17
74	10
52	1
42	12
91	62
55	2
11	48
92	47
77	2
42	1
62	13
80	7
65	3
70	7
64	2
34	1281
50	19
66	3
2	90
15	3
72	13
73	1
43	12
97	62
65	7
88	8
37	42
12	34
35	11
46	170
17	19
90	11
37	6
67	3
65	14
33	1
49	4
21	6
74	1
14	29
54	3
63	68
19	6
46	5
7	5
55	107
21	7
41	7
2	25
99	14
91	26
5	26
89	51
33	15
41	8
99	21
98	3
40	10
38	17
73	1
76	44
71	17
75	14
58	23
21	20
94	52
39	11
1	5
75	8
88	1
79	1
13	62
50	8
96	37
90	20
35	60
50	25
65	6
19	3
4	45
30	3
49	5
46	1
47	1
34	1
87	6
24	19
91	1
3	3
64	2
9	10
9	15
7	141
38	387
47	2
64	66
89	44
95	9
65	7
58	6
27	11
13	4
47	6
26	28
93	3
93	12
40	14
16	15
77	40
71	1
94	10
2	57
3	6
72	6
89	7
17	64
25	1026
68	1
36	277
24	177
35	3
34	3
20	191
71	10
1	2
23	12
32	16
32	424
20	38
52	3
32	1
79	122
1	463
83	31
92	32
16	6
73	28
3	13
1	18
92	5
18	61
51	4
37	9
82	4
85	9
69	152
53	215
76	1
45	5
41	11
16	1
17	12
61	22
84	14
44	16
14	5
88	3
62	29
98	21
33	145
80	49
50	12
51	10
89	2
87	54
87	6
89	53
43	4
22	34
9	16
53	5
30	3
91	38
16	37
37	2
22	12
52	3
53	3
99	12
2	13
22	18
40	13
91	14
10	14
11	72
81	2
96	1
55	18
52	2
26	24
70	6
57	9
69	201
75	29
1	12
4	39
16	5
83	43
76	2
22	56
14	3
1	1
64	1
99	5
25	1
8	18
74	58
66	6
76	13
60	3
68	14
50	24
58	134
93	12
28	71
72	2
20	21
53	2
79	56
3	1
78	25
100	26
77	1
44	25
9	27
79	2
19	9
63	120
64	13
13	7
21	3
83	154
60	20
27	3
90	112
44	7
42	21
70	67
59	2
73	5
68	8
96	69
31	28
66	14
65	29
36	39
62	3
28	2
9	15
10	11
35	19
16	3
47	6
98	23
50	10
76	13
74	85
7	11
81	1
2	6
49	19
85	3
59	2
34	14
70	1
16	241
99	6
85	15
72	53
54	262
56	95
89	4
52	38
89	47
18	5
32	46
30	47
28	2
31	3
6	13
8	1043
9	40
8	3
3	1
78	111
51	1
37	54
66	11
38	5
23	5
95	307
73	6
73	23
64	6
66	253
55	6
46	5
31	103
59	13
83	6
41	5
22	95
76	41
20	11
93	105
71	22
99	7
11	1
48	5
26	5
48	25
37	4
47	13
98	63
53	51
41	1
65	1
26	34
53	20
56	19
39	4
31	26
21	1
8	4
68	81
32	13
16	320
59	5
40	255
67	104
36	3
36	35
25	2
43	3
58	2
73	2
75	9
32	15
96	2
15	1
75	5
81	29
19	38
4	2
47	18
1	4
81	6
85	3
1	1
33	19
76	50
53	150
7	35
98	1
27	5
21	154
62	35
43	14
45	2
89	6
68	3
77	3
29	10
4	91
40	1
86	32
92	7
69	30
73	13
5	50
82	1
52	12
30	16
27	6
44	76
69	15
8	12
63	40
5	8
16	19
6	1
63	63
90	17
48	9
1	1
13	4
32	7
28	14
9	2
39	2
25	2
16	6
51	40
71	28
96	79
3	14
38	2
51	72
100	59
40	13
53	22
85	3
67	14
97	6
70	25
80	28
42	4
29	22
76	9
4	40
36	4
25	6
75	1
3	37
24	11
77	4
98	16
59	13
24	44
91	4
43	17
38	3
20	258
32	6
16	4
19	14
93	1
27	7
21	3
96	5
75	39
23	122
84	15
87	3
40	13
4	30
51	34
18	19
11	19
18	5
36	10
81	76
30	2
98	7
88	46
97	3
16	21
85	104
51	91
57	177
100	3
24	36
53	24
25	2
94	7
40	6
77	9
8	5
79	298
59	1
49	8
31	43
25	4
62	12
89	50
17	1
30	1
43	9
33	34
96	12
8	30
6	12
59	4
93	6
69	13
6	3
57	1
32	30
6	17
7	5
67	19
34	2
68	43
81	16
42	2
30	44
66	7
84	7
100	24
12	22
78	10
41	45
56	24
18	999
21	41
7	2
4	8
34	9
16	46
22	6
93	11
10	2
90	2
34	1
73	4
60	1
14	12
88	9
76	5
34	33
33	12
82	10
79	16
58	7
32	22
55	10
34	30
85	103
8	3
63	2
15	36
82	20
74	2
100	1
77	17
44	5
72	1
49	9
43	21
48	20
38	6
1	5
17	32
94	12
55	1
56	16
30	1
48	49
9	21
56	8
80	13
99	2
28	1
6	107
5	4
96	55
59	2
65	17
34	15
51	2
17	668
9	8
47	39
54	27
55	4
45	29
12	7
90	1
93	10
62	19
51	6
91	33
5	1
36	1
16	14
78	2
44	66
31	26
93	1
98	18
96	9
34	2
88	156
47	12
73	1
29	4
16	5
84	38
78	13
62	54
56	14
78	22
76	55
94	3
95	5
20	1
84	95
97	5
79	14
54	7
54	23
77	7
6	2
46	30
82	7
28	1
98	137
41	52
16	8
97	8
76	16
52	10
20	3
33	45
47	9
52	108
72	4
73	5
92	75
64	3
29	6
63	94
100	1
2	19
40	25
77	15
66	465
25	10
27	1
39	15
98	1
25	11
71	10
98	9
19	14
87	11
4	6
76	45
7	7
69	20
79	6
60	56
24	1
34	17
96	5
75	192
14	58
63	15
100	8
50	12
25	12
68	132
89	11
34	23
23	3
41	18
99	2
98	4
88	2
24	53
6	3
28	3
1	59
55	5
6	44
73	6
44	14
61	2
34	4
78	334
47	3
10	5
22	45
19	13
41	4
95	94
44	2
65	115
16	13
48	41
79	3
54	32
12	2
5	98
7	23
6	5
4	130
2	27
25	25
37	7
66	21
10	2
58	75
57	1
50	18
98	7
77	4
2	7
17	28
89	3
40	15
80	8
60	2004
72	66
5	4
100	22
44	2
83	5
88	89
77	32
47	12
16	2
29	3
15	2
75	1
19	5
97	6
61	61
32	64
44	3
93	5
10	8
52	18
88	8
34	1
27	12
90	125
55	13
11	107
14	15
24	189
51	17
82	18
79	11
95	5
5	12
65	65
74	7
57	8
11	3
77	6
74	29
31	6
87	1
49	442
78	4
83	40
95	38
91	51
33	24
47	9
24	5
50	1
83	57
62	12
52	4
81	4
7	1
5	16
5	2
44	6
29	4
62	34
46	152
49	22
40	3
67	846
58	39
64	2
26	4
84	39
14	11
6	10
75	68
64	5
67	3
65	4
88	1
71	94
81	10
64	19
13	20
35	6
98	10
13	84
26	26
4	47
60	23
10	16
23	2
69	13
83	1
36	6
10	14
55	6
76	31
9	6
100	1
62	55
44	7
24	157
70	11
59	45
40	1
19	2
44	15
51	1
19	21
100	43
44	33
17	1
28	3
59	33
24	17
75	120
47	8
40	1
30	1
49	4
70	10
31	13
53	21
43	3
70	1
50	204
51	11
36	34
46	623
56	1
18	37
40	1
81	1
32	7
28	20
30	44
50	1
62	14
44	4
28	356
1	151
30	27
46	3
81	97
63	973
64	30
18	2
96	3
33	50
11	7
10	12
57	16
52	3
16	17
77	4
65	3
71	6
79	3
63	2
10	212
47	5
56	1
79	2
66	3
29	7
71	52
16	10
100	1
100	7
19	6
9	4
4	109
28	13
46	15
97	1
18	1
32	1
10	35
24	4
21	9
3	5
94	13
21	8
41	4
60	7
47	2
93	35
99	1
36	8
14	24
52	19
78	144
57	151
93	2
14	8
36	3
56	92
37	2
27	11
48	10
36	1
58	2
48	35
53	3
1	3
18	14
1	64
86	1
34	5
41	37
44	3
14	88
61	1876
31	32
27	2
25	2
77	5
95	6
38	2
11	63
16	10
41	10
75	232
25	15
9	163
6	33
45	12
54	17
20	9
44	123
67	88
61	16
1	3
18	31
5	18
80	166
60	10
36	1
51	6
45	44
29	1
62	5
20	1
30	1
3	7
37	3
92	1
63	20
55	4
34	23
64	17
79	5
38	3
8	7
26	45
98	18
53	55
79	3
29	184
63	36
84	4
4	9
48	65
71	7
51	8
61	22
69	1
89	195
4	2
45	8
100	2
88	40
4	4
28	2
78	5
68	55
40	6
88	76
89	3
41	12
13	11
57	1
91	22
91	9
92	22
79	87
81	7
47	18
36	1
21	1
15	3
77	17
58	30
93	4
73	297
89	293
85	4
71	3
93	1
24	1
48	5
79	7
72	13
65	209
2	3
23	31
24	1
74	20
63	53
83	64
50	9
25	16
20	9
60	20
55	59
49	34
37	3
83	3
56	83
19	16
35	9
77	9
41	5
94	23
67	5
94	52
100	4
1	8
64	7
35	6
94	5
25	1460
62	35
95	127
57	17
77	1
54	12
52	3
54	1
1	29
73	160
87	5
64	4
95	147
98	79
49	5
64	4
26	5
31	2
45	3
32	34
81	6
26	22
83	28
81	1
51	10
81	13
29	3
76	6
74	3
55	5
16	5
99	17
46	7
12	11
20	170
63	14
85	1
84	10
18	1
54	26
21	8
57	1
33	5
75	32
4	7
32	35
51	16
64	11
12	1
38	26
23	7
83	56
39	7
25	147
34	2
76	14
67	54
6	2
15	15
9	10
61	34
41	14
74	3
10	1
32	25
20	2
98	14
12	2
72	14
92	2
66	6
63	10
50	30
35	36
100	1
37	1
34	68
74	110
34	5
96	20
82	37
70	79
69	204
67	1
68	4
1	44
28	13
69	9
84	1
96	35
97	27
47	35
62	12
41	22
7	5
63	17
3	3
72	100
64	3
15	24
52	11
68	1
30	23
60	38
42	5
100	3
39	212
23	3
69	2
98	12
4	2
68	20
43	2
81	3
32	5
41	20
61	8
14	266
47	1
7	5
31	1
29	11
3	3
73	41
18	150
3	11
30	29
79	18
12	51
30	9
5	18
26	199
29	208
7	1
15	27
14	112
71	2
18	10
45	14
1	3
13	1
35	23
24	52
66	57
75	10
29	176
69	1
95	1
96	24
24	70
19	11
11	10
35	53
66	5
22	2
45	184
68	6
80	13
43	1
77	2
44	1
47	10
11	25
62	1
46	233
20	12
78	2
5	28
10	7
95	24
88	5
69	49
17	1
46	38
44	23
79	74
79	215
4	3
70	62
100	1
5	1
31	1
1	11
47	7
8	2
44	91
80	3
50	288
59	19
11	3
20	1
94	49
66	1
92	4
13	47
53	15
9	19
51	3
21	9
22	36
90	29
75	1
77	2
20	12
22	1
90	1
71	10
44	3
31	13
74	3
25	17
11	2
61	3
46	23
62	17
13	3
84	28
23	24
63	25
96	2
76	87
30	1
71	28
33	1
11	6
95	58
84	14
23	3
70	61
28	23
87	16
34	17
28	17
82	13
3	2
78	5
65	18
76	11
83	75
87	214
18	5
31	41
90	1
96	6
25	127
90	3
15	3
85	2
32	2
36	276
95	4
11	113
72	9
46	2
46	18
3	1
65	3
15	15
90	30
12	2
36	1
77	3
77	1
44	2
27	1
41	3
44	14
31	1
41	7
24	1
60	3
52	306
11	44
81	50
31	8
14	28
97	6
68	2
3	5
32	42
42	125
53	19
79	21
3	2
11	5
8	32
52	2
49	17
80	4
66	4
25	2
27	9
73	30
46	10
58	16
8	6
53	12
88	11
96	1
1	2
68	16
80	86
22	2
37	6
9	606
10	1
33	13
5	14
82	5
32	2
79	3
90	6
100	5
13	4
70	1
4	61
76	1
13	60
15	5
97	7
3	3
7	2
93	2
91	3
13	12
65	33
62	168
77	2
86	21
11	41
5	37
97	56
1	308
76	11
61	50
89	1
81	2
1	3
9	1
51	4
14	2
67	128
73	68
91	6
83	39
66	43
14	35
70	118
26	26
80	7
20	10
53	12
66	8
25	87
44	15
51	1
42	5
35	36
12	15
73	5
25	355
37	5
3	4
56	1
55	1
65	1
7	3
26	2
22	45
51	2
29	5
26	3
22	6
36	130
37	21
84	7
49	4
3	10
78	17
30	91
98	17
59	83
63	303
28	2
38	44
1	5
35	10
39	2
37	9
41	6
34	1
86	4
96	6
37	7
50	7
9	2
13	5
3	19
3	1
11	2
12	4
9	191
88	1
53	3
73	2
1	1
21	27
45	10
77	1
93	9
47	10
77	3
68	12
38	3
61	186
65	3
10	2
21	1
23	1
24	45
70	36
6	4
13	31
58	26
30	8
20	1
51	13
91	8
27	5
43	2
75	21
14	17
83	44
84	22
58	12
52	20
35	1
70	25
58	2
41	1
29	16
20	16
7	8
52	1
38	1
23	1
4	4
52	1
21	16
42	60
46	5
10	17
6	133
32	11
9	20
7	48
83	14
71	2
87	7
26	2
67	2
92	5
36	2
7	3
29	5
38	5
46	6
11	109
29	1
18	87
65	2
78	7
1	19
39	1
22	11
15	4
16	1
58	86
48	9
10	65
65	38
55	20
98	6
16	1
6	49
20	24
9	2
72	1
49	10
1	2
26	1
59	2
73	154
95	28
84	12
48	4
3	166
13	7
66	36
83	1
14	147
96	12
50	4
35	1
81	10
69	12
54	4
50	1
98	66
97	43
47	4
33	2
50	26
6	26
26	9
42	8
89	1
64	50
8	2
88	34
37	8
45	76
38	30
15	19
89	14
69	8
60	6
89	13
50	13
76	6
33	1
65	6
7	1
14	1
79	4
54	2
61	66
5	7
44	3
86	69
82	22
19	6
58	6
2	71
4	24
34	17
46	20
12	5
79	14
18	6
79	1
23	3
20	28
89	45
50	11
99	1
31	65
76	1
28	33
100	213
5	19
71	73
83	53
2	4
59	25
69	67
93	1
28	4
22	13
79	1
94	35
6	2
98	4
16	1
9	5
59	15
100	23
15	5
67	8
95	65
39	5
14	47
58	37
96	191
8	5
54	27
3	1
77	10
91	12
28	60
59	50
16	58
71	1
91	9
98	9
61	3
48	11
20	14
66	4
36	27
92	42
26	10
100	2
97	4
46	4
93	50
62	48
65	1
90	1
20	20
40	1
75	5
6	1
95	6
12	143
96	8
24	7
49	34
27	38
17	4
21	13
79	41
21	44
17	5
50	6
49	192
68	13
31	11
21	35
47	27
59	2
35	177
68	2
9	16
81	6
18	9
38	13
35	4
43	4
72	1
39	4
84	8
47	31
30	5
90	54
50	30
70	5
34	1
20	3
83	6
19	134
100	2
99	10
70	8
37	3
36	6
65	1
80	30
84	11
81	2
88	33
26	73
67	2
46	29
53	2
37	40
31	5
30	4
22	7
74	6
45	2
84	2
32	6
76	31
75	37
93	24
90	4
71	2
80	16
93	1
48	6
6	38
17	1
12	3
39	34
99	255
98	1
95	82
48	5
97	22
78	36
35	3
10	21
75	34
78	2
73	119
100	2
7	47
65	60
57	2
7	1
89	111
40	8
85	24
5	2
60	87
73	4
53	18
3	2
23	3
97	20
9	7
24	14
15	20
85	17
95	6
29	18
98	19
71	3
6	1
15	7
61	109
63	39
21	53
91	7
49	17
89	41
35	17
23	45
57	8
24	451
1	39
38	4
72	4
85	8
35	11
46	62
38	11
59	391
76	224
53	33
39	1
84	14
10	9
26	2
65	16
68	4
52	2
68	6
13	1
56	21
2	47
93	43
12	2
50	1
51	7
15	4
47	10
66	2
4	20
73	15
91	106
38	9
46	15
69	19
60	6
57	5
28	1
52	1
100	21
78	41
59	46
43	48
41	19
65	85
99	1
17	1
77	12
36	6
14	2
84	1
32	4
33	1
40	4
98	45
41	79
45	35
70	4
56	87
95	10
58	25
8	111
87	4
31	2
10	1
29	51
16	5
84	1
71	15
89	56
18	18
94	13
80	10
1	95
24	3
6	5
92	17
59	1
49	10
3	158
85	10
51	28
95	1
53	1
14	13
32	8
21	31
93	79
91	2
86	41
39	1
100	31
56	1
64	34
99	15
62	17
2	2
36	40
51	20
61	1
84	11
94	12
73	14
56	6
82	309
81	53
36	91
7	2
90	1
94	102
88	12
23	32
20	17
37	2
1	2
85	14
92	24
40	2
20	3153
31	3
39	6
77	11
95	46
16	13
53	12
27	10
17	1
81	2
11	3
9	106
17	2
99	5
26	8
76	10
36	175
50	8
20	5
52	1
9	26
53	48
29	3
4	6
81	27
84	1
4	12
58	6
88	4
80	14
46	168
10	19
12	24
12	200
84	13
1	3
82	20
56	1
84	2
58	40
95	114
59	125
84	5
70	109
72	23
36	5
3	98
55	10
3	1
1	2
80	3
82	26
53	10
27	11
48	25
52	1
77	5
45	50
78	45
35	114
15	1
22	3
66	111
35	84
93	30
58	8
87	23
38	31
79	4
79	4
100	19
25	35
44	11
89	27
34	15
74	4
45	34
17	43
71	7
30	7
89	3
87	12
29	27
69	8
40	2
85	4
82	4
67	57
29	5
98	7
82	5
62	2
17	11
87	14
84	5
2	1
6	6
50	44
16	78
93	5
70	7
45	14
38	16
79	4
70	20
32	4
50	503
76	2
75	87
5	1
82	3
34	8
50	6
25	21
6	104
23	15
46	9
77	559
82	13
52	11
35	6
2	4
29	292
50	270
96	1
65	91
64	13
68	247
34	3
81	1
9	83
65	21
74	1
40	241
51	4
58	3
27	83
69	3
93	158
61	52
28	8
64	68
24	23
8	16
76	16
99	169
43	6
42	19
59	2
75	56
76	12
94	12
95	2
60	14
35	1
74	9
46	7
6	9
73	21
81	5
53	3
83	3
93	36
15	8
57	52
11	5
73	36
86	4
69	22
54	3
65	24
18	3
68	2
34	17
39	106
87	26
44	39
91	10
45	1
90	9
46	6
37	145
8	1
36	8
18	46
84	178
20	21
96	117
27	3
79	10
47	2
60	1
38	395
78	1
59	33
87	12
20	2
25	3
96	18
55	152
53	2
48	6
42	5
10	8
76	9
37	1
5	1
17	16
50	7
76	34
13	150
67	11
37	4
63	3
2	74
98	3
59	22
77	5
39	1
20	22
26	18
93	3
55	3
24	19
54	4
15	215
13	5
2	43
23	2
34	41
85	26
82	5
27	1
94	34
49	7
83	3
72	2
56	22
35	2
34	205
77	21
7	61
33	15
91	4
76	4
36	40
6	3
6	9
79	36
48	87
16	9
5	3
9	1
17	54
90	4
32	37
55	2
59	50
49	9
46	1
76	2
87	18
2	1
16	26
43	14
11	1
98	15
96	5
74	6
49	5
19	3
80	4
21	81
11	4
91	318
49	3
93	72
51	9
79	1424
26	17
82	1
82	2
50	1
36	1
94	1
89	5
20	124
36	46
10	4
66	18
6	39
19	102
1	71
44	190
87	12
4	1645
56	4
98	1
15	157
31	1
74	88
71	11
43	6
85	222
3	4
56	22
16	1
59	18
95	2
47	4
23	1
1	8
88	3
35	28
87	9
61	1
88	40
53	1
88	2
85	1
91	1
50	5
66	1
21	8
62	24
45	38
70	84
61	25
46	3
10	33
12	9
44	11
4	11
32	20
37	989
32	3
8	7
32	50
41	13
37	2
71	2
85	2
77	13
100	2
92	10
59	3
34	28
5	6
50	7
79	148
56	33
64	16
44	53
88	20
50	29
86	1
57	2
16	2
19	14
12	224
28	3
69	43
23	18
50	9
13	22
61	33
43	2
83	3
22	1
69	10
46	12
96	12
28	5
92	9
78	10
60	1
24	83
71	33
54	1
74	2
52	3
86	2
62	54
31	54
89	17
58	24
5	56
41	2
16	4
30	2
86	7
2	10
69	1
58	144
96	24
92	1
17	14
45	9
48	26
64	7
26	213
22	7
78	2
14	9
97	1
90	15
88	16
42	1
67	78
82	5
82	16
12	35
53	30
79	22
35	67
87	115
20	6
42	13
74	8
94	5
54	3
4	5
25	12
49	3
97	12
4	27
6	1
28	10
23	14
9	22
52	3
69	354
7	75
20	10
69	13
55	1
95	3
15	8
3	1
62	15
96	23
29	69
32	21
10	4
65	29
63	1
17	157
39	7
45	4
7	5
70	5
87	48
71	35
87	30
20	41
76	4
16	4
68	70
63	1
6	20
99	7
95	10
3	337
42	10
43	22
11	3608
13	3
80	19
55	3
7	459
17	1
89	215
37	12
32	1
38	7
30	243
8	11
55	200
9	14
8	1
47	3
16	5
20	1
93	1
13	24
47	20
33	11
13	8
96	26
72	4
84	21
20	1
29	4
53	6
73	1
92	1
31	12
82	23
6	6
23	7
26	1
50	37
56	15
31	13
10	9
35	13
55	2
37	11
32	43
72	1
1	37
28	7
22	21
32	13
35	5
48	177
75	46
22	3
11	2
85	7
6	5
18	6
77	1
95	110
46	4
65	1
33	41
81	4
100	24
84	18
18	16
98	19
79	67
26	19
23	166
14	2
32	4
40	7
88	39
69	2
4	27
83	1
24	2
93	2
80	3
13	13
10	33
93	1
81	5
30	18
79	3
83	35
25	30
70	41
60	85
48	2
22	5
55	218
50	259
72	4
27	3
77	11
98	7
25	19
38	34
33	9
100	4
78	2
93	2
39	3
85	15
19	76
20	11
3	59
73	1
49	6
61	7
87	1
46	1
89	3
68	7
51	10
92	3
42	53
27	4
87	9
18	15
20	20
83	77
58	10
99	195
5	2
83	2
22	8
6	21
16	10
86	10
40	34
46	7
60	3
61	24
86	1
56	14
67	5
79	9
44	1
29	9
40	8
43	2
44	1
74	2521
22	27
76	6
88	3
94	8
96	36
98	3
36	4
38	26
90	6
77	36
44	110
84	6
21	2196
48	19
27	78
74	2
85	89
60	2
74	118
71	5
12	21
2	1
72	5
53	8
6	3
97	9
38	1
88	6
59	12
73	32
61	13
84	1
47	7
68	35
100	1
40	37
58	194
14	5
31	60
94	5
46	21
41	3
75	24
93	6
15	25
69	372
63	1
23	2
98	13
80	3
81	70
64	10
12	9
71	48
94	45
34	5
7	3
75	5
54	13
65	1
32	10
47	1
40	7
55	1
11	52
38	84
58	117
33	10
30	9
67	3
71	4
15	17
74	7
61	9
7	1
47	1
61	9
85	3
65	2
89	2
29	10
70	36
31	8
7	66
9	24
36	10
25	9
8	30
90	14
77	2
97	2
86	5
71	1
9	17
13	11
15	55
26	3
79	1
90	9
69	2
9	86
28	4
53	44
84	1
7	14
89	6
39	187
11	125
96	5
96	3
19	14
53	10
46	11
5	3
19	5
36	5
28	29
64	15
2	12
25	31
11	22
14	2
39	1
61	14
47	25
98	49
18	1
65	48
84	5
1	3
93	2
33	204
51	1
3	28
95	11
63	2
92	5
5	150
3	16
16	1
73	2
18	17
15	26
57	1
3	11
52	2
93	13
19	5
32	5
98	1
48	16
30	154
39	3
20	150
50	48
42	4
1	5
17	569
93	35
17	38
30	1
93	21
4	38
21	3
32	10
12	1
30	65
21	645
26	65
62	5
27	30
2	22
14	72
94	5
42	6
52	26
30	2
50	14
7	41
72	42
40	30
72	4
76	4
90	7
83	36
33	25
5	8
88	286
55	10
23	5
43	8
71	50
22	74
61	14
42	1
69	75
20	1
2	4
83	31
100	30
93	1
26	127
69	1
15	1
46	15
71	82
67	49
16	3
13	21
67	23
12	60
86	110
78	4
78	8
30	142
29	5
61	80
20	2
71	1
52	281
27	5
8	5
14	2
81	7
51	51
83	60
38	4
45	1
8	7
31	34
50	42
59	9
17	1
39	6
68	3
55	62
15	44
87	49
37	4
58	6
71	63
53	2
60	186
27	1
22	7
56	26
68	81
81	1
96	4
23	3
64	7
60	1
91	2
9	1
18	42
18	6
10	500
99	11
70	9
88	6
35	211
62	51
60	2
38	11
16	16
21	5
40	4
8	31
79	22
62	14
34	1
87	53
53	3
63	1
14	345
65	14
96	8
2	14
71	4
14	14
2	57
16	11
19	15
23	1
90	1
96	5
15	5
69	30
70	1
40	7
85	47
83	76
33	191
92	58
74	2
92	3
43	4
68	8
33	53
9	42
78	67
1	3
41	4
10	22
53	3
98	1
57	5
73	1
16	69
44	18
21	5
16	83
94	18
76	23
76	8
52	3
44	9
96	21
74	2
46	61
58	3
18	1
75	1
54	1
6	26
30	9
84	14
41	5
79	1
58	1
3	2
11	47
14	1
30	5
15	11
16	62
70	49
89	29
75	208
85	1
43	25
58	119
11	22
58	3
65	37
47	43
77	4
13	11
16	172
80	42
69	6
6	9
83	26
85	28
40	16
42	81
34	3
64	19
49	212
33	4
89	58
32	73
40	7
58	13
90	3
37	1
87	1
51	2
87	2
78	10
55	1
13	10
70	1
32	4
1	1
34	10
47	83
57	12
14	10
93	36
54	6
17	15
22	48
9	3
2	8
38	120
57	20
96	7
30	2
47	34
43	3
23	34
97	281
79	3
45	35
69	1
51	47
42	5
3	12
83	3
39	28
64	38
26	5
24	19
38	9
89	10
50	13
73	11
41	198
12	36
73	1
39	42
68	3
98	40
81	5
26	1
5	12
66	197
99	3
37	4
11	5
69	8
87	20
9	1
96	109
68	32
3	6
43	1
85	11
92	4
72	4
35	1
5	4
58	4
41	1
91	153
22	42
62	31
4	4
38	22
46	39
66	58
62	29
22	1
100	486
62	13
29	3
51	1
100	1
39	3
53	24
42	2
92	2
33	23
29	1
45	31
79	2
73	1
22	40
38	21
58	1
96	7
99	6
22	26
5	12
90	578
42	1
82	11
90	12
80	10
87	9
91	7
86	59
57	8
61	39
32	94
96	7
56	2
76	82
97	6
90	10
88	174
21	107
15	3
38	52
80	14
70	7
41	96
90	1
14	6
94	50
20	3
24	15
36	16
5	40
31	11
21	2
24	3
43	44
56	90
36	3
57	2
9	1
11	1
50	2
100	105
22	5
32	31
46	9
96	23
54	12
43	6
49	11
20	10
8	11
23	1
13	23
99	11
32	2
71	21
85	15
23	66
93	10
3	7
77	10
40	2
28	1
5	34
4	4
71	6
50	83
57	7
76	6
35	11
15	11
87	2
31	7
5	2
67	2
65	3
61	12
74	16
89	3
68	4
5	2
6	72
82	2
67	12
16	1
15	14
11	1
82	18
62	35
64	2
97	7
75	5
35	6
48	52
29	2
19	183
52	9
90	350
86	72
42	21
10	3
35	1
9	2
12	4
6	2
2	3
6	4
62	253
28	5
15	9
24	13
93	4
8	33
12	12
90	153
98	6
62	1
22	4
52	25
44	2
60	107
10	20
24	5
5	19
31	51
59	8
55	1
33	7
84	9
7	20
49	2
28	16
92	7
84	210
83	1
51	1
23	20
59	2
34	75
49	16
86	12
70	9
61	1
55	2
49	36
21	1
21	2
11	1
50	18
6	2
24	2
77	13
19	6
96	25
3	32
67	46
2	10
80	6
93	84
9	18
51	31
43	4
82	8
82	1
51	30
66	19
46	38
72	34
81	8
67	42
10	6
23	3
25	3
76	27
40	21
10	22
17	772
12	2
57	155
32	35
83	87
32	23
43	8
95	127
69	33
58	24
97	7
44	48
33	47
42	6
7	4
65	11
7	5
25	8
72	41
21	25
57	6
85	18
7	11
73	1
43	11
57	2
61	4
64	36
23	4
69	15
60	18
55	14
13	31
80	3
39	3
42	2
55	25
45	13
9	1
88	95
99	1
95	2
95	19
4	1
67	1
45	13
10	6
43	12
30	162
10	93
25	3
14	2
82	13
40	46
79	14
45	4
22	558
87	8
1	4
85	43
67	7
96	5
80	4
1	212
11	78
81	3
14	7
65	3
56	2
88	4
34	9
62	93
23	1
23	1
43	7
93	492
87	61
40	91
77	4
32	10
50	313
25	8
10	55
61	14
97	22
51	1
33	1
89	1
13	9
82	35
69	41
19	42
62	16
78	45
49	1
77	4
24	8
65	63
94	27
51	6
74	2
73	1
65	26
12	14
24	1
87	9
19	21
3	1
14	3
69	7
40	5
13	36
50	40
49	57
54	25
37	1
3	1
36	11
22	49
48	70
44	1
92	5
39	34
41	2
26	13
15	8
10	2
33	19
55	3
6	2
35	1
87	1
3	2
56	5
74	4
24	9
38	1
79	11
13	28
80	1
32	9
8	3
24	6
4	140
76	14
39	2
51	15
46	36
51	3
80	3
57	17
93	10
69	1
73	19
93	14
72	23
50	21
70	19
22	9
4	209
82	17
6	1
70	8
36	2
56	83
48	13
69	4
9	8
62	117
18	46
86	31
83	1
71	1
60	2
76	12
88	3
8	9
40	10
100	14
54	58
93	7
71	1
45	7
50	1
64	14
64	4
60	6
88	14
49	3
74	7
14	9
33	13
58	3
54	8
99	57
15	59
60	20
56	12
68	10
61	38
24	4
84	17
22	3
64	23
21	7
47	77
50	18
59	3
51	4
67	4
19	3
97	56
18	91
81	4
57	50
15	4
17	8
14	16
20	57
9	4
66	21
26	40
33	7
25	1
48	1
89	75
23	48
47	5
36	95
24	3
71	92
23	4
40	15
78	64
17	10
52	2
92	10
100	31
65	19
63	4
66	12
81	58
87	4
80	3
57	3
66	3
45	69
66	1
28	5
96	41
80	4
29	47
75	30
51	12
3	3
2	8
16	6
60	6
60	5
76	1
45	26
95	36
34	9
26	30
55	1
9	7
19	2
9	1
17	3
84	43
23	15
91	19
71	5
44	27
92	10
98	9
64	39
77	44
55	1
62	6
74	63
95	490
6	14
37	135
61	95
93	12
8	54
25	102
36	2
12	2
38	7
66	45
4	94
2	245
48	3
67	139
32	10
65	1
15	2
11	59
24	19
61	3
37	334
13	12
4	4
2	4
84	40
99	17
62	27
97	10
63	9
82	3
75	119
35	21
99	2
67	33
100	28
58	45
64	4
12	6
46	179
64	12
33	1
20	11
62	2
6	2
30	8
21	37
86	8
96	11
53	6
58	2
92	4
44	3
89	187
26	24
73	33
14	26
3	32
2	11
100	4
43	1
46	12
88	8
70	3
67	7
48	9
30	8
43	2
98	221
80	8
16	23
16	3
8	1
66	18
85	10
20	1
50	11
41	3
100	3
24	120
88	10
45	1
14	22
90	110
21	20
86	11
73	136
21	3
70	20
45	82
54	4
32	16
32	28
44	25
39	3
52	19
93	32
95	20
87	51
70	6
4	56
47	3
8	9
12	127
4	7
83	15
71	30
64	116
42	31
89	19
77	28
58	10
88	2
28	8
87	185
86	27
55	2
22	4
51	2
43	65
40	33
63	12
42	1
67	7
37	22
67	7
47	6
87	14
75	3
60	386
14	1
55	2
29	19
34	10
60	7
32	10
52	1
12	3
77	29
80	3
33	20
30	27
22	1
64	4
33	1
61	4
72	47
70	5
42	68
78	53
30	9
99	78
60	9
77	10
40	4
100	1
55	36
54	6
49	3
76	39
44	282
83	25
51	1
67	12
6	1
45	67
10	72
67	312
57	509
4	5
4	1
71	1
84	10
37	4
93	45
18	24
49	4
55	4
4	27
95	2
70	90
96	28
87	1
47	4
61	7
91	38
56	2
73	2
85	20
76	18
74	4
68	5
44	3
76	105
96	46
8	76
14	5
43	3
20	40
94	10
42	16
96	6
45	199
92	9
82	12
61	11
63	47
80	14
50	59
57	43
81	6
61	16
22	28
97	7
43	9
74	25
26	120
37	1
89	8
2	18
47	8
76	1
90	15
19	257
66	1
88	16
43	14
92	6
51	33
6	28
30	1
33	1
99	6
77	3
100	18
57	478
92	6
7	10
91	9
24	1
4	16
2	1
10	1
11	2
32	32
9	23
98	1
69	13
13	40
35	11
23	86
58	118
76	2
99	20
44	7
26	2
36	18
94	93
23	10
9	10
23	1
19	1
9	28
19	7
32	5
33	26
45	8
72	2
9	22
41	416
96	12
99	7
44	12
29	8
47	5
24	3
54	2
92	3
81	57
35	2
16	1
17	132
8	2
83	11
63	35
67	25
41	2
41	5
9	9
54	87
58	4
28	4
70	1
76	10
82	10
13	102
28	67
8	2
22	7
2	2
16	1
93	23
38	100
44	6
6	6
5	61
77	95
29	3
4	2
48	7
18	13
85	4
93	21
32	24
85	16
1	11
58	12
60	22
31	17
44	1
3	48
3	4
33	11
76	7
39	20
76	15
87	1
54	1
55	39
45	7
74	17
42	55
90	31
77	5
7	2
60	13
73	9
39	298
44	1
44	3
89	7
91	3
82	12
6	76
32	2
74	12
98	26
36	2
20	10
11	5
37	1
35	1
31	9
65	3
39	110
9	30
30	8
6	3
94	3
46	7
64	1
30	7
37	9
1	18
82	16
82	6
81	2
78	3
92	7
89	19
53	3
62	65
99	2
92	5
82	62
69	9
59	28
10	3
67	5
3	14
25	2
69	16
55	3
19	3
39	3
80	5
8	6
24	3
64	1
50	30
55	17
93	2
68	11
60	3
16	114
34	11
49	8
48	6
100	12
52	133
78	14
81	2
28	70
43	8
23	7
87	5
62	5
42	28
38	1
15	25
66	3
97	756
1	82
20	16
10	4
90	1
6	11
24	2
77	6
76	17
62	9
28	12
46	9
56	1
73	3
87	86
21	10
3	25
27	2
73	12
96	16
27	3
83	34
87	2
19	29
62	143
76	3
8	5
61	7
3	38
85	13
22	7
72	1
78	8
97	3
38	1
64	13
46	4
17	13
10	20
45	9
19	3
16	3
93	1
41	102
61	20
37	17
81	12
58	3
10	1
61	4
98	11
14	62
22	5
78	14
16	49
58	64
95	591
12	23
100	11
34	39
80	10
94	10
30	9
23	97
56	3
89	13
10	6
100	2
83	4
66	64
52	15
36	8
95	34
84	5
3	35
6	2
87	3
95	3
1	118
10	29
3	53
14	2
3	4
95	13
90	5
87	7
35	1
38	2
73	47
28	2
39	32
58	1
36	2
97	3
20	8
96	2
56	18
85	1
74	18
95	20
44	35
8	2
6	17
11	4
18	3
6	30
27	4
85	3
66	2
1	101
86	21
10	77
9	24
51	44
25	62
49	5
29	4
98	6
52	342
64	1
50	14
29	19
31	2
89	3
45	48
84	3
37	15
75	4
87	8
79	8
21	3
31	6
34	4
35	7
39	6
7	6
67	4
15	3
52	22
45	12
96	36
30	10
73	68
81	25
81	6
73	16
38	14
2	35
34	6
9	8
86	2
12	2
53	80
100	53
85	4
52	6
76	30
16	65
37	26
10	6
59	16
23	2
41	17
20	6
64	4
98	8
46	11
100	24
40	10
6	5
95	82
4	171
89	15
21	99
18	31
47	32
67	7
73	9
44	13
33	14
75	27
55	1
91	6
21	9
57	2
54	6
82	9
24	4
79	119
100	4
77	4
72	12
14	3
54	4
91	4
16	12
67	142
36	4
80	6
39	5
82	6
38	6
52	1
38	3
8	6
78	5
82	1
30	22
97	5
55	18
20	27
52	2
96	7
96	52
43	10
62	15
30	16
92	3
63	28
63	37
17	2
57	3
40	19
96	6
73	4
23	46
24	2
30	56
64	4
45	53
63	363
35	1
56	62
24	6
6	282
91	8
77	10
75	18
36	1
52	2
23	10
52	52
3	60
68	1
62	3
77	1
21	18
19	27
88	2
45	234
80	66
70	201
85	8
24	9
65	1
80	8
5	3
37	118
16	12
26	4
20	42
4	158
64	16
68	5
15	3
47	54
51	6
2	8
59	5
55	9
4	83
61	19
69	1
68	47
1	1
64	5
46	3
11	3
40	41
11	1
42	5
100	3
24	8
78	3
82	6
56	55
71	15
45	23
13	91
27	29
8	109
36	1
9	3
65	10
76	12
54	43
35	13
60	247
10	9
91	1
73	11
28	11
62	19
34	7
36	3
42	20
1	5
100	53
74	3
9	16
91	4
69	10
71	1
35	24
17	14
23	1
23	10
84	16
74	26
61	15
28	1
55	198
30	280
89	54
70	27
56	94
62	26
88	7
4	29
65	27
99	12
12	89
89	5
56	6
15	3
26	3
69	10
74	16
38	7
52	36
62	3
70	1
83	3
59	139
31	29
9	15
14	9
1	132
67	7
67	16
23	28
27	2
23	3
40	2
65	15
18	3
2	14
4	15
48	2
21	13
89	2
10	5
100	106
55	2
69	8
51	56
64	24
85	1
28	9
98	11
18	4
21	58
58	115
54	5
38	17
86	68
6	10
80	14
60	5
23	27
7	4
22	11
1	10
9	2
81	38
23	2
77	13
69	43
19	7
91	5
100	29
34	57
75	6
63	4
48	7
14	7
58	10
76	78
93	43
90	11
94	50
24	26
59	2
56	4
70	52
84	3
27	3
27	90
31	11
39	9
73	4
83	295
92	1
44	7
46	7
61	15
48	30
13	14
80	6
34	12
66	14
70	18
35	8
45	2
36	5
94	1
87	5
94	7
38	42
14	5
21	38
26	127
62	31
26	18
58	1
41	8
29	264
15	139
10	2
79	2
93	1
58	10
99	32
61	1
40	9
24	9
52	20
32	224
39	5
5	6
69	44
70	65
59	159
63	47
46	1
66	3
64	17
74	2
25	1
2	6
12	4
28	17
26	64
27	11
68	22
11	3
31	31
36	5
16	50
10	38
90	5
55	4
1	3
67	46
14	185
45	47
45	41
39	202
82	11
85	41
51	2
89	9
26	2
22	12
26	1
58	89
9	32
20	7
40	1
38	11
6	170
29	14
5	2
71	3
87	26
87	12
53	49
21	7
4	2
23	47
25	43
96	16
43	4
46	8
53	56
38	3
68	2
59	11
88	19
10	1
39	4
14	4
27	11
21	5
29	5
11	531
26	25
90	10
25	18
54	19
22	24
87	15
61	6
13	10
78	12
26	4
74	1
59	6
77	6
82	9
73	1
62	47
1	8
70	3
38	66
55	7
65	12
1	36
38	2
77	23
91	2
84	34
96	2
63	174
73	23
81	4
39	5
47	17
45	4
17	2
38	1
45	1
11	6
83	23
62	5
16	79
64	868
67	3
44	11
83	29
25	81
13	16
57	15
54	1
74	176
35	22
44	24
16	13
28	1
7	547
8	4
44	58
24	5
34	6
38	1
35	28
83	19
29	25
5	62
44	34
8	17
92	86
61	1
9	62
9	11
80	1
88	48
43	3
32	5
82	46
95	273
87	21
62	2
21	9
100	26
47	4
94	2
58	2
48	183
93	2
33	492
76	24
46	12
35	10
93	3
49	16
35	7
20	9
1	1
65	4
56	40
7	28
52	1
6	23
82	1
59	151
73	6
37	4
51	2
98	28
90	13
33	3
33	22
23	9
44	1
33	21
1	1
3	26
55	11
55	93
9	30
53	108
98	13
2	698
12	4
42	24
97	1
29	4
78	39
61	74
90	6
76	2
85	655
98	4
38	85
79	7
68	72
31	39
72	13
12	4
83	27
89	9
79	29
59	16
20	4
81	2
17	8
56	1
35	3
43	5
9	12
70	13
8	10
41	10
85	39
66	17
57	1
50	10
23	2
42	594
79	1
7	9
31	24
99	42
67	25
88	22
66	2
2	8
62	1
4	4
46	3
16	19
75	3
36	5
73	1
42	3
51	6
50	1
62	10
97	1
41	8
6	57
46	5
31	11
1	3
56	1
55	2
47	31
88	11
29	8
11	4
66	32
70	97
94	3
15	39
63	15
78	23
13	1
80	5
33	32
33	2
26	8
11	59
19	15
58	6
61	7
17	7
32	22
93	10
21	9
71	1
13	4
56	8
23	13
25	11
14	8
95	42
96	3
15	4
6	6
13	8
95	8
95	9
66	14
55	1
93	44
22	7
24	24
35	12
63	14
53	59
67	23
19	19
55	128
28	325
8	16
29	23
20	2
31	127
10	5
75	17
13	4
63	3
76	7
34	5
7	2
66	6
36	2
87	6
20	166
1	1
57	23
32	54
4	12
65	2
99	5
18	5
39	7
99	1
29	1
4	1
70	8
61	9
56	6
47	39
17	2
57	16
80	18
1	12
1	3
47	2
55	174
62	63
97	73
59	10
44	9
64	30
34	2
23	2
27	36
19	1
72	3
15	5
14	12
34	29
31	102
65	19
49	1
30	6
37	8
25	5
53	1
50	18
64	2
30	82
44	1
84	2
74	38
67	17
65	2
53	52
36	3
85	247
94	25
32	6
6	313
66	6
97	23
96	5
38	7
54	7
25	32
49	97
87	4
37	23
70	10
51	17
57	148
41	5
52	77
35	30
33	5
67	182
67	11
92	39
90	7
38	20
82	18
16	6
52	24
23	12
44	1
78	5
11	4
53	19
95	5
23	2
39	8
7	16
2	38
62	8
43	12
9	4
36	26
95	44
27	36
59	2
94	2
21	4
7	17
71	1
12	11
79	32
82	2
59	1
82	7
78	8
70	4
51	4
62	17
43	2
15	21
10	20
42	20
16	10
55	78
52	3
31	9
20	4
66	494
50	7
50	10
23	4
18	11
76	66
70	6
19	20
75	1
96	112
63	12
67	3
49	17
35	10
99	4
94	6
35	24
63	3
22	104
7	117
9	56
70	51
3	103
66	16
20	3
97	1
24	6
99	10
85	2
2	5
90	4
99	3
89	345
12	11
49	31
1	8
51	1
40	94
10	49
34	72
18	5
11	91
98	3
16	49
45	6
17	49
15	2
61	26
32	8
17	4
41	3
90	2
39	27
48	5
37	2
77	29
63	4
98	1
99	124
94	9
81	10
80	1
81	3
50	4
16	2
45	10
35	405
51	5
14	7
21	22
78	30
56	29
87	1
4	8
66	2
31	9
63	2
93	2
54	15
59	3
11	7
28	2
88	2
19	20
75	111
3	2
40	1
49	46
62	18
15	4
53	3
77	25
59	9
13	1
14	20
32	32
74	1
21	329
37	2
66	3
30	3
19	14
77	13
50	3
71	16
21	4
13	15
93	7
69	1
82	690
28	20
10	5
23	24
67	32
73	3
74	8
52	6
74	6
11	8
70	13
39	3
59	15
91	3
21	3
7	12
45	8
18	19
40	6
40	122
51	1
37	18
65	5
19	6
68	10
12	1
13	1
31	35
52	143
25	66
85	10
77	16
70	7
87	54
86	5
14	6
37	4
11	4
90	49
90	1
62	34
97	53
3	20
49	6
53	4
30	7
56	25
17	6
4	10
33	72
32	5
76	106
100	45
72	2
18	25
1	81
14	1
57	49
28	16
25	1
29	10
68	32
16	2
13	29
91	13
59	23
95	1
42	12
71	754
86	4
26	59
71	20
87	3
10	7
83	17
46	1
40	7
99	5
1	20
25	4
9	19
14	3
16	35
1	1
20	1
78	86
76	8
88	8
74	150
27	124
84	2
18	2
89	3
30	33
80	5
80	18
89	41
42	57
100	6
94	6
32	7
68	1
18	12
20	8
57	11
50	16
70	30
14	16
87	3
46	15
1	15
5	5
70	501
96	9
92	1
92	1
59	41
33	11
18	40
22	2
98	1
13	19
42	17
76	17
73	12
98	12
98	35
65	4
52	18
88	1
1	2
70	1
90	50
39	5
6	9
33	1
83	33
73	21
27	61
56	66
69	8
76	5
54	2
85	3
53	2
53	8
3	33
64	4
80	8
3	15
15	12
92	35
83	97
73	1
12	5
61	3
80	1
98	6
80	7
94	26
6	4
37	1
24	42
52	28
6	1
88	30
40	40
69	14
96	1
84	15
72	3
39	24
83	3
39	11
69	4
46	2
30	7
35	8
38	2
56	31
92	5
67	15
26	3
57	2
79	30
80	13
39	7
4	2
57	1
36	16
74	191
3	13
19	1
8	2
75	6
50	15
62	28
52	38
54	3
12	69
52	2
85	39
12	16
64	32
30	8
96	1
31	1
10	5
39	33
56	1
36	57
82	11
73	13
88	2
94	11
10	5
93	3
87	4
34	12
75	40
100	10
70	71
20	1
83	1
100	5
23	39
96	16
36	1
42	448
46	7
73	36
83	9
2	45
20	11
71	55
50	14
16	3
5	19
1	6
97	3
77	85
40	32
28	90
92	1
98	26
7	3
96	29
87	45
10	21
84	38
52	1
55	1
3	19
5	3
49	26
55	10
25	166
49	19
69	2
24	2
29	342
39	2
70	8
73	1
83	10
64	12
88	1
4	4
80	1
44	28
61	2
5	17
92	5
88	8
45	24
29	11
92	7
1	8
44	14
41	5
80	1
63	4
73	3
60	6
78	14
83	80
53	2
75	2
93	3
8	10
25	24
14	9
8	16
77	36
90	1
81	6
24	19
39	19
61	6
51	10
4	36
27	2
73	61
5	73
67	3
5	8
52	7
58	2
87	5
62	87
55	4
48	10
36	1
78	11
87	32
37	2
66	1
51	14
68	153
6	91
70	329
24	2
32	1
32	2
20	7
46	14
86	10
56	20
31	208
21	11
66	79
63	3
73	11
20	3
19	10
26	5
86	14
62	4
34	8
35	49
38	7
79	12
24	31
96	299
19	1
75	19
26	5
66	20
2	6
41	33
61	3
12	2
67	12
15	49
70	9
53	1
32	179
81	1
68	180
13	16
97	87
74	5
28	1
71	2
28	1
52	13
29	1
39	6
40	3
46	1
6	1
15	4
32	2
48	2
76	34
90	5
51	52
45	32
6	78
58	107
29	5
74	3
77	9
3	4
16	32
77	7
50	38
62	44
90	2
85	1
21	1
40	16
40	3
1	2
2	2
31	31
24	131
39	65
67	2
19	4
94	4
7	1
90	3
28	4
80	30
100	51
89	1
76	27
75	6
78	292
90	66
6	10
15	1
16	93
90	1
14	195
81	7
29	5
91	7
53	2
20	1
23	8
42	8
93	2
77	8
92	61
29	7
31	25
45	3
75	1
33	78
20	19
60	29
87	11
57	10
72	3
94	4
40	16
95	1
51	6
53	22
42	6
42	1
75	32
70	3
76	26
41	2
19	4
48	4
1	23
99	2
35	41
22	6
26	47
58	1
92	8
21	22
43	37
56	11
5	1
70	42
31	30
27	70
61	1
9	1
81	8
90	2
98	1
42	3
79	11
3	1
9	2
54	16
90	12
73	2
39	16
73	4
4	1
74	5
77	6
81	15
41	7
25	7
81	22
65	2
68	1
33	48
95	27
32	123
51	9
29	4
49	39
62	9
4	4
20	15
20	23
90	12
22	10
50	2
35	2
64	186
85	186
82	55
86	9
62	36
68	8
77	14
95	3
72	2
76	25
30	24
43	11
7	21
88	8
17	2
73	22
76	1
80	3
88	1
22	1
4	5
43	1
9	6
21	1
35	3
23	4
43	6
87	1
80	5
8	28
96	20
80	2
41	1
79	8
27	4
30	10
41	16
62	139
61	24
81	3
82	27
62	1
20	1
28	7
22	2
99	23
18	39
91	9
88	4
87	5
21	2
96	3
91	3
61	73
94	1
97	6
45	12
2	4
58	4
67	4
15	1
99	2
47	4
91	41
10	11
52	9
48	9
42	5
7	2
41	2
43	1
27	4
99	9
55	17
61	57
87	4
90	1
60	3
26	10
23	18
30	1
68	2
25	36
66	6
63	3
35	22
47	5
96	26
94	9
53	26
74	156
81	14
77	2
100	12
93	39
93	9
99	1
2	10
21	5
58	4
77	3
39	4
57	5
72	196
87	42
8	5
15	1
24	60
32	7
97	15
48	14
50	9
100	27
73	3
22	2
54	22
73	12
25	241
30	40
31	41
72	9
77	6
30	62
29	2
74	1
36	77
65	23
70	13
36	4
36	5
71	9
59	1
33	1
77	22
31	33
79	9
49	28
40	9
6	3
90	2
44	14
51	17
10	8
23	15
14	7
5	15
99	1
31	4
99	8
93	3
66	79
35	39
77	3
43	1
41	1
12	4
8	40
43	2
86	5
65	15
75	11
86	227
37	5
55	8
27	15
67	2
22	19
9	10
74	5
84	19
34	2
1	12
13	3
10	3
64	70
100	11
48	6
62	10
58	44
22	28
67	2
80	35
41	15
43	13
91	986
84	2
25	6
17	65
31	2
39	2
53	10
83	8
28	27
87	17
63	95
72	9
47	2
74	1
91	62
5	4
93	13
8	3
23	10
59	44
3	1
46	1
39	2
58	2
75	4
54	8
3	50
23	2
28	9
88	6
11	8
50	42
31	1
76	38
34	1
6	8
35	21
94	29
35	26
91	3
46	87
50	6
21	16
96	4
19	11
18	3
26	1
36	4
77	6
9	1
97	2
49	6
20	7
55	17
44	241
63	1
93	4
36	4
36	3
13	3
66	4
35	1
50	1
51	9
84	5
91	182
76	69
14	45
32	13
49	1
65	5
63	73
26	5
22	22
80	1
19	12
16	9
40	5
78	21
46	10
48	1
93	2
74	1
69	6
26	12
31	54
83	40
99	1
90	22
73	2
58	6
66	1
99	13
42	13
94	24
89	442
75	1
19	1
38	8
57	5
8	99
6	15
32	1
51	16
28	17
94	20
70	185
9	8
16	3
96	5
89	117
6	4
16	15
62	1
16	45
68	3
57	3
65	13
29	16
60	2
42	2
92	4
65	1
82	5
50	1
45	21
12	3
52	78
79	21
32	259
35	9
68	4
24	1
30	19
99	7
59	7
46	2
54	1
49	4
46	8
16	1
91	2
44	18
6	11
59	69
67	9
40	1
35	1
67	7
66	22
56	3
9	24
25	9
15	6
1	3
75	4
54	13
48	5
59	1
71	17
94	2
61	49
23	8
47	3
14	14
58	16
35	1
74	42
31	771
83	11
52	38
52	3
26	13
54	14
3	2
52	4
12	5
32	12
62	7
27	4
89	4
95	54
1	45
85	21
9	18
15	4
28	12
17	6
16	120
40	1
45	5
18	1
6	21
94	9
79	6
93	5
56	23
46	25
8	9
92	53
49	3
79	6
75	17
33	5
16	17
11	37
67	4
68	77
33	21
43	6
85	3
81	2
23	9
1	2
8	2
97	4
1	28
88	15
22	3
68	40
97	8
49	1
62	9
87	26
80	2
56	17
65	1
57	2
66	15
20	8
100	1
32	23
94	1
78	2
44	15
4	57
26	160
2	32
19	13
80	109
70	2
14	73
75	3
24	32
26	35
64	83
62	53
80	25
66	63
22	5
5	35
48	1
80	111
21	4
42	28
47	1
39	43
96	11
30	5
4	39
13	3
36	11
14	7
28	14
76	11
40	1
77	5
67	1
40	7
5	9
43	393
43	4
16	6
98	92
8	27
4	58
68	1
45	4
59	1
12	21
25	26
18	757
41	16
61	6
75	13
65	9
21	15
50	30
49	18
32	2
1	6
28	4
31	23
1	5
49	9
26	8
66	303
78	1
31	6
38	7
56	6
26	13
62	2
11	7
26	20
18	2
81	50
46	104
70	1
3	8
61	51
42	29
24	2
83	440
10	80
63	25
23	11
40	46
14	28
45	1
95	12
17	395
60	6
90	3
11	54
50	3
73	10
100	3
14	18
53	81
55	3
87	3
54	1
12	6
79	8
59	9
22	19
53	19
89	3
13	22
86	34
74	19
57	6
57	11
7	6
93	4
76	2
89	7
9	1
1	4
60	17
12	29
85	4
14	2
10	13
24	12
92	31
5	21
73	15
69	3
22	6
40	1
44	14
31	65
32	4
90	90
89	11
72	1
69	1
50	44
14	90
73	31
73	2
4	61
41	6
76	13
37	9
64	2
48	332
35	3
24	1
70	1
78	4
40	2
29	6
24	9
65	1
99	4
28	61
34	74
26	45
34	14
76	79
46	21
42	23
54	6
5	86
32	29
19	567
31	2
12	9
92	41
53	2
13	17
96	2
52	7
7	1
87	169
86	6
9	13
13	7
96	16
88	22
2	17
50	42
56	42
38	2
90	49
89	2
22	73
52	1
56	3
61	15
95	55
75	11
77	11
68	1
7	48
2	15
12	1
91	4
17	1
66	8
70	198
11	22
89	2
67	64
23	21
38	9
77	2
72	4
54	16
76	21
46	100
67	29
32	5
28	74
37	12
57	5
50	35
100	10
33	8
34	618
97	3
77	19
39	29
25	2
39	20
4	1
80	1
98	14
31	12
63	37
22	8
25	1
39	1
61	3
94	31
30	154
20	30
62	18
6	76
54	3
41	6
84	1
78	21
84	1
58	20
28	6
17	11
53	4
80	39
30	466
10	4
15	11
17	14
91	1
66	882
69	16
52	2
79	6
85	10
42	7
59	20
24	89
24	16
82	16
93	32
29	9
74	13
36	2
71	2
15	3
74	5
95	15
87	13
58	1
86	8
65	5
19	225
19	39
69	3
98	32
15	1
67	6
68	22
81	4
32	2
27	10
30	1
81	36
45	10
91	41
89	2
73	90
48	10
54	3
48	16
28	13
80	10
54	3
48	17
37	6
81	3
35	23
35	174
29	1136
6	53
12	64
79	1
57	17
80	23
45	42
64	13
40	23
70	1
42	61
79	40
48	11
93	16
72	11
50	4
10	2
23	3
52	29
9	3
78	5
70	2
18	34
98	18
28	12
54	3
84	1
99	8
94	44
66	15
21	5
69	35
21	90
55	12
44	8
32	1
3	23
99	12
91	11
29	17
62	49
39	1
66	1
81	1
79	20
76	2
12	7
81	2
87	6
55	5
97	2
6	4
44	14
71	4
99	46
3	1
33	1
58	25
29	3
10	6
35	15
6	9
81	10
29	3
72	15
100	19
25	6
19	25
9	17
5	21
43	6
19	3
100	4
78	1
17	9
87	37
75	37
100	12
29	15
73	181
15	9
20	2
77	3
63	20
30	46
95	11
74	4
51	16
93	10
54	8
18	242
12	12
84	1
99	2
43	14
16	20
95	6
100	77
24	23
59	18
28	1
28	9
19	44
79	39
58	7
24	8
75	5
20	20
51	21
74	38
41	23
2	9
75	1
10	40
62	30
6	1
26	1
46	9
15	11
58	9
59	1
52	28
69	59
95	3
40	44
63	16
60	10
68	4
64	2
35	19
49	14
70	4
25	6
21	27
91	9
15	51
64	5
86	60
88	9
54	12
100	68
60	7
80	2
45	1
7	3
72	44
19	20
33	1
7	8
86	1
88	7
98	3
18	47
86	3
63	21
32	1
6	3
26	1
69	2
32	10
1	7
87	3
95	3
66	23
76	5
98	23
3	15
17	3
29	1
76	2
96	4
58	11
50	16
38	15
56	11
50	5
23	3
28	8
6	8
18	1
48	10
48	5
61	50
21	5
22	1
84	4
55	19
71	11
27	5
27	22
29	23
39	52
11	3
20	2
14	3
1	5
55	64
14	9
17	10
7	1
34	2
7	8
83	48
96	1
37	7
44	270
49	7
19	7
51	38
79	10
30	2
29	490
79	9
2	1
28	45
85	1
3	62
100	13
20	5
46	2
69	3
24	1
22	2
80	2
36	2
40	50
41	175
1	8
61	37
66	30
14	4
100	21
44	2
53	40
95	2
22	23
39	9
84	11
43	14
36	16
77	2
94	1
46	7
88	198
100	18
46	33
58	17
29	11
96	1
16	1
30	476
57	8
86	6
32	4
7	13
57	1
45	4
100	15
48	9
99	3
95	15
11	3
41	6
53	1
23	36
78	4
8	19
24	52
77	1
72	6
25	2
19	12
82	21
62	6
9	1
27	13
56	3
55	1
28	6
84	7
30	5
6	12
98	1
34	5
36	27
61	122
37	1
81	29
49	1
46	89
7	43
63	62
8	114
10	34
79	15
89	19
57	2
97	2
75	16
83	57
86	3
23	53
74	146
39	2
1	5
82	1
7	1
21	1
65	13
53	6
26	30
51	5
39	8
91	53
28	13
75	6
68	114
87	1
56	4
15	34
13	2
63	7
93	20
86	17
16	2
100	50
83	38
78	7
49	4
85	4
92	17
94	5
8	7
53	12
57	995
71	1
15	10
41	10
19	13
16	28
19	19
78	10
17	5
73	73
74	2
46	3
17	2
28	6
70	16
91	4
51	4
100	1
97	30
24	12
21	3
52	1
57	14
40	11
87	4
95	4
21	4
28	18
30	7
17	344
39	3
29	18
71	31
54	4
71	27
85	17
71	11
30	16
68	1
4	5
84	7
65	2
89	1
93	4
51	2
69	3
67	30
78	1
29	1
55	2
11	2
90	3
26	217
60	26
91	1
46	3
61	6
78	30
6	21
19	17
31	40
97	8
87	8
86	17
57	35
14	181
79	32
100	3
25	1
49	33
22	23
40	4
8	21
82	2
92	51
73	7
90	22
71	3
95	5
91	2
97	144
71	1
10	3
83	18
81	18
100	50
78	10
87	15
9	4
54	2
72	94
73	18
98	1
37	133
100	9
96	3
83	8
26	2
87	3
78	24
92	15
72	6
69	3
9	2
30	53
80	1
39	6
61	2
47	301
33	1
29	98
97	2
45	35
55	3
83	11
2	33
14	4
98	73
83	2
62	2
68	14
64	3
96	8
98	101
25	3
92	12
57	17
68	1
63	2
84	3
58	2
74	35
9	1
4	11
76	5
6	17
9	41
5	39
97	12
51	10
84	53
78	9
82	2
93	21
18	4
92	8
64	1
46	35
87	14
67	2
18	3
9	48
93	8
35	4
67	1
13	62
78	11
93	2
34	3
55	2
64	5
79	7
63	5
3	4
29	2
64	15
92	9
77	8
37	20
24	1
99	1
56	27
78	4
87	3
85	25
67	24
92	5
79	3
72	9
55	1
1	6
99	82
90	8
28	2
41	6
32	3
39	4
66	5
38	59
32	1
98	10
74	146
46	9
94	4
84	57
69	13
66	6
27	3
97	7
84	17
9	11
27	2
5	19
67	9
49	20
68	2
99	6
38	9
44	39
13	11
79	9
14	9
52	5
3	12
98	8
37	13
5	2
57	31
7	108
56	31
25	7
4	8
16	1
67	1
72	9
90	1
11	11
98	1
99	2
62	1
39	15
54	4
12	67
56	5
37	8
25	3
38	1
83	1
73	9
63	309
79	12
98	24
11	27
3	9
99	1
57	38
13	33
84	2
24	17
95	2
54	6
20	31
3	3
95	1
3	1
71	19
13	18
71	9
15	1
83	13
41	25
54	12
2	13
81	29
79	68
85	27
50	1
26	4
58	24
27	6
29	9
42	2
17	4
67	6
88	83
48	11
40	2
37	13
41	41
18	28
96	4
3	31
57	3
48	110
100	2
75	9
76	6
24	4
31	3
27	30
42	29
2	2
78	26
74	2
6	190
88	15
96	1
97	16
70	5
19	13
71	37
48	17
64	6
89	31
12	4
15	27
92	6
38	7
5	1
90	2
6	1
11	30
19	2
6	50
4	6
8	12
20	3
71	11
77	3
80	1
78	20
45	19
62	9
42	21
45	2
28	8
60	47
4	2
98	19
18	389
84	6
78	2
32	2
89	2
10	9
100	54
13	3
8	4
78	1
44	31
31	6
24	1
9	1
21	3
87	208
10	2
63	6
76	3
86	12
7	8
35	1
82	8
2	3
73	46
41	3
4	2
39	24
14	336
6	7
57	2
71	10
66	14
53	32
84	40
57	2
85	26
47	22
91	79
59	20
78	21
83	2
71	10
61	13
19	14
69	8
62	17
93	3
76	6
69	57
86	14
100	1
20	1
89	1
94	9
77	1
98	2
57	24
31	3
55	1
86	49
76	6
14	2
75	2
16	17
52	1
23	11
23	8
49	10
4	3
62	11
70	35
90	41
31	56
94	8
21	27
60	2
78	4
67	23
65	12
98	2
34	8
71	25
63	1
71	33
65	10
50	4
43	2
11	24
11	1
9	3
35	3
30	11
92	14
16	1
29	1
76	47
33	92
70	20
69	7
17	41
24	48
19	38
56	11
90	4
85	8
52	7
18	3
30	9
28	52
70	1
10	3
70	1
95	14
93	3
83	3
47	5
26	11
76	12
46	33
51	2
68	5
48	2
35	290
46	14
26	21
22	37
64	13
32	23
33	1
72	4
84	24
26	23
35	11
94	1
18	18
9	29
97	4
22	16
36	13
97	8
86	5
99	10
12	3
58	3
6	4
15	5
46	62
50	8
41	7
59	3
38	35
95	11
74	7
69	8
34	2
22	41
86	1
19	17
3	1
97	4
4	4
49	7
51	6
81	19
41	6
52	27
10	141
65	30
13	61
97	595
54	18
69	6
42	19
40	14
15	4
56	26
46	1
24	3
2	50
90	2
47	7
73	2
39	17
44	21
73	166
2	5
9	6
17	8
61	1
46	2
43	12
98	5
57	4
36	9
28	7
4	21
18	7
35	1
16	41
12	26
17	1
18	9
86	2
27	38
93	1
74	1
77	11
75	4
95	3
95	22
38	10
48	6
78	14
16	10
11	1
85	13
43	7
4	3
88	4
74	6
6	1
67	3
69	1
19	8
6	25
37	1
63	1
3	17
70	2
36	18
48	30
7	435
23	4
17	1
43	186
94	115
89	9
83	3
57	1
24	1
66	11
10	6
48	40
23	8
33	13
96	45
78	4
21	78
15	4
14	4
31	10
10	19
71	2
29	4
44	4
94	6
64	5
92	1
66	1
27	188
72	11
81	3
28	1
53	57
41	14
3	2
28	2
91	4
7	3
30	21
22	63
63	21
25	3
47	7
20	48
91	4
47	453
44	1
23	26
19	4
65	3
34	5
37	1
94	32
46	19
46	13
45	4
56	124
66	1
62	3
27	6
28	181
22	45
50	3
70	44
59	21
94	6
30	18
20	8
73	5
98	13
36	8
30	6
15	2
46	11
80	28
28	74
1	2
82	5
97	62
22	4
89	3
98	1
97	10
93	7
86	69
91	4
83	17
16	3
14	51
73	10
89	10
5	4
52	7
90	30
41	2
54	6
30	2
51	192
72	16
99	2
84	62
82	4
60	9
15	1
10	1
70	33
42	180
38	6
16	4
93	9
42	11
89	11
50	35
49	95
34	21
30	9
87	6
36	3
7	66
23	2
93	12
17	76
70	14
27	41
85	1
44	10
18	51
49	33
24	183
87	6
96	31
26	10
78	1
80	1
15	3
4	4
46	15
40	13
78	7
3	9
90	7
92	2
82	27
25	34
89	1
66	5
31	1
67	11
4	16
44	3
100	6
76	5
72	3
63	15
33	42
15	36
14	16
80	2
97	23
56	54
67	2
70	3
12	1
4	8
33	5
84	2
99	12
28	116
25	5
22	10
6	40
83	13
93	11
71	1
18	1
75	12
99	5
80	4
31	3
28	1
35	13
95	12
73	3
54	9
64	10
58	1
63	1
44	249
55	15
44	6
92	27
56	2
13	1
51	64
22	23
58	2
40	2
92	4
77	8
60	11
72	16
13	1
10	9
40	6
22	12
87	36
5	5
54	22
81	34
12	8
33	61
14	19
72	54
35	15
50	33
92	24
63	18
6	8
12	12
87	5
80	17
97	2
67	3
6	15
5	4
5	5
38	10
60	10
22	1
61	19
39	7
95	33
8	4
73	312
49	9
51	10
85	5
16	9
48	3
2	26
38	2
40	33
75	7
87	3
44	9
23	12
52	3
36	28
21	5
30	16
19	9
100	2
31	3
6	12
36	179
34	4
16	9
3	1
76	6
89	26
41	53
53	1
80	8
54	5
48	2
72	133
67	22
21	1
86	1
78	8
88	5
98	63
88	65
44	21
42	32
33	63
95	2
77	12
77	6
29	10
65	11
42	25
70	3
79	4
91	8
81	8
71	5
32	2
82	26
24	23
10	39
56	8
45	2
33	2
14	6
49	5
60	9
8	8
55	18
89	30
45	5
26	5
50	1
76	24
35	18
6	1
59	1
4	2
97	3
28	3
97	10
87	1
18	4
90	5
35	3
21	6
2	4
98	35
55	3
86	2
76	22
38	6
57	2
89	3
29	5
15	6
44	7
86	9
51	26
86	15
56	5
16	35
4	5
11	2
91	8
4	43
40	2
4	1
85	3
52	8
11	9
91	1
71	18
20	14
54	13
57	13
14	18
69	1
90	10
32	7
27	5
49	4
79	8
17	8
99	3
28	1
38	2
68	68
45	30
32	11
47	23
58	21
13	2
33	16
57	10
33	4
2	7
53	3
89	1
95	1
41	7
48	74
44	31
42	7
5	88
38	2
14	5
15	15
25	1
31	2
63	19
67	19
99	106
96	70
92	8
74	1
15	29
14	21
40	12
98	11
81	63
47	10
33	1
23	9
7	11
89	33
71	5
85	2
78	44
8	6
21	9
53	21
53	5
93	82
73	66
88	12
76	9
98	14
98	5
17	25
76	6
77	2
64	14
19	13
40	4
14	2
58	4
46	2
84	10
6	2
83	1
9	13
30	6
70	37
78	239
82	15
94	9
3	6
70	4
3	19
98	1
72	4
34	1
16	4
11	1
76	3
17	3
3	30
94	2
24	2
9	3
79	38
67	1
64	5
5	1
97	3
85	6
8	5
90	26
90	14
48	12
93	37
53	129
62	95
19	8
20	7
95	128
34	11
83	9
97	29
18	8
41	2
14	9
24	1
24	23
54	13
30	1
35	32
46	2
32	77
86	380
95	3
54	10
44	4
80	13
75	43
38	3
99	8
64	3
57	54
86	3
9	12
60	16
50	6
44	17
73	109
36	11
64	4
51	16
77	1
99	9
27	11
70	7
90	17
98	3
71	22
8	35
50	16
27	19
76	1644
32	58
54	4
70	3
8	5
23	20
50	2
38	8
61	19
4	2
92	8
48	1
87	4
98	3
26	11
39	4
45	45
52	23
89	99
66	13
93	20
83	5
13	13
73	34
31	2
76	8
80	1
41	6
82	16
54	23
13	5
59	16
14	1
58	16
34	2
1	1
14	6
71	5
59	7
4	3
70	21
67	25
5	124
67	9
96	3
44	90
64	6
68	11
15	2
83	25
99	9
78	1
22	37
91	35
95	5
73	3
76	1
65	1
98	12
66	93
3	1
53	9
15	12
47	10
45	5
81	2
17	15
7	15
11	3
70	58
94	3
21	14
32	8
49	13
16	1
22	4
26	18
36	34
45	536
73	8
15	1
84	2
15	1
73	21
91	5
82	23
87	6
53	9
39	6
99	1
18	3
24	6
97	15
35	11
97	65
82	17
11	1
94	29
58	68
2	8
11	2
84	15
89	29
14	36
40	3
33	2
35	1
51	2
71	8
72	10
43	3
30	13
73	4
79	15
92	5
82	11
67	2
50	31
4	7
33	41
27	22
3	13
26	1
44	3
90	15
67	9
71	328
85	13
74	11
24	15
47	7
18	23
73	1
19	1
81	8
22	33
20	9
72	22
29	25
97	27
81	14
49	5
62	1
97	11
52	125
51	24
77	2
62	4
86	3
29	88
35	11
29	13
78	6
3	12
66	6
23	3
61	3
52	1
8	8
8	4
67	12
9	1
29	7
48	1
54	34
83	8
29	20
46	3
14	44
63	7
46	11
28	9
60	5
31	3
26	27
30	190
99	5
91	7
13	11
44	49
17	3
58	23
41	2
3	6
2	14
37	18
2	11
56	8
95	5
80	23
79	146
68	37
99	1
7	1
100	3
29	6
79	1
14	3
92	3
25	1
33	17
91	11
76	3
99	2
87	46
46	9
91	13
45	13
23	5
52	8
52	3
91	10
21	9
1	10
23	3
4	37
89	2
94	11
95	1
38	16
74	7
49	141
47	28
4	19
47	42
96	11
90	6
79	24
93	3
21	3
59	1
22	6
73	2
15	4
59	4
51	28
86	6
47	3
95	2
57	2
9	5
90	2
41	6
60	39
51	17
100	7
8	6
8	1
88	56
99	2
25	1
29	13
52	28
98	23
28	12
87	11
58	4
38	4
96	8
83	17
28	11
60	16
2	11
67	7
41	4
86	38
17	1
79	3
92	2
66	6
29	1
7	9
31	2
36	82
92	4
29	9
99	2
6	2
54	1
93	4
88	1
11	8
96	2
76	13
64	3
58	1
48	4
30	1
12	1
9	11
82	19
27	13
24	2
83	7
4	5
75	1
5	63
99	7
25	4
90	1
67	45
83	3
16	15
45	28
28	2
86	3
93	191
92	77
44	37
96	7
53	1
89	22
58	12
60	8
14	14
73	2
49	27
94	4
71	4
46	6
94	13
11	32
43	2
5	3
81	1
84	18
74	3
94	1
64	12
17	18
6	24
8	50
49	4
21	2
43	6
69	8
2	5
26	5
86	11
82	12
83	2
54	3
93	2
91	13
4	13
84	2
49	1
15	2
45	1
67	1
57	370
27	4
19	138
2	19
87	10
25	4
3	36
76	8
77	2
55	5
26	12
40	4
34	1
22	6
45	54
68	4
27	1
59	11
51	1
52	16
98	49
57	4
6	60
99	4
2	12
65	26
96	13
52	14
62	91
10	22
65	23
10	1
23	3
88	3
31	65
13	5
67	32
32	1
53	4
57	5
87	2
85	81
76	11
14	4
