Tamanho    Peso
1070  36851
1071  36801
1074  36741
1069  36657
1068  36667
1075  36811
1067  36752
1069  36725
1072  36666
1064  36794
1065  36703
1077  36675
1070  36800
1072  36618
1074  36697
1066  36787
1067  36735
1064  36713
1069  36846
1067  36847
1067  36672
1072  36677
1069  36616
1071  36696
1069  36669
1070  36861
1071  36685
1066  36677
1072  36866
1069  36761
1057  36537
1070  36778
1072  36597
1070  36743
1068  36662
1065  36668
1066  36710
1069  36815
1068  36629
1073  36645
1067  36651
1072  36848
1070  36670
1068  36679
1071  36711
1065  36728
1060  36600
1067  36774
1073  36815
1071  36931

Time taken: 24
