***********CONSTRUÇÃO**************
ANTES | DEPOIS
0.391044   0.213409
0.390933   0.215978
0.391518   0.215836
0.391154   0.212666
0.390478   0.210442
0.390158   0.210674
0.39181   0.210512
0.390802   0.210507
0.392611   0.210886
0.39148   0.211909
0.391128   0.211467
0.391534   0.217528
0.391448   0.2144
0.391527   0.211166
0.391734   0.209776
0.391617   0.210468
0.391783   0.210438
0.38979   0.210271
0.391201   0.210941
0.390893   0.211999
0.392794   0.211428
0.391648   0.216852
0.392119   0.214995
0.391027   0.211077
0.391267   0.210509
0.390259   0.210169
0.391144   0.211177
0.390887   0.210471
0.39261   0.210701
0.390528   0.211996
0.392141   0.211153
0.390729   0.216521
0.390275   0.214048
0.393529   0.211834
0.389364   0.209765
0.39136   0.210326
0.3913   0.21048
0.391295   0.20994
0.392942   0.211026
0.39005   0.211382
0.390803   0.21156
0.392193   0.216882
0.390153   0.214444
0.390928   0.211245
0.391987   0.209905
0.392665   0.209847
0.389458   0.210209
0.389706   0.210024
0.391531   0.210004
0.391705   0.211735
***********BUSCA LOCAL**************
ANTES | DEPOIS
0.851953   0.191147
0.763391   0.194795
0.854458   0.191867
0.758545   0.288103
0.66656   0.385148
0.5749   0.188507
0.67139   0.194493
0.282009   0.195141
0.75452   0.193101
0.754473   0.384907
0.573101   0.286297
0.666562   0.193719
1.05144   0.189599
0.570846   0.387016
0.477181   0.285326
1.22682   0.191149
0.666839   0.486716
0.571314   0.289358
0.470224   0.287406
0.381795   0.190859
0.37876   0.191403
0.659489   0.191678
0.663806   0.191452
0.569446   0.285997
0.66568   0.192903
0.3811   0.1958
0.556982   0.185518
0.480521   0.194792
0.761631   0.190738
0.76037   0.195775
0.569658   0.383155
0.663643   0.478462
0.281575   0.291033
1.04449   0.189944
0.468869   0.191656
0.470235   0.184783
0.562825   0.191338
0.957584   0.190981
0.568818   0.190622
0.757967   0.662814
0.570167   0.379367
0.664728   0.285521
0.377376   0.291454
0.374299   0.193017
0.575186   0.384252
0.576675   0.192292
0.570918   0.387104
0.770227   0.29101
0.381844   0.194017
0.379405   0.389171
