Tamanho    Peso
1710  56368
1692  56617
1714  56403
1703  56421
1700  56158
1717  56624
1698  56572
1697  56278
1703  56483
1715  56209
1703  56273
1703  56368
1694  56137
1712  56563
1720  56374
1704  56041
1703  56663
1717  56596
1718  56687
1692  56422
1697  56619
1698  56425
1700  56087
1687  56780
1703  56244
1692  56305
1701  56405
1717  56627
1698  56067
1710  56224
1695  56110
1703  56607
1698  55879
1702  56758
1693  56316
1723  57149
1699  56232
1699  56158
1717  56548
1696  56854
1705  56178
1715  56123
1703  56412
1722  56558
1713  56404
1711  56230
1725  56451
1691  56406
1711  56489
1711  57095

Time taken: 229
