***********CONSTRUÇÃO**************
ANTES | DEPOIS
0.215725   0.143325
0.215982   0.140258
0.214699   0.103891
0.217582   0.103298
0.215382   0.102762
0.21618   0.103993
0.21469   0.101585
0.218935   0.103423
0.2147   0.103069
0.21371   0.104085
0.213292   0.139287
0.214451   0.139663
0.21577   0.103742
0.215194   0.103486
0.214691   0.102941
0.218016   0.103934
0.214936   0.101388
0.211429   0.103356
0.216652   0.103246
0.214811   0.103998
0.21697   0.139142
0.21612   0.139467
0.21487   0.103684
0.213843   0.103273
0.218271   0.102732
0.215303   0.104154
0.215024   0.10149
0.214724   0.103265
0.215628   0.103172
0.214439   0.103825
0.215229   0.13941
0.217903   0.139656
0.215033   0.10367
0.213936   0.103439
0.217226   0.102785
0.2159   0.104079
0.215362   0.101486
0.218239   0.103278
0.214078   0.102995
0.215945   0.10403
0.215193   0.139275
0.215063   0.139165
0.214598   0.103753
0.212788   0.103545
0.215879   0.102732
0.215613   0.104007
0.216269   0.101545
0.21696   0.103321
0.215916   0.103209
0.215431   0.103894
***********BUSCA LOCAL**************
ANTES | DEPOIS
0.11819   0.135673
0.128133   0.117687
0.125055   0.131079
0.127651   0.130174
0.122747   0.127005
0.12813   0.124632
0.11724   0.131395
0.120911   0.14052
0.127155   0.137905
0.127014   0.138707
0.128313   0.129926
0.124065   0.123841
0.125946   0.127285
0.133958   0.126305
0.129519   0.127284
0.249181   0.125899
0.132907   0.132063
0.121161   0.128601
0.129649   0.127059
0.129009   0.134417
0.123933   0.135443
0.119362   0.134516
0.118787   0.128239
0.127452   0.124684
0.11991   0.126918
0.115893   0.128729
0.124323   0.142561
0.114175   0.142099
0.122081   0.126219
0.117087   0.129522
0.134808   0.136354
0.12233   0.122957
0.128433   0.124915
0.121782   0.129497
0.118562   0.124981
0.129498   0.124821
0.130446   0.124431
0.126496   0.135713
0.127618   0.135453
0.119334   0.135073
0.11791   0.124699
0.133775   0.135965
0.121811   0.131231
0.124354   0.126073
0.119916   0.134572
0.13415   0.137514
0.121591   0.126163
0.12789   0.132775
0.115562   0.135504
0.122932   0.138117
