***********CONSTRUÇÃO**************
ANTES | DEPOIS
0.480055   0.305583
0.478357   0.304249
0.480916   0.303451
0.480928   0.303359
0.479635   0.293345
0.479892   0.30174
0.481384   0.290275
0.479631   0.304749
0.480114   0.301949
0.480969   0.303288
0.481734   0.302926
0.480237   0.303506
0.479104   0.30368
0.479754   0.303977
0.480894   0.294343
0.480271   0.302207
0.480968   0.290579
0.480204   0.304972
0.480284   0.301861
0.480623   0.303058
0.48009   0.304009
0.479587   0.304196
0.482143   0.303733
0.479627   0.303808
0.479714   0.293699
0.479703   0.301605
0.481652   0.291282
0.480238   0.304638
0.481635   0.301735
0.480826   0.303727
0.481018   0.302873
0.481117   0.303314
0.48033   0.303057
0.480107   0.303783
0.479946   0.293204
0.480739   0.301879
0.481538   0.291076
0.480183   0.304003
0.47961   0.302287
0.480528   0.302349
0.480016   0.303924
0.480584   0.303482
0.481384   0.303494
0.481637   0.303796
0.481714   0.2942
0.480359   0.301298
0.480798   0.291873
0.480071   0.304106
0.480522   0.30223
0.480635   0.302684
***********BUSCA LOCAL**************
ANTES | DEPOIS
0.622133   0.252425
0.887423   0.260043
0.628154   0.381906
0.762065   0.255231
1.00982   0.257082
0.644828   0.259475
0.76613   0.250578
1.1433   0.387703
0.762011   0.254996
0.628785   0.379891
1.53787   0.259356
0.760693   0.257648
0.874611   0.254776
0.637685   0.383024
0.760962   0.383181
0.761102   0.259669
0.504996   0.249239
0.635008   0.260033
1.53887   0.389291
0.513919   0.512488
0.637107   0.254134
0.630249   0.51704
0.759915   0.256279
1.01965   0.645507
0.63569   0.258894
1.01726   0.255855
0.878514   0.258653
0.510927   0.25575
0.501721   0.261393
0.885857   0.256285
1.53379   0.387692
0.762274   0.249544
0.630558   0.257135
0.75931   0.38983
0.760328   0.256095
0.751729   0.25433
0.373255   0.258098
0.628774   0.25679
1.14744   0.256258
0.50364   0.260548
0.37253   0.252063
0.638337   0.509316
1.14164   0.252516
0.753479   0.511409
0.636914   0.254389
0.882453   0.259597
0.634058   0.253109
0.50467   0.7681
1.01421   0.252918
0.887641   0.257211
