78 81 275 448 625 756 918 972 1385 1650 1892 1931 1935 2039 2062 2071 2091 2413 2621 2669 2784 2793 3213 3525 3528 3533 3576 3607 3694 3796 3797 4040 4068 4409 4508 4807 4881 5085 5139 5203 5342 5364 5547 5783 5798 5876 6140 6178 6541 6565 6640 6747 6958 7279 7323 7505 7567 7607 7644 7658 7666 7716 7886 8248 8438 8715 8756 8862 9164 9479 9612 9683 9830 9935 9942 10093 10286 10309 
38 78 81 269 275 448 756 918 972 1209 1247 1931 1935 2039 2062 2071 2091 2187 2413 2621 2669 2784 2793 2969 3213 3528 3576 3607 3694 3703 3776 3796 4026 4068 4114 4344 4409 4508 4626 4807 4881 5085 5139 5203 5342 5364 5547 5783 5798 5876 6140 6178 6299 6565 6747 6958 7045 7279 7567 7607 7623 7644 7666 7716 7886 8003 8248 8438 8570 8715 8756 9164 9479 9683 9830 9935 9942 10093 10286 
78 81 275 448 918 972 1247 1385 1650 1892 1931 1935 2039 2062 2071 2091 2231 2669 2784 2793 2969 3213 3525 3533 3576 3607 3694 3703 3796 3797 3851 4026 4040 4068 4114 4344 4409 4508 4807 5203 5342 5364 5547 5783 5798 5876 6140 6178 6299 6565 6640 6719 6747 7279 7474 7567 7573 7644 7666 7716 7886 7963 7994 8003 8169 8248 8438 8570 8664 8715 8862 8888 9164 9354 9479 9683 9830 9935 9942 10093 10286 10292 
78 81 269 275 448 756 918 972 1385 1439 1892 1931 1935 2039 2062 2071 2091 2413 2629 2669 2784 2793 2969 3189 3213 3528 3576 3607 3694 3703 3712 3796 4040 4068 4074 4172 4344 4409 4508 4512 4807 4881 4930 5085 5203 5342 5364 5547 5783 5798 5799 5876 6178 6517 6565 6640 6747 6958 7045 7279 7485 7567 7573 7644 7666 7716 7886 7994 8248 8361 8438 8570 8664 8715 8756 8957 8967 9164 9479 9612 9683 9830 9935 9942 10092 10093 10286 
78 81 275 448 625 918 972 1650 1931 1935 2039 2062 2071 2091 2187 2784 2793 2969 3189 3213 3525 3528 3533 3576 3607 3694 3796 3797 3851 4040 4068 4074 4114 4409 4508 4626 4807 4881 5203 5342 5364 5547 5783 5798 5876 6178 6565 6640 6747 7279 7474 7567 7573 7666 7716 7886 8003 8248 8438 8570 8715 8756 8957 9164 9354 9479 9683 9935 9942 10092 10093 10286 10309 
78 81 275 448 625 918 972 1209 1650 1892 1931 1935 2039 2062 2071 2091 2413 2425 2621 2669 2784 2793 2969 3213 3525 3528 3533 3576 3607 3694 3776 3796 4068 4359 4508 4807 4881 5203 5342 5364 5547 5783 5798 5876 6178 6565 6747 7279 7474 7523 7567 7573 7644 7666 7716 7886 8003 8248 8361 8438 8570 8715 8756 8957 9164 9479 9683 9935 9942 10093 10286 
78 81 275 448 625 918 972 998 1357 1385 1439 1650 1892 1931 1935 2039 2062 2071 2091 2187 2413 2425 2669 2784 2793 2969 3213 3525 3528 3533 3576 3607 3694 3797 4040 4068 4114 4359 4567 4807 4881 4930 5139 5203 5342 5364 5547 5783 5798 5876 6178 6565 6719 6747 7279 7567 7607 7644 7658 7666 7886 7994 8248 8295 8361 8438 8570 8715 8756 9105 9164 9479 9683 9830 9942 10093 10286 10309 
78 81 275 448 625 756 918 972 1385 1650 1892 1931 1935 2039 2062 2071 2091 2187 2413 2669 2784 2793 2969 3213 3528 3576 3607 3694 3796 4040 4068 4074 4093 4114 4344 4409 4508 4807 4930 5085 5203 5342 5364 5547 5783 5820 5876 6178 6565 6640 6747 7279 7474 7523 7567 7573 7666 7716 7886 8003 8248 8310 8438 8570 8664 8715 8756 9164 9181 9479 9683 9830 9935 9942 10093 10286 
78 81 269 275 448 625 756 918 972 1385 1892 1931 1935 2039 2062 2071 2091 2187 2231 2413 2669 2784 2793 2969 3213 3528 3576 3607 3694 3712 3796 4040 4068 4093 4344 4409 4508 4807 5078 5085 5139 5203 5342 5364 5547 5783 5798 5876 6140 6178 6565 6640 6696 6719 6744 6747 7045 7279 7357 7474 7505 7567 7573 7623 7666 7716 7886 8248 8361 8438 8570 8664 8715 8756 9164 9181 9479 9683 9830 9935 9942 10093 10209 10286 10292 
78 81 275 448 625 918 972 1385 1650 1892 1931 1935 2039 2062 2071 2091 2669 2784 2793 2969 3213 3525 3528 3533 3576 3607 3694 3776 3796 3851 4068 4114 4409 4508 4807 4881 5139 5203 5342 5364 5547 5783 5798 5876 6178 6565 6747 6958 7279 7323 7474 7567 7573 7666 7716 7886 8248 8438 8570 8715 8756 9164 9354 9479 9683 9830 9935 9942 10092 10093 10286 
