Tamanho    Peso
1716  56480
1710  56655
1696  56253
1711  57171
1706  56335
1694  56631
1724  57052
1711  56553
1702  56357
1702  56380
1709  56420
1733  56972
1686  56184
1712  56331
1700  55978
1704  56212
1710  56516
1700  56387
1723  56680
1717  56043
1709  56352
1711  56443
1713  56638
1712  56876
1710  56439
1704  56594
1706  56585
1717  56417
1703  57165
1712  56444
1702  56995
1703  56558
1718  56278
1692  56589
1704  56347
1711  56537
1710  57111
1723  56480
1717  56278
1713  56155
1707  56851
1717  56253
1719  56218
1726  56416
1712  56388
1714  56516
1696  56723
1708  56288
1713  56562
1708  56647

Time taken: 233
