***********CONSTRUÇÃO**************
ANTES | DEPOIS
1.65183   1.05478
1.65293   1.05985
1.65068   1.0367
1.64526   1.04903
1.6537   1.03576
1.64882   1.03821
1.65205   1.04099
1.6491   1.06378
1.65291   1.04082
1.64885   1.042
1.64935   1.056
1.64754   1.06034
1.64928   1.03983
1.65208   1.04766
1.65223   1.03796
1.65546   1.03788
1.64617   1.04088
1.6495   1.06589
1.65958   1.03885
1.64881   1.03876
1.65153   1.05471
1.65375   1.05978
1.64651   1.04069
1.64782   1.0474
1.65006   1.03912
1.64832   1.03843
1.651   1.04004
1.65144   1.06242
1.64909   1.03865
1.64968   1.03998
1.65078   1.055
1.65229   1.05931
1.65171   1.03515
1.65497   1.04625
1.65002   1.03777
1.64813   1.03886
1.65455   1.04046
1.64984   1.06669
1.65297   1.03805
1.6431   1.04288
1.64745   1.05206
1.65553   1.06147
1.6519   1.03769
1.6467   1.04344
1.6511   1.03726
1.6528   1.03789
1.64902   1.04017
1.65225   1.06286
1.65342   1.04132
1.64985   1.03969
***********BUSCA LOCAL**************
ANTES | DEPOIS
3.50675   0.909558
2.17735   0.900577
1.74599   0.893066
1.73295   0.887073
3.5015   0.896287
1.74029   0.896189
2.16979   0.889916
2.6198   0.879407
4.79861   0.905693
3.49638   0.885157
2.16822   0.880987
2.1721   0.904762
4.8328   0.903168
3.93326   0.882886
5.25285   0.890184
2.63014   0.882958
3.05824   0.882688
2.6318   0.877698
2.60027   0.902029
5.70598   0.892355
2.16877   0.884718
3.48069   0.883828
2.59918   0.88866
2.19794   0.900227
3.96998   0.885169
1.75321   0.879407
2.19097   0.893487
3.5346   0.88974
1.71064   0.899336
2.61161   0.898725
1.724   0.899993
2.60717   0.880653
5.72761   0.907618
1.74833   0.88062
3.05694   0.909502
2.65569   0.896551
2.18043   0.892109
3.08355   0.894254
3.4842   0.884061
4.82156   0.905837
2.19398   0.898084
2.60198   0.898098
4.8211   0.897707
3.51066   0.90172
3.06209   0.900287
2.16307   0.887459
2.6065   0.881133
3.07178   0.908154
3.02701   0.896285
3.50919   0.887773
