***********CONSTRUÇÃO**************
ANTES | DEPOIS
0.479704   0.308028
0.479911   0.305804
0.480676   0.300894
0.480238   0.302477
0.480756   0.300337
0.480668   0.305387
0.479582   0.304495
0.479676   0.303097
0.47974   0.30504
0.481264   0.30023
0.47845   0.305455
0.478081   0.305405
0.479067   0.301055
0.480239   0.302659
0.4802   0.300926
0.479389   0.305304
0.480587   0.30423
0.480825   0.302338
0.478075   0.304246
0.479227   0.300423
0.480185   0.305754
0.481171   0.305567
0.480759   0.301815
0.480043   0.302795
0.479241   0.30187
0.479402   0.304532
0.481894   0.303963
0.478895   0.302679
0.481499   0.304548
0.480839   0.298629
0.480199   0.305374
0.478697   0.3056
0.478977   0.301531
0.480717   0.30294
0.480405   0.301734
0.479253   0.305478
0.479156   0.304219
0.480073   0.302326
0.478723   0.304119
0.478804   0.300169
0.480237   0.305784
0.480034   0.30602
0.480727   0.301739
0.481279   0.302911
0.479929   0.301302
0.481019   0.30504
0.48061   0.304592
0.480581   0.302692
0.480133   0.305498
0.480969   0.300082
***********BUSCA LOCAL**************
ANTES | DEPOIS
0.891166   0.257483
1.1509   0.252881
0.378759   0.379606
0.631202   0.253465
0.374345   0.257777
0.63524   0.380801
1.26234   0.389533
0.759838   0.258248
0.372258   0.516219
0.765166   0.250358
0.504675   0.373256
0.765729   0.257294
0.885464   0.502375
1.00915   0.257427
0.639206   0.25234
0.497063   0.768044
0.889887   0.513612
0.885645   0.252677
1.13758   0.639854
0.762056   0.263033
0.506624   0.506978
1.00628   0.25354
0.748127   0.257969
0.63257   0.25139
0.506678   0.253005
0.504611   0.251354
0.626556   0.256426
1.26454   0.258281
0.511531   0.25678
0.636881   0.255706
0.756075   0.247144
0.630515   0.253701
1.13183   0.259317
0.506217   0.257348
0.758236   0.259139
0.506601   0.246622
0.628247   0.25833
0.753243   0.252816
0.506108   0.254879
0.896976   0.256783
1.53144   0.385312
0.630217   0.376938
1.00711   0.255413
1.1375   0.254997
0.764967   0.257256
1.14029   0.258747
0.758624   0.256266
0.752124   0.253138
0.376674   0.893483
0.898273   0.376469
