Tamanho    Peso
1090  36091
1085  36214
1077  36603
1078  36038
1056  36335
1072  36092
1082  36020
1084  35968
1069  36341
1081  36083
1064  36326
1081  36301
1076  36177
1079  36037
1093  36388
1080  36127
1080  36034
1085  36113
1086  35991
1089  36428
1081  36284
1086  35967
1084  36319
1082  36363
1076  36217
1072  36546
1069  36143
1088  36076
1060  36604
1065  36227
1079  36214
1082  36325
1078  35720
1080  36217
1084  36318
1081  36247
1075  36123
1079  36240
1071  35776
1077  36299
1082  35763
1071  36201
1084  36053
1078  36127
1093  36194
1078  35987
1089  36056
1091  35866
1067  36544
1100  36206

Time taken: 63
