***********CONSTRUÇÃO**************
ANTES | DEPOIS
0.217987   0.161839
0.221388   0.16797
0.220207   0.164878
0.216741   0.159056
0.215624   0.163136
0.217912   0.167161
0.218473   0.161673
0.219956   0.161741
0.215106   0.157972
0.217439   0.159123
0.213084   0.157881
0.216009   0.168484
0.216784   0.164895
0.21395   0.156262
0.217824   0.163706
0.219112   0.165871
0.215686   0.162407
0.211429   0.164403
0.216966   0.158884
0.213109   0.159878
0.212467   0.157804
0.217159   0.168698
0.217505   0.165289
0.220276   0.158155
0.218684   0.16302
0.21879   0.166447
0.213968   0.160817
0.219724   0.161991
0.220462   0.157853
0.212935   0.158827
0.216253   0.157926
0.219233   0.168866
0.219116   0.165571
0.216026   0.159036
0.218173   0.163464
0.214804   0.164097
0.219525   0.159799
0.220189   0.161877
0.215927   0.15896
0.219917   0.158894
0.219296   0.158537
0.21694   0.168511
0.219072   0.166153
0.219195   0.158515
0.219151   0.162647
0.21521   0.166102
0.217595   0.162526
0.217173   0.163323
0.213052   0.157008
0.218299   0.159393
***********BUSCA LOCAL**************
ANTES | DEPOIS
0.11709   0.127243
0.126636   0.18523
0.127683   0.124026
0.19131   0.12479
0.129095   0.195784
0.134769   0.137763
0.128659   0.200461
0.118712   0.128121
0.126626   0.132275
0.124778   0.257958
0.123097   0.259583
0.121431   0.135486
0.119829   0.262933
0.131911   0.128091
0.128123   0.470936
0.121259   0.259235
0.182955   0.197182
0.12394   0.197736
0.126249   0.189936
0.121739   0.120405
0.128515   0.193414
0.123427   0.188188
0.187954   0.260414
0.119337   0.12609
0.124019   0.200693
0.128009   0.255826
0.120485   0.25888
0.114988   0.258192
0.126281   0.134193
0.139127   0.129687
0.195799   0.239818
0.124876   0.194194
0.250158   0.25842
0.128014   0.123242
0.126687   0.197298
0.126613   0.202886
0.130531   0.137232
0.123431   0.124925
0.133952   0.133353
0.119846   0.128633
0.171083   0.179628
0.126194   0.186246
0.129488   0.198053
0.115681   0.131267
0.260188   0.195517
0.116481   0.260962
0.135401   0.400432
0.1254   0.187134
0.123013   0.187804
0.129681   0.189112
