***********CONSTRUÇÃO**************
ANTES | DEPOIS
0.472544   0.284299
0.472453   0.282227
0.473314   0.282591
0.475373   0.280223
0.469904   0.27623
0.471096   0.27492
0.473415   0.277306
0.473057   0.278941
0.471868   0.278216
0.47284   0.277372
0.47194   0.281245
0.471835   0.28146
0.472414   0.281457
0.473368   0.278942
0.473436   0.276456
0.472836   0.275808
0.471933   0.275778
0.472379   0.279267
0.473973   0.27848
0.473135   0.276595
0.470994   0.282547
0.472553   0.282046
0.473554   0.282733
0.472196   0.279423
0.474218   0.275326
0.47239   0.274487
0.472323   0.275548
0.473369   0.279055
0.472754   0.277339
0.471044   0.278518
0.470802   0.281777
0.472362   0.282639
0.472866   0.281845
0.472697   0.280264
0.472233   0.274069
0.47187   0.274796
0.473525   0.276127
0.473634   0.277677
0.472165   0.278352
0.471876   0.278493
0.472757   0.282095
0.472791   0.281044
0.473864   0.281248
0.473245   0.279153
0.472389   0.274385
0.472092   0.275351
0.470031   0.275543
0.472562   0.279689
0.473211   0.277827
0.471202   0.278039
***********BUSCA LOCAL**************
ANTES | DEPOIS
0.48083   0.359419
0.832392   0.359641
0.593408   0.241643
0.72321   0.240191
0.829565   0.248425
0.720749   0.241254
0.837148   0.243143
0.711359   0.241674
0.354772   0.242247
0.828653   0.479766
0.96294   0.245616
0.834935   0.237885
0.598921   0.365949
0.837501   0.239285
1.06685   0.244887
0.820805   0.238546
0.588307   0.234537
0.952919   0.234916
0.956385   0.243165
1.07026   0.238281
0.839826   0.600802
0.950017   0.242374
0.592151   0.355367
0.59065   0.235393
0.600328   0.246353
0.716958   0.2351
0.593161   0.240791
0.48464   0.238371
0.470741   0.239123
0.591327   0.235117
0.358882   0.356141
0.58991   0.240198
0.721839   0.243316
0.58513   0.237179
1.31052   0.243739
0.594082   0.236755
0.469116   0.23931
0.718358   0.239113
1.55247   0.237522
0.827598   0.237391
0.720074   0.235431
0.471077   0.23812
0.710241   0.357801
0.951764   0.242595
1.31971   0.24916
0.472167   0.236401
0.590064   0.241851
0.716188   0.239877
0.836908   0.476698
1.07255   0.242003
