Tamanho    Peso
1044  33628
1059  33670
1061  33703
1050  33663
1040  33302
1049  33648
1052  33382
1055  33702
1052  33546
1052  33530
1057  33692
1054  33773
1053  33678
1052  33763
1039  33334
1049  33593
1047  33516
1055  33631
1056  33703
1053  33647
1052  33715
1055  33715
1053  33688
1050  33640
1038  33424
1045  33548
1051  33539
1058  33709
1053  33604
1059  33694
1049  33682
1056  33697
1059  33758
1052  33667
1036  33367
1048  33608
1045  33491
1055  33620
1054  33584
1053  33497
1059  33725
1055  33788
1049  33653
1051  33600
1027  33272
1056  33596
1054  33576
1057  33688
1047  33569
1053  33621

Time taken: 28
