23;7;960 1442 1874 1931 2520 3029 3414 3872 3879 4435 4996 6014 6371 6852 7425 7458 8094 8878 9082 9597 9683 9969 10214
23;7;960 1442 1931 2520 3029 3414 3872 3879 4435 4490 4996 6014 6371 6852 7425 7458 8094 8878 9082 9597 9683 9969 10214
23;7;960 1442 1931 2520 3029 3414 3872 3879 4435 4996 6014 6371 6852 7425 7458 8094 8878 9082 9215 9597 9683 9969 10214
23;7;960 1442 1931 2520 3029 3406 3414 3872 3879 4435 4996 6014 6371 6852 7425 7458 8094 8878 9082 9597 9683 9969 10214
23;7;1442 1931 2368 2520 3406 3414 3872 3879 4435 4996 6014 6371 6439 6852 7425 7458 8094 9082 9215 9597 9683 9969 10214
24;7;1442 1931 2368 2520 3414 3872 3879 4435 4996 5109 6014 6371 6439 6852 6964 7425 7458 8094 9082 9215 9597 9683 9969 10214
24;7;1442 1874 1931 2368 2520 2799 3414 3872 3879 4435 4996 6014 6371 6439 6852 7425 7458 8094 9082 9597 9683 9884 9969 10214
24;7;1442 1931 2368 2520 2799 3406 3414 3872 3879 4435 4996 6014 6371 6439 6852 7425 7458 8094 9082 9597 9683 9884 9969 10214
24;7;1442 1931 2368 2520 2799 3414 3872 3879 4435 4996 6014 6371 6439 6852 7425 7458 8094 9082 9215 9597 9683 9884 9969 10214
26;7;960 1442 1931 2368 2520 2799 3029 3414 3872 3879 4435 4996 6014 6371 6439 6852 7425 7458 8094 8878 9082 9597 9683 9884 9969 10214
