***********CONSTRUÇÃO**************
ANTES | DEPOIS
0.404142   0.223802
0.405442   0.228304
0.406086   0.222913
0.403423   0.227978
0.405894   0.220466
0.406569   0.224685
0.405945   0.22591
0.404478   0.227378
0.404871   0.221973
0.402722   0.22062
0.404802   0.224436
0.404721   0.228071
0.405823   0.22197
0.404471   0.227665
0.403337   0.221261
0.404471   0.226681
0.403732   0.226353
0.406474   0.227721
0.405919   0.221744
0.405618   0.221673
0.40415   0.223659
0.404915   0.228438
0.403617   0.221279
0.402854   0.226959
0.402782   0.220101
0.405534   0.226719
0.40286   0.226935
0.404797   0.226716
0.406579   0.221781
0.405374   0.222107
0.404468   0.222433
0.40233   0.229218
0.405348   0.221001
0.403492   0.226763
0.40578   0.220455
0.406647   0.225332
0.404341   0.226539
0.403341   0.22652
0.404227   0.220572
0.405674   0.220835
0.405188   0.223123
0.404049   0.228765
0.404435   0.221937
0.403691   0.22766
0.402989   0.219586
0.407481   0.226822
0.404565   0.227285
0.408177   0.226324
0.403827   0.221666
0.40571   0.221242
***********BUSCA LOCAL**************
ANTES | DEPOIS
0.400355   0.197483
1.09082   0.199408
0.499725   0.496973
0.781322   0.294246
0.78822   0.302254
0.69739   0.29423
0.492689   0.301666
1.28885   0.298539
0.492487   0.495887
0.893217   0.196025
0.39143   0.197467
1.11258   0.396763
0.789626   0.201785
0.790682   0.192671
0.783962   0.301886
0.496278   0.199349
0.889075   0.294693
0.502323   0.193295
0.991282   0.788994
0.39946   0.197716
0.894941   0.196172
0.597629   0.303756
0.391208   0.19982
0.895561   0.4995
0.695212   0.203091
0.797166   0.297975
0.694932   0.201058
0.497102   0.198027
0.591296   0.201238
0.598724   0.194447
1.0948   0.19744
0.592254   0.302076
0.892678   0.200254
0.392259   0.394474
0.395988   0.203566
0.998797   0.396498
0.692687   0.201738
0.589814   0.296677
0.49968   0.305471
0.296916   0.299249
1.19179   0.201807
0.895259   0.297711
0.792414   0.205351
0.602027   0.30138
0.794808   0.29967
0.802935   0.200804
0.685285   0.391442
0.698344   0.395218
0.988932   0.409314
0.398897   0.295321
