Tamanho    Peso
1080  35830
1095  35388
1093  35631
1085  35466
1082  35388
1095  35508
1082  35619
1080  35452
1085  35717
1078  35435
1075  35642
1087  35076
1091  35301
1092  35424
1086  35423
1078  35295
1081  35289
1080  35737
1089  35290
1069  35596
1080  35383
1086  35418
1065  35734
1091  35353
1087  35273
1086  35496
1078  35407
1085  35500
1088  35431
1086  35507
1090  35442
1075  35687
1089  35503
1068  35802
1086  35622
1085  35346
1081  35424
1066  35378
1095  35703
1062  35916
1082  35102
1077  35405
1086  35160
1095  35527
1079  35373
1079  35366
1080  35449
1085  35334
1092  35337
1083  35613

Time taken: 56
