Tamanho    Peso
274  9004
273  8828
252  8885
277  9059
276  8868
286  9137
276  8836
261  9053
278  8975
278  9040
280  9150
230  8519
284  9265
227  8350
283  9122
273  8995
277  9051
238  8304
248  8289
277  8860
251  8817
276  8851
281  9079
252  8633
244  8618
246  8893
285  9085
284  9041
277  8954
244  8778
278  9134
275  8844
255  8925
281  8960
278  9100
250  9019
259  8994
249  9015
276  8945
248  9230
272  8962
256  8914
277  8996
256  8902
254  9184
252  9017
277  8937
276  9011
282  9037
257  9002

Time taken: 19
