***********CONSTRUÇÃO**************
ANTES | DEPOIS
0.21739   0.169465
0.216756   0.158573
0.219211   0.161315
0.217999   0.158297
0.215801   0.17757
0.216706   0.172288
0.216278   0.157818
0.217545   0.177686
0.216061   0.175479
0.216394   0.156314
0.216825   0.164899
0.21512   0.158069
0.217616   0.160268
0.217746   0.157761
0.215997   0.177672
0.217381   0.173597
0.217037   0.156857
0.216302   0.17788
0.21616   0.175961
0.218939   0.156584
0.21685   0.165001
0.214997   0.157785
0.218369   0.161719
0.216653   0.158412
0.216017   0.177028
0.216287   0.172312
0.216776   0.157387
0.216041   0.177315
0.218538   0.177251
0.217026   0.157887
0.217585   0.164828
0.217711   0.158224
0.21782   0.16046
0.216651   0.158189
0.215721   0.178293
0.215655   0.173239
0.21768   0.157013
0.216864   0.176562
0.216166   0.176032
0.218373   0.158167
0.214367   0.164725
0.218306   0.158229
0.217573   0.161891
0.217936   0.159312
0.216851   0.178557
0.216347   0.172764
0.215711   0.156792
0.215093   0.177375
0.217538   0.177627
0.218324   0.156883
***********BUSCA LOCAL**************
ANTES | DEPOIS
0.119791   0.240353
0.126657   0.119316
0.189772   0.252399
0.113554   0.106412
0.115649   0.30616
0.117578   0.190078
0.110824   0.124179
0.178888   0.253244
0.12359   0.186767
0.123572   0.171211
0.120992   0.176873
0.34995   0.119014
0.1198   0.122204
0.247164   0.181241
0.119095   0.184671
0.126621   0.18407
0.122434   0.123852
0.219056   0.186752
0.185489   0.190509
0.110873   0.121291
0.184907   0.17487
0.106831   0.115325
0.121631   0.181828
0.163872   0.187269
0.163098   0.434789
0.233089   0.188067
0.121358   0.181688
0.108846   0.190957
0.115659   0.248182
0.180693   0.127443
0.118714   0.184258
0.125379   0.120069
0.185685   0.131928
0.114187   0.187566
0.120019   0.18719
0.184378   0.301387
0.220151   0.166301
0.250718   0.176242
0.122785   0.187522
0.234157   0.123003
0.109187   0.254245
0.174744   0.125131
0.126302   0.191281
0.190259   0.168574
0.166011   0.191663
0.235127   0.198554
0.127315   0.177394
0.109677   0.247453
0.121869   0.177336
0.196576   0.162576
