Tamanho    Peso
1032  33290
1042  33079
1037  32987
1051  33246
1032  33192
1044  33300
1044  33290
1038  32978
1041  33249
1036  33550
1036  33203
1051  33457
1035  33790
1035  33072
1041  33212
1039  33322
1044  33255
1037  33136
1040  33264
1036  33213
1020  33136
1042  33254
1037  33294
1031  33033
1036  33187
1048  33143
1041  33148
1032  32979
1048  33395
1041  32921
1043  33244
1056  33650
1043  33293
1050  33040
1031  33071
1052  33534
1046  32959
1044  33129
1039  33399
1038  33094
1041  33230
1032  33301
1032  33140
1053  33565
1043  33526
1043  33110
1026  32751
1041  33403
1041  33454
1033  33516

Time taken: 58
