***********CONSTRUÇÃO**************
ANTES | DEPOIS
1.72975   1.679
1.72492   1.65777
1.72604   1.65806
1.72826   1.66419
1.72152   1.65376
1.72425   1.65226
1.72073   1.65083
1.7246   1.63949
1.72491   1.64953
1.71536   1.64941
1.72425   1.66267
1.72339   1.65156
1.72448   1.64964
1.72226   1.65822
1.72311   1.63981
1.72331   1.65085
1.72414   1.65375
1.72117   1.64997
1.71822   1.65682
1.72242   1.65072
1.71653   1.66107
1.71711   1.65917
1.72211   1.65511
1.72264   1.6604
1.72332   1.65821
1.71998   1.64985
1.72917   1.65606
1.73039   1.65412
1.72144   1.66842
1.72743   1.65355
1.71698   1.67136
1.72009   1.6523
1.72612   1.65746
1.7279   1.65208
1.72334   1.65599
1.71666   1.65418
1.72069   1.65356
1.7185   1.65061
1.72648   1.66026
1.71881   1.64676
1.72559   1.66704
1.7215   1.66207
1.7218   1.65256
1.72314   1.65047
1.72643   1.64525
1.72101   1.65685
1.71812   1.65197
1.72088   1.64997
1.72077   1.65169
1.72374   1.6535
***********BUSCA LOCAL**************
ANTES | DEPOIS
2.68829   3.01043
3.04593   2.05168
2.59775   3.19831
1.90516   2.05636
3.561   1.65837
1.94958   1.61615
1.97035   2.56008
1.56813   1.59867
2.06007   2.12951
1.58603   1.59738
2.04311   2.03737
1.99172   2.03181
3.03346   1.61826
2.05739   2.58152
2.61777   3.65099
2.00942   2.59727
1.90642   2.10108
1.60031   1.97345
1.51985   2.17093
2.00087   2.59454
1.61734   2.10376
1.98861   2.70167
3.67383   2.50861
2.56192   1.97238
2.50855   1.62868
1.56971   1.6308
2.72391   1.56489
1.62357   2.12509
1.93126   3.08289
2.70366   2.55272
2.07878   1.59275
2.00339   1.62954
2.95206   2.01132
1.98281   3.1885
2.45657   2.02852
2.5469   2.14041
2.49243   2.05649
2.66392   1.51772
1.98789   2.73286
1.60516   1.57733
2.08698   1.55805
2.16685   2.68821
1.58728   3.617
1.63943   2.1599
1.58152   2.97758
2.02731   1.56124
1.53569   2.09678
1.99676   2.17171
1.52965   1.57375
2.04205   1.54218
