35;7;392 631 738 1171 2385 2568 2686 3560 4246 4432 5277 5588 5885 5980 6154 6221 6663 6894 7264 7458 7816 8238 8564 8570 8776 8864 9121 9152 9422 9471 9752 9875 9969 9993 10241
35;7;392 631 738 1171 2385 2568 2686 3560 3782 4246 4432 5277 5588 5885 5980 6154 6221 6396 6663 6894 7264 7458 7816 8564 8776 8864 9121 9152 9422 9471 9752 9875 9969 9993 10241
35;7;392 631 738 1171 2385 2568 2651 2686 3560 3782 4246 4432 5277 5588 5885 6154 6221 6396 6663 6894 7264 7458 7816 8564 8776 8864 9121 9152 9422 9471 9752 9875 9969 9993 10241
36;7;392 631 738 1171 2385 2568 2686 3560 3782 4246 4432 4605 5277 5588 5885 5980 6221 6396 6663 6894 7264 7458 7816 8776 8864 9121 9152 9422 9471 9642 9722 9752 9875 9969 9993 10241
36;7;392 631 738 1171 2385 2568 2651 2686 3560 3782 4246 4432 4605 5277 5588 5885 6221 6396 6663 6894 7264 7458 7816 8776 8864 9121 9152 9422 9471 9642 9722 9752 9875 9969 9993 10241
36;7;392 621 631 738 1171 2385 2568 2686 3560 3782 4246 4432 4605 5277 5588 5885 6221 6396 6663 6894 7264 7458 7816 8776 8864 9121 9152 9422 9471 9642 9722 9752 9875 9969 9993 10241
36;7;392 631 738 1171 2385 2568 2686 3560 3782 4246 4432 5277 5588 5885 6154 6221 6396 6663 6894 7264 7458 7816 8238 8564 8570 8776 8864 9121 9152 9422 9471 9752 9875 9969 9993 10241
37;7;392 631 738 1171 1327 2015 2385 2568 2686 3560 3782 4246 4432 5277 5588 5885 5980 6221 6396 6663 6894 7264 7458 7816 8238 8570 8776 8864 9121 9152 9422 9471 9752 9875 9969 9993 10241
37;7;392 631 738 1171 2385 2568 2686 3560 3782 4246 4432 4605 5277 5588 5885 6154 6221 6396 6663 6894 7264 7458 7816 8564 8776 8864 9121 9152 9422 9471 9642 9722 9752 9875 9969 9993 10241
37;7;392 631 738 1171 2385 2568 2686 3560 3782 4246 4432 4605 5277 5588 5885 6221 6396 6663 6894 7264 7458 7816 8238 8570 8776 8864 9121 9152 9422 9471 9642 9722 9752 9875 9969 9993 10241
