Tamanho    Peso
84  2999
97  3214
88  3338
96  3557
113  4278
106  3858
86  3072
103  4052
98  3375
100  3464
89  2995
96  3289
95  3557
102  3416
82  3004
91  3252
97  3666
91  3065
93  3585
90  3416
100  3329
92  3242
100  3353
97  3463
102  3953
133  4612
109  4035
94  3350
88  2971
91  2969
108  4053
106  4001
86  2872
85  2761
91  3309
89  3295
99  3361
97  3732
92  3286
92  3720
108  3930
93  3513
80  2722
101  3918
78  2660
102  3692
87  3112
86  3334
103  3563
105  3592

Time taken: 192
