Tamanho    Peso
1073  36587
1068  36463
1073  36749
1071  36743
1070  36567
1072  36710
1074  36652
1068  36706
1068  36660
1076  36687
1070  36569
1071  36505
1067  36793
1071  36700
1069  36455
1059  36573
1069  36560
1068  36537
1073  36598
1074  36567
1072  36530
1074  36573
1072  36778
1075  36888
1069  36560
1060  36543
1072  36665
1073  36606
1072  36469
1070  36506
1073  36596
1077  36610
1067  36726
1075  36667
1067  36432
1066  36709
1074  36641
1077  36584
1072  36516
1073  36743
1062  36520
1064  36608
1073  36619
1075  36666
1072  36525
1075  36737
1071  36546
1074  36633
1071  36573
1073  36571

Time taken: 23
