Tamanho    Peso
1681  55587
1704  55819
1696  55905
1694  55687
1687  55511
1677  55345
1701  55904
1705  55965
1696  55817
1683  55494
1692  55462
1699  55890
1691  55762
1698  55816
1689  55929
1692  55480
1699  55893
1700  55764
1693  56037
1683  55544
1689  55648
1699  55793
1698  55678
1684  55753
1689  55912
1692  55740
1694  55714
1698  55983
1697  55595
1675  55318
1693  55515
1699  55877
1700  55943
1684  55506
1688  55799
1683  55502
1693  55867
1696  55834
1691  55594
1681  55483
1686  55505
1702  55724
1690  55553
1705  55936
1691  55780
1689  55519
1685  55736
1703  55916
1694  55763
1685  55577

Time taken: 100
