Tamanho    Peso
1711  55881
1708  56835
1688  56367
1705  56245
1734  56924
1704  56618
1708  56866
1694  56180
1709  56652
1713  56383
1705  56463
1713  56826
1707  56379
1703  56658
1710  56031
1721  56489
1713  56566
1717  56224
1713  56501
1692  55909
1698  56251
1714  56758
1717  56500
1717  57372
1708  56786
1703  56383
1708  56486
1721  56587
1716  56339
1701  56272
1709  56290
1719  56458
1730  56615
1715  56628
1708  56624
1697  56596
1705  56844
1705  56252
1701  56961
1720  56373
1710  56062
1712  56741
1699  56197
1707  56709
1710  56476
1707  56393
1728  56702
1710  56544
1699  57069
1695  56112

Time taken: 221
