***********CONSTRUÇÃO**************
ANTES | DEPOIS
0.214044   0.099286
0.213413   0.099426
0.219098   0.100776
0.214837   0.098051
0.21463   0.10086
0.215166   0.100788
0.217785   0.095363
0.216755   0.099021
0.215455   0.093498
0.213865   0.100222
0.214032   0.09499
0.216601   0.099008
0.215899   0.100806
0.215198   0.098163
0.21739   0.100719
0.216344   0.100641
0.215123   0.095149
0.216667   0.098929
0.213341   0.093422
0.215406   0.100552
0.215056   0.095044
0.216972   0.09916
0.217126   0.100707
0.216534   0.098141
0.213611   0.100616
0.215187   0.100729
0.217388   0.095259
0.215048   0.099122
0.212643   0.093834
0.213898   0.100428
0.215889   0.094935
0.215388   0.099274
0.218104   0.100834
0.21483   0.098267
0.215471   0.100445
0.214845   0.100619
0.217124   0.095165
0.214901   0.099074
0.216728   0.093455
0.216225   0.100413
0.214905   0.095101
0.21405   0.099308
0.215999   0.100816
0.21503   0.098141
0.216689   0.100501
0.213933   0.100555
0.212902   0.09521
0.216374   0.09901
0.217729   0.093472
0.215203   0.100395
***********BUSCA LOCAL**************
ANTES | DEPOIS
0.122702   0.133474
0.123558   0.127951
0.113987   0.124441
0.123372   0.133566
0.125533   0.123077
0.121527   0.123426
0.128444   0.123638
0.12325   0.136151
0.121473   0.126468
0.117514   0.127428
0.131336   0.131149
0.242093   0.122433
0.11441   0.135613
0.127147   0.124373
0.119295   0.129206
0.125356   0.127351
0.125933   0.130694
0.112057   0.128275
0.126122   0.118039
0.116071   0.131784
0.123648   0.120442
0.119625   0.120026
0.125946   0.124233
0.123172   0.135226
0.127308   0.123613
0.119181   0.131886
0.129266   0.129818
0.113976   0.132223
0.116842   0.12284
0.131265   0.119631
0.135168   0.132863
0.125563   0.136955
0.123195   0.128391
0.112398   0.124952
0.129175   0.124705
0.123915   0.133393
0.123007   0.132678
0.131627   0.133701
0.124369   0.131714
0.112087   0.120917
0.130771   0.126136
0.124005   0.132447
0.128221   0.129288
0.135   0.122647
0.121238   0.128696
0.130104   0.129215
0.126401   0.131678
0.127026   0.124687
0.122989   0.124256
0.120759   0.132408
