Tamanho    Peso
1072  36420
1080  36128
1087  36097
1087  36112
1085  36419
1065  36296
1075  35751
1075  35928
1071  36038
1057  36549
1060  36150
1065  36549
1081  35870
1073  35993
1077  36042
1077  35968
1091  36042
1076  36144
1066  36178
1069  35744
1078  35932
1088  36062
1071  36000
1057  36235
1085  35891
1073  36439
1062  36325
1074  36515
1078  36051
1066  36559
1086  36030
1076  36120
1068  36411
1076  36480
1075  36475
1093  36072
1066  36310
1068  36218
1082  36279
1078  36469
1078  36212
1087  36364
1080  36060
1089  35978
1089  36435
1057  36571
1074  35984
1068  36561
1094  35967
1074  35998

Time taken: 62
