Tamanho    Peso
1066  36559
1067  36708
1076  36637
1070  36672
1070  36593
1072  36731
1068  36692
1068  36636
1063  36760
1066  36657
1078  36738
1070  36668
1071  36695
1078  36705
1067  36642
1071  36656
1063  36723
1076  36714
1062  36648
1067  36626
1078  36775
1063  36606
1070  36689
1066  36537
1073  36655
1069  36730
1063  36700
1077  36773
1073  36802
1077  36739
1070  36648
1073  36636
1071  36660
1076  36762
1075  36749
1061  36608
1069  36617
1072  36744
1066  36666
1073  36632
1082  36759
1059  36641
1069  36622
1076  36629
1066  36620
1069  36730
1077  36852
1076  36661
1073  36669
1067  36764

Time taken: 27
