***********CONSTRUÇÃO**************
ANTES | DEPOIS
1.64626   1.08139
1.65124   1.07252
1.6526   1.07364
1.65331   1.06861
1.65013   1.0639
1.64743   1.05983
1.64623   1.05208
1.65054   1.06389
1.64579   1.06344
1.65435   1.06645
1.64248   1.07724
1.65288   1.07372
1.6549   1.06923
1.64747   1.06782
1.6513   1.06349
1.65527   1.06575
1.65537   1.04597
1.6501   1.06526
1.65294   1.06602
1.65794   1.06207
1.65594   1.07748
1.64804   1.07462
1.65011   1.07685
1.65823   1.06595
1.65332   1.06368
1.65028   1.06658
1.64587   1.05362
1.65067   1.06073
1.6568   1.06353
1.65212   1.06278
1.64995   1.07567
1.65557   1.07326
1.64647   1.07348
1.65186   1.07184
1.654   1.05923
1.65074   1.06672
1.65067   1.05507
1.64705   1.06717
1.65174   1.06857
1.65827   1.06377
1.65254   1.07154
1.65068   1.07359
1.6483   1.07555
1.65521   1.06642
1.6495   1.06184
1.64844   1.06396
1.65094   1.05071
1.6497   1.06137
1.65494   1.06357
1.65257   1.06133
***********BUSCA LOCAL**************
ANTES | DEPOIS
1.3059   1.76239
2.174   0.882024
3.52518   0.877867
3.03045   0.897367
3.51601   0.884342
3.49208   0.895624
4.37632   0.887819
2.16909   0.890958
1.74435   0.874031
1.7297   0.896145
3.0924   0.880773
2.58131   0.867028
1.75399   0.894112
3.04952   0.888297
3.50987   0.899927
1.70221   0.905688
3.47776   0.901495
2.64574   0.890037
2.18994   0.882754
1.7309   0.896438
5.70663   0.88965
2.62498   0.882705
2.18926   0.86959
3.05415   0.882932
3.54225   0.885691
3.52415   0.870776
2.61723   0.895376
1.75764   0.900952
3.08104   0.899904
1.73964   0.881407
5.2636   0.902465
3.51227   0.887536
3.49558   0.890751
2.61555   0.888873
2.1744   0.878481
2.18751   0.8888
2.60021   0.88526
3.51356   0.880683
3.07981   0.899198
3.4968   0.891563
3.05793   0.88897
1.73528   0.882385
2.6156   0.886536
2.17513   0.888372
4.3799   0.900708
2.19077   0.892671
1.30359   0.882376
2.17432   0.907448
2.17591   0.902071
2.17819   0.890997
