Tamanho    Peso
251  7311
248  7155
247  7146
254  7348
249  7207
262  6811
262  6942
263  6984
263  7051
267  7122
250  7192
249  7133
249  7225
250  7165
249  7254
262  6801
264  7011
263  6917
263  6938
267  7118
249  7216
246  7111
253  7285
248  7164
249  7267
261  6821
263  6985
264  7020
264  6968
267  7019
254  7286
246  7074
248  7354
253  7366
248  7272
262  6815
262  7001
265  7006
265  7067
267  7023
254  7398
250  7114
249  7235
256  7431
248  7215
263  6928
265  7010
264  7027
268  7102

Time taken: 13
