***********CONSTRUÇÃO**************
ANTES | DEPOIS
0.21636   0.140547
0.213672   0.131316
0.215153   0.131807
0.215536   0.136438
0.216131   0.135605
0.213998   0.096164
0.215516   0.100005
0.21534   0.10158
0.216113   0.101396
0.217091   0.100609
0.21551   0.136292
0.215406   0.130695
0.215973   0.132878
0.216544   0.137259
0.215016   0.135652
0.218876   0.096282
0.213689   0.100143
0.216512   0.101798
0.214515   0.10141
0.217389   0.100516
0.214375   0.136275
0.214809   0.13001
0.212752   0.133136
0.216337   0.135915
0.216879   0.135674
0.215701   0.09617
0.216197   0.100012
0.214209   0.101634
0.215459   0.101528
0.216456   0.100649
0.216361   0.137478
0.216187   0.131252
0.215354   0.132888
0.216133   0.136267
0.21428   0.135165
0.215291   0.096245
0.214911   0.100201
0.21557   0.10175
0.213422   0.101436
0.217493   0.100643
0.212712   0.136906
0.217654   0.131226
0.21554   0.131859
0.216937   0.137415
0.216245   0.135449
0.215914   0.096349
0.213643   0.100001
0.21614   0.101832
0.214989   0.101417
0.215523   0.100721
***********BUSCA LOCAL**************
ANTES | DEPOIS
0.130195   0.134134
0.123597   0.126582
0.125063   0.126388
0.111201   0.13617
0.117548   0.130106
0.119505   0.134215
0.131252   0.127727
0.138715   0.130382
0.1265   0.127973
0.121482   0.133004
0.122301   0.129741
0.122285   0.139257
0.11906   0.128504
0.122579   0.139983
0.122326   0.129788
0.125589   0.130401
0.125065   0.140743
0.128699   0.124851
0.121238   0.134172
0.129986   0.131932
0.131001   0.132332
0.124804   0.1328
0.123347   0.126219
0.132414   0.134275
0.129472   0.133475
0.133016   0.121944
0.117288   0.133438
0.111236   0.129318
0.125776   0.129439
0.123234   0.134752
0.121472   0.128203
0.112535   0.140113
0.129932   0.132068
0.125115   0.138454
0.114084   0.125826
0.120471   0.132737
0.1163   0.139019
0.124628   0.130052
0.135721   0.137005
0.116995   0.12348
0.121903   0.131902
0.122064   0.129003
0.118209   0.132603
0.126739   0.134537
0.128   0.12857
0.251477   0.137228
0.134595   0.126202
0.130335   0.135634
0.121737   0.138024
0.1262   0.12126
