***********CONSTRUÇÃO**************
ANTES | DEPOIS
0.480641   0.309074
0.479213   0.305488
0.47998   0.306194
0.480711   0.306738
0.479674   0.301324
0.480039   0.304407
0.480527   0.304506
0.481521   0.303852
0.48094   0.302561
0.481201   0.30607
0.479785   0.306723
0.480457   0.304345
0.480312   0.305596
0.479647   0.306919
0.48182   0.30221
0.478781   0.305753
0.480158   0.304375
0.480665   0.303788
0.481698   0.302726
0.480199   0.306706
0.48062   0.306782
0.479816   0.305203
0.482127   0.305627
0.480461   0.306354
0.482996   0.301362
0.481956   0.305005
0.479468   0.304823
0.480336   0.303089
0.479679   0.30368
0.480716   0.307301
0.480187   0.30737
0.479797   0.301009
0.480793   0.306946
0.481002   0.305805
0.480967   0.301806
0.480104   0.30539
0.480248   0.304105
0.481625   0.303008
0.480941   0.303436
0.481351   0.306282
0.480991   0.307028
0.480939   0.305154
0.479545   0.305872
0.480173   0.306915
0.481884   0.301838
0.478716   0.305039
0.479687   0.303344
0.480837   0.303498
0.481286   0.302793
0.480434   0.306275
***********BUSCA LOCAL**************
ANTES | DEPOIS
0.50476   0.257684
0.64951   0.514769
0.375183   0.253726
1.39309   0.381482
0.506432   0.25774
1.13845   0.256584
0.379933   0.377706
1.40562   0.505392
1.15115   0.386419
0.635235   0.386738
0.376507   0.251965
0.890147   0.262446
0.505009   0.257524
0.630322   0.255493
0.368511   0.377788
0.890155   0.382556
0.503842   0.38156
1.01368   0.258441
0.63474   0.521841
1.02765   0.50974
0.878116   0.500045
0.63737   0.513577
1.01958   0.511082
1.26234   0.507313
0.879634   0.259006
0.885262   0.253504
1.02309   0.38124
0.628722   0.381309
0.882204   0.514479
0.503247   0.51468
0.627254   0.257098
0.875272   0.254655
0.637779   0.252761
1.26531   0.384837
0.892652   0.894613
0.376861   0.511614
0.507174   0.386255
1.14253   0.257456
0.628172   0.254623
0.888193   0.384375
0.627885   0.25708
0.507954   0.257162
1.28234   0.385904
1.15077   0.385734
0.760444   0.383698
0.509572   0.257384
0.752803   0.377033
0.755332   0.256569
0.508395   0.379764
0.756736   0.518942
