12008
77	1
64	3
71	2
11	28
34	1
97	9
26	1
56	1
50	42
2	1
15	3
38	1
55	2
88	1
96	1
37	2
18	5
26	3
77	6
28	2
38	1
59	2
40	1
36	2
81	1
9	4
9	19
66	2
81	1
43	3
15	2
1	6
31	2
19	2
61	16
21	15
21	1
65	4
45	1
54	2
92	2
75	1
64	2
14	141
92	1
73	29
88	6
89	18
98	3
29	2
4	10
60	2
80	4
88	28
28	2
4	1
7	1
71	2
17	3
66	1
45	2
17	2
10	1
1	1
63	1
17	1
31	2
42	4
4	10
38	1
22	2
55	2
19	20
49	1
65	43
99	3
52	1
92	1
72	2
20	1
26	6
52	1
68	2
17	1
73	1
6	2
47	1
25	1
89	7
55	2
40	1
14	1
20	1
4	7
53	1
76	2
63	2
37	5
71	2
53	4
11	1
41	1
22	12
73	8
43	6
14	2
32	9
24	3
36	1
45	2
55	5
70	1
99	21
51	109
11	3
17	3
64	1
78	1
26	3
46	1
82	2
1	2
38	10
68	24
4	1
17	1
84	1
78	1
91	3
56	2
34	2
23	1
32	6
82	2
54	2
29	14
39	1
52	2
6	1
5	23
30	4
18	1
6	2
48	31
27	15
49	3
78	2
9	1
75	1
70	3
70	1
67	12
80	2
87	14
88	9
45	11
63	4
82	18
12	4
16	15
35	1
50	2
39	2
25	1
100	1
92	25
96	1
80	1
27	1
63	1
61	2
35	4
24	1
95	5
49	2
77	2
78	35
99	3
36	1
28	1
68	7
60	3
81	2
94	12
9	1
25	1
67	1
97	3
78	4
78	15
53	22
13	2
84	4
97	88
85	19
57	1
46	8
19	8
59	29
85	3
21	31
40	1
19	1
29	9
31	3
74	1
64	5
16	1
48	7
17	6
87	1
35	1
93	8
58	2
18	1
69	1
2	2
24	3
48	4
15	182
14	1
64	1
25	2
75	8
42	2
3	1
68	2
64	13
43	10
10	67
66	2
49	1
90	2
38	12
28	1
19	4
44	11
70	2
13	1
92	2
39	3
34	1
35	1
65	1
21	1
40	14
56	2
4	11
12	1
86	1
45	3
32	5
39	2
7	4
50	1
5	3
96	4
46	1
91	2
11	8
40	4
97	16
90	1
43	2
41	3
43	1
85	1
24	3
80	6
73	3
80	7
20	5
72	215
9	1
31	8
25	1
72	4
16	2
74	7
65	2
90	2
3	4
34	1
48	3
8	1
97	7
54	3
66	1
85	39
90	4
96	5
36	5
88	1
32	10
12	1
78	1
56	4
79	1
10	1
57	7
3	109
56	5
20	2
84	3
47	2
70	1
91	7
14	6
7	6
42	1
93	1
24	2
51	70
92	2
32	4
29	4
100	1
41	4
57	4
75	1
1	1
50	1
1	123
21	3
59	5
30	1
33	12
3	7
6	1
47	2
94	2
23	1
11	84
65	2
39	1
22	3
35	9
82	4
85	4
47	2
63	41
47	4
80	9
31	82
95	1
74	2
4	1
34	1
60	1
32	2
88	2
41	7
76	2
14	2
23	3
56	8
87	2
32	2
2	1
2	1
43	1
89	11
24	2
59	1
23	1
84	10
47	1
88	3
97	25
87	1
60	5
8	8
95	1
11	1
5	2
48	5
40	1
44	2
61	1
49	2
95	7
45	2
60	6
16	1
33	4
27	3
95	2
42	2
24	1
88	6
68	2
78	1
23	14
73	1
26	22
18	1
57	5
14	3
98	4
23	9
82	2
77	4
34	1
68	2
22	2
89	5
42	3
48	3
91	1
52	1
45	1
89	1
87	21
68	1
82	2
17	2
91	3
42	3
11	2
85	1
67	3
72	2
96	5
77	3
43	2
2	4
52	12
39	2
43	4
73	2
47	1
90	1
82	1
17	5
91	2
27	1
78	1
18	18
21	1
59	17
25	1
49	7
54	9
66	7
44	12
72	6
27	34
31	2
44	1
55	19
99	9
95	2
82	4
1	4
9	1
64	1
75	1
13	1
2	2
75	4
15	1
87	2
11	1
4	6
15	1
91	3
42	2
93	1
1	4
25	26
8	24
98	8
4	1
61	7
39	2
54	1
85	2
98	28
60	3
100	2
11	1
43	1
80	9
28	24
32	2
45	26
92	1
73	1
4	20
57	2
21	3
48	3
54	1
52	5
98	1
91	11
45	3
65	1
19	2
8	2
95	10
42	2
46	39
38	1
47	18
44	6
55	19
28	3
35	1
73	7
33	1
45	79
47	3
5	1
4	1
67	1
64	58
36	3
22	3
10	1
18	2
91	3
43	1
32	1
48	2
66	1
18	2
61	22
22	1
81	1
77	1
74	7
7	4
53	2
86	2
99	2
67	2
28	3
58	3
90	1
67	101
37	7
68	12
100	1
14	1
65	6
30	13
34	83
52	2
15	4
100	5
92	15
6	2
78	41
82	1
20	1
74	18
83	2
5	1
82	2
65	9
60	2
89	1
30	34
79	5
76	3
62	1
47	56
90	1
30	5
44	3
22	1
57	1
62	7
38	1
31	6
94	3
49	5
83	2
73	2
26	1
95	12
19	1
6	1
18	1
83	30
36	24
29	1
61	1
57	14
86	2
52	4
29	1
12	4
30	3
28	19
83	6
94	3
16	3
62	59
85	77
93	2
100	92
17	1
15	4
10	1
64	6
82	1
13	54
58	1
28	2
48	9
60	1
16	1
39	2
59	3
24	4
96	1
27	8
35	1
88	16
93	4
57	1
46	1
19	1
62	1
41	3
9	5
50	5
78	2
4	13
63	1
90	1
2	2
73	1
9	91
32	1
15	6
28	28
60	14
68	1
44	1
82	3
11	13
27	1
22	12
75	1
9	1
94	4
83	1
98	1
31	14
45	6
21	4
61	8
17	5
53	72
39	1
64	24
68	1
40	1
24	60
26	12
81	6
94	19
89	4
7	1
72	1
68	2
74	1
25	2
60	1
2	147
15	18
51	12
12	2
23	6
56	1
23	1
71	1
55	4
58	9
78	11
63	3
26	1
76	2
78	2
30	15
85	7
100	2
30	7
76	1
50	2
4	2
23	8
39	2
32	16
38	4
81	9
57	3
88	4
59	83
19	39
47	1
36	11
89	237
9	3
69	6
99	15
33	4
97	1
98	1
71	2
89	3
38	2
9	6
81	1
41	3
7	5
54	2
38	3
59	1
11	1
8	3
50	4
30	8
15	9
26	3
13	1
35	14
62	1
27	3
62	3
42	1
10	1
14	2
93	3
45	1
51	63
12	11
47	1
50	1
71	9
45	1
40	4
84	1
26	5
44	2
81	5
59	101
35	2
89	3
96	36
30	2
40	1
51	3
37	102
47	4
27	3
93	1
74	1
19	3
90	34
90	6
50	6
64	40
72	1
64	4
36	7
65	3
90	3
60	13
19	2
37	2
49	3
62	5
57	4
73	8
46	1
20	1
62	2
84	29
34	3
52	15
43	1
95	16
35	27
62	3
64	1
1	2
26	16
38	52
46	10
81	18
76	2
39	158
35	3
22	1
20	4
41	5
93	1
98	1
93	269
35	1
56	1
20	1
48	15
67	1
71	3
37	19
51	21
83	5
100	1
4	37
81	11
36	4
31	5
55	17
43	1
83	37
75	2
83	1
63	3
68	4
100	17
79	15
34	5
86	1
69	1
7	111
37	10
26	4
27	1
93	1
73	1
71	4
30	1
70	1
53	8
25	1
96	2
53	6
67	1
65	8
31	1
89	1
64	143
37	1
98	2
63	6
56	1
18	5
85	29
29	1
79	1
41	1
59	1
6	113
35	2
64	2
92	2
35	1
18	5
49	3
51	1
89	8
95	7
43	6
48	1
67	7
27	16
51	149
56	1
14	14
77	31
58	3
29	7
27	6
14	2
16	1
37	1
74	1
14	3
61	163
91	2
39	33
90	6
6	2
49	151
86	3
48	4
97	5
38	10
25	1
49	4
18	1
48	1
19	8
64	2
75	6
62	2
75	10
54	15
47	5
51	1
80	8
30	14
77	4
51	9
21	15
45	1
88	344
33	2
5	23
89	2
2	11
92	6
4	8
60	1
51	16
37	2
60	2
58	2
84	1
89	2
10	2
93	1
77	9
55	2
25	3
12	1
96	2
6	1
51	51
100	105
27	3
83	2
53	1
27	2
3	10
91	1
52	1
9	2
12	7
12	15
61	1
66	3
77	13
6	1
88	32
33	1
44	1
4	1
59	5
83	1
97	1
25	13
8	1
79	6
100	7
7	2
13	1
20	5
47	5
20	6
34	2
100	1
19	1
25	1
85	1
41	2
80	17
32	2
51	7
58	5
99	2
14	2
40	1
4	12
11	108
72	125
79	4
73	1
78	9
77	2
5	2
46	5
34	6
75	121
38	1
38	2
99	96
51	20
36	1
77	11
32	22
90	3
23	2
58	29
11	2
65	2
55	1
55	2
90	138
76	1
12	1
66	1
15	14
100	8
25	1
48	8
80	11
18	1
3	1
5	1
61	1
32	9
82	31
55	2
66	3
1	2
94	1
90	2
86	11
62	5
69	1
18	2
50	244
1	1
63	5
17	5
25	3
90	1
37	1
28	2
77	1
34	3
46	1
81	3
64	9
44	3
56	1
32	2
49	1
9	5
89	63
37	11
76	2
71	1
21	7
17	124
78	1
70	2
24	13
57	1
97	2
72	1
14	4
60	7
87	2
76	3
92	4
93	6
38	35
30	3
13	1
59	6
99	1
17	3
30	3
10	192
26	2
81	1
87	3
4	1
8	4
53	2
90	2
70	3
59	7
41	3
49	16
66	3
78	3
70	2
11	50
37	3
15	3
78	29
62	1
26	1
59	5
72	2
74	5
31	1
45	242
56	3
21	3
92	1
58	9
10	19
43	1
56	18
19	9
10	2
14	2
53	13
17	7
77	12
69	6
74	3
30	1
58	5
5	2
52	5
62	3
83	5
63	3
65	3
23	1
13	3
12	12
13	3
40	8
70	3
95	4
73	2
76	1
26	2
31	6
94	32
42	2
99	2
14	9
36	1
40	4
24	2
64	2
79	14
76	2
16	8
43	3
98	3
70	3
49	6
4	2
43	1
70	1
100	3
8	1
23	5
35	1
98	2
86	4
5	9
76	1
35	224
60	3
39	5
11	2
80	1
34	10
10	16
14	3
38	1
44	1
20	1
9	1
27	3
97	1
7	4
3	1
94	7
29	2
42	1
72	2
5	3
42	1
59	3
75	1
32	126
11	5
99	1
20	3
13	6
61	1
40	11
64	1
77	5
18	4
83	2
39	51
97	3
54	24
39	3
7	4
50	1
73	29
36	5
25	3
12	1
71	6
48	1
36	8
78	3
93	2
93	2
99	1
63	15
48	8
32	3
75	2
22	1
80	8
43	2
10	24
89	54
5	1
66	74
63	2
45	3
54	64
38	4
82	2
8	5
5	1
86	9
71	3
78	1
68	3
7	1
74	5
57	3
35	1
22	2
16	4
56	4
58	9
73	1
45	3
19	29
71	13
80	20
63	4
96	1
29	3
7	2
48	4
36	1
88	14
35	2
26	1
71	2
35	4
22	1
28	74
32	1
96	6
43	19
20	4
88	2
91	3
6	2
60	3
76	3
50	1
49	3
52	2
11	1
18	15
69	2
24	1
95	21
63	36
29	37
27	1
34	15
61	9
7	2
32	4
18	7
44	4
61	9
41	15
85	3
6	8
55	4
5	2
1	1
37	4
53	11
97	18
80	26
29	1
81	2
20	62
45	1
20	4
10	25
27	2
69	40
99	5
66	36
71	33
22	1
98	9
70	3
16	2
55	24
39	2
56	7
88	9
73	154
9	1
18	1
28	1
71	3
9	4
29	2
53	1
39	62
80	27
48	2
61	3
91	10
40	1
60	18
50	2
34	12
67	23
44	12
90	1
72	3
2	6
81	16
53	1
9	37
31	1
80	6
10	23
93	3
68	5
28	2
36	1
26	2
17	2
48	3
39	3
55	1
70	1
99	1
6	1
58	4
66	1
78	1
11	5
76	12
74	9
98	1
16	4
63	1
95	14
37	7
32	4
26	2
79	33
26	2
34	1
20	6
24	7
74	1
71	54
63	1
3	8
4	2
34	1
2	1
79	1
14	2
34	14
62	1
14	20
95	3
23	1
45	16
67	16
32	3
70	10
32	2
54	1
95	50
57	1
67	2
86	11
97	2
70	3
30	37
49	43
81	7
94	3
69	1
47	1
48	1
93	1
41	3
66	3
37	1
82	2
8	3
87	24
86	2
18	6
91	2
96	6
89	5
48	1
49	2
8	3
63	8
27	20
50	100
41	1
17	4
92	2
89	41
84	2
86	1
46	5
18	2
98	1
81	2
14	6
40	136
29	1
73	9
8	56
50	3
11	6
69	1
93	2
36	2
88	53
28	1
100	3
25	10
55	42
94	1
86	83
93	85
38	1
20	1
90	1
92	42
34	2
58	18
22	18
54	1
65	1
93	5
30	3
12	3
21	2
57	18
42	2
71	1
18	8
24	2
10	16
63	19
80	1
73	36
64	1
13	2
58	3
43	1
25	79
76	2
63	3
55	2
84	1
36	9
67	1
12	6
30	16
71	1
45	1
13	1
20	3
87	1
85	1
68	1
38	1
6	1
26	1
57	4
36	2
62	2
54	2
82	1
98	2
44	2
98	1
1	1
85	17
97	25
71	7
78	5
59	4
61	1
94	1
46	2
60	2
35	2
32	1
48	26
71	3
75	1
100	3
36	23
18	4
5	9
49	19
48	7
69	7
43	9
76	2
96	7
99	1
52	2
50	10
62	49
90	2
40	4
63	1
77	1
59	4
19	4
67	9
18	1
74	4
2	1
52	3
88	5
30	13
31	2
90	11
51	32
28	2
72	1
68	3
73	9
32	9
89	1
9	17
38	6
66	5
36	1
39	39
18	1
14	5
51	3
39	1
33	1
94	1
59	1
3	107
43	18
74	23
85	20
37	52
16	6
16	2
22	37
78	4
25	1
38	11
45	1
79	4
46	1
33	4
37	33
39	8
73	9
14	14
98	13
82	3
56	23
68	13
2	10
20	7
87	25
53	2
86	1
11	8
55	3
39	3
82	1
74	1
45	4
63	1
89	2
7	2
45	272
26	10
22	2
76	29
6	2
94	4
12	1
26	70
51	2
13	1
97	4
37	26
24	70
83	1
99	14
61	3
66	22
40	28
34	5
50	6
96	2
34	28
47	1
76	11
27	24
80	8
25	1
16	1
71	1
65	20
91	65
11	1
66	1
47	1
17	1
42	34
91	2
22	1
86	3
85	4
89	32
87	6
84	2
66	1
52	1
74	1
58	22
3	8
85	17
25	1
49	36
17	1
42	4
28	3
88	2
43	1
80	2
93	6
82	5
20	2
39	2
80	1
76	1
22	2
34	1
66	1
65	49
74	11
72	7
36	37
65	51
39	2
6	1
59	1
41	4
77	1
23	1
79	24
41	1
63	1
50	2
8	1
61	2
71	1
34	3
43	6
84	18
94	3
64	2
81	1
35	4
34	1
64	3
59	6
16	6
81	1
48	1
31	1
21	14
93	1
7	2
56	2
68	6
84	5
5	35
38	4
24	1
100	17
35	7
94	36
79	2
66	2
62	2
38	4
49	5
92	3
69	19
97	3
100	2
70	14
47	4
47	3
29	58
56	2
55	1
16	5
75	1
63	2
81	4
22	2
86	2
88	2
64	4
93	1
68	1
19	10
72	2
84	1
62	120
67	1
92	2
1	4
19	2
53	5
18	2
32	42
92	3
8	1
55	3
70	3
65	1
35	5
4	1
88	3
9	1
32	2
91	10
17	3
98	1
61	4
95	2
22	1
63	1
45	2
33	1
90	1
53	1
85	2
46	4
72	29
29	2
5	2
39	2
29	1
41	2
55	1
84	2
25	1
10	2
66	1
34	8
39	2
35	12
45	6
47	2
85	18
23	1
47	8
13	9
100	3
19	1
40	5
83	62
52	1
85	4
85	4
28	3
56	60
99	2
41	1
20	1
24	15
17	1
54	2
48	3
33	6
8	6
20	1
89	9
85	1
43	6
95	1
44	2
83	1
55	1
39	6
51	5
16	14
36	1
47	1
74	15
1	1
56	1
74	3
94	12
20	2
79	1
58	3
17	2
64	9
15	1
96	1
19	1
84	3
84	1
89	33
13	1
90	1
60	1
15	13
73	1
92	19
1	3
24	9
89	1
91	1
92	10
71	3
1	7
16	2
88	4
92	14
44	2
72	1
96	1
11	8
72	2
70	16
51	9
44	23
84	4
45	1
24	1
89	12
21	2
11	2
60	2
64	14
35	4
10	3
72	6
1	1
23	2
71	28
66	1
68	7
52	1
76	3
31	2
2	104
20	8
15	216
18	1
87	2
12	2
85	3
68	73
83	3
10	3
19	1
71	2
76	1
1	1
49	7
18	2
87	9
66	2
21	1
79	7
38	19
6	42
29	1
10	1
67	6
16	5
98	1
22	2
60	1
79	1
58	1
11	12
37	4
44	2
63	19
67	1
16	1
74	54
98	6
55	31
6	14
53	2
59	1
79	2
100	2
79	1
4	1
100	1
20	1
1	2
17	18
82	16
92	4
28	27
93	5
56	2
55	1
4	2
34	3
35	2
90	1
90	13
5	50
38	1
36	1
58	4
57	11
36	19
97	8
40	1
48	2
91	1
7	2
67	56
28	7
25	3
66	2
63	1
54	6
98	10
89	8
94	3
98	69
49	1
96	1
88	161
88	1
97	3
24	1
34	3
67	4
21	13
23	4
58	1
86	1
69	5
62	14
23	2
47	2
6	4
12	2
36	1
22	1
44	138
98	2
49	1
38	11
100	1
3	2
92	2
12	6
13	44
26	1
36	2
59	4
17	17
37	1
20	2
88	1
8	28
44	1
53	20
24	20
45	1
9	51
17	5
47	10
49	1
68	2
99	3
29	6
47	101
71	1
27	2
85	2
46	6
89	2
60	3
51	2
41	6
43	3
83	2
90	1
65	38
66	1
83	4
30	58
11	1
51	4
9	2
71	3
14	1
5	1
75	9
81	1
17	3
76	3
64	1
33	9
21	13
96	4
44	3
88	17
77	7
91	2
72	1
91	4
23	5
9	5
1	1
64	15
64	1
20	3
55	5
59	1
55	1
82	3
31	3
4	1
6	2
43	1
58	1
65	8
80	15
77	1
66	2
54	3
30	11
59	20
29	2
10	14
71	4
33	1
11	2
59	4
81	1
48	2
39	62
69	4
89	1
2	3
88	2
34	1
80	1
4	11
61	10
43	2
60	5
84	5
62	3
90	9
48	2
83	2
1	2
55	1
100	1
94	17
63	3
8	3
23	2
54	10
80	23
66	56
74	2
62	2
48	16
28	3
40	1
32	4
64	1
33	1
94	1
54	4
9	112
2	5
27	1
66	37
54	7
98	1
36	11
13	9
61	1
29	2
53	1
45	4
98	17
83	1
7	7
51	1
100	2
98	4
59	1
85	2
50	2
91	2
40	1
72	8
47	1
52	2
12	2
20	1
77	5
3	2
42	8
50	3
6	1
19	10
66	2
80	1
36	1
52	1
78	1
79	3
74	1
75	1
30	24
97	3
100	1
92	1
5	1
85	2
93	1
77	19
10	68
73	5
31	6
24	1
50	16
83	19
36	5
12	1
55	91
74	5
11	10
98	12
58	4
76	3
38	6
60	1
61	1
44	2
11	1
50	1
21	7
86	3
41	1
72	6
9	2
53	1
62	1
38	1
85	1
73	3
17	2
68	2
67	1
71	5
31	2
88	3
4	1
59	1
22	21
43	34
79	2
52	8
50	3
14	1
54	2
7	2
21	4
51	10
37	1
67	3
45	7
70	6
31	15
95	5
61	14
85	3
37	22
82	1
29	2
71	4
33	2
55	7
2	7
44	1
30	1
57	8
68	4
25	26
57	2
1	1
60	10
8	4
25	4
85	2
37	169
38	1
83	5
74	8
49	17
75	8
32	4
55	45
13	19
49	3
1	1
90	1
38	11
8	3
39	14
18	33
47	67
47	3
98	26
18	1
42	3
79	4
26	3
23	18
15	6
11	8
24	5
76	8
49	1
26	1
75	3
65	29
1	34
55	8
36	2
48	9
15	1
1	6
11	2
82	1
98	1
40	12
43	1
85	16
98	12
82	3
56	2
97	4
62	20
57	129
74	1
25	1
30	2
32	3
99	10
16	1
56	2
20	1
22	3
93	2
65	3
95	1
73	2
79	7
94	2
82	2
91	127
7	1
82	21
11	2
54	2
80	7
34	1
10	1
3	6
26	3
29	4
43	2
14	1
38	5
60	7
26	5
76	2
22	25
73	19
88	1
63	2
38	1
18	2
2	3
1	12
90	1
50	5
81	1
57	8
22	5
88	6
18	11
34	3
71	1
28	1
35	1
29	6
89	1
71	46
17	2
21	10
52	1
94	1
37	6
54	2
18	3
61	6
56	3
30	1
52	6
36	1
98	2
10	17
62	1
28	12
3	67
41	20
21	2
89	14
36	1
20	142
35	15
91	65
26	5
67	1
29	2
68	13
19	1
12	1
61	12
62	1
90	1
20	6
40	3
20	3
2	30
79	1
22	1
77	21
93	1
77	1
97	8
100	15
72	1
99	5
2	51
46	2
66	3
53	1
77	31
31	2
14	2
65	1
81	40
35	11
35	12
99	1
54	2
98	1
60	1
9	2
60	1
4	2
23	1
81	12
32	43
28	37
23	221
84	24
84	1
32	1
28	1
1	2
27	1
58	20
98	32
99	2
23	46
33	1
62	67
95	11
27	6
89	1
17	1
8	25
42	1
70	1
69	1
54	2
72	1
85	12
80	1
78	6
89	1
99	1
27	25
94	10
19	8
6	1
59	4
87	1
4	47
21	1
30	12
70	39
37	1
74	9
90	1
71	6
14	114
80	11
66	236
45	5
7	1
20	3
67	1
65	2
14	2
93	1
63	8
47	7
17	8
68	7
24	33
35	2
10	1
28	3
39	1
12	6
27	5
10	3
88	1
15	22
62	17
47	1
21	5
76	27
18	1
46	1
84	3
29	133
98	1
72	2
80	1
33	3
65	1
55	4
67	5
9	3
79	2
4	4
53	7
40	23
73	42
62	6
22	4
53	5
45	31
59	4
7	1
86	3
84	28
79	4
60	252
81	11
43	1
42	5
15	2
16	3
22	20
47	1
66	20
66	4
23	2
90	1
18	31
55	8
67	49
2	2
21	3
69	1
18	147
61	3
46	3
24	6
56	3
62	6
21	15
86	25
6	1
75	6
3	15
23	37
14	3
47	28
58	4
100	3
80	19
59	1
39	1
93	1
4	2
18	1
37	3
18	2
79	2
65	1
76	1
1	39
15	1
75	16
18	32
50	8
38	6
23	1
94	1
22	17
24	1
72	4
95	5
54	5
36	1
5	2
8	26
53	1
56	5
97	1
53	3
23	7
59	1
19	1
63	4
1	11
83	1
98	4
17	27
53	3
72	4
67	4
66	1
5	14
98	1
46	5
51	3
44	1
12	3
13	10
6	2
64	7
40	1
69	3
15	4
12	15
30	1
68	1
1	1
67	3
29	2
51	2
80	4
40	7
60	2
21	2
68	5
57	4
96	233
15	1
49	2
99	16
7	2
76	2
42	79
56	1
7	10
49	2
53	2
81	4
91	7
29	23
37	5
16	35
13	1
46	1
59	1
43	4
63	75
72	2
12	1
74	2
86	2
56	1
13	15
53	3
41	3
64	3
17	10
14	1
61	2
94	3
55	57
36	4
5	1
21	18
39	1
34	1
19	2
65	17
29	7
85	7
50	1
50	2
30	1
99	7
26	3
61	3
31	1
49	6
55	3
3	5
66	1
68	13
29	2
66	40
53	9
30	2
1	1
71	1
98	4
72	8
64	1
54	2
27	12
81	1
74	20
26	3
71	1
74	2
29	1
8	4
92	7
34	2
72	2
74	1
25	19
43	5
76	1
82	22
2	1
87	60
97	1
18	138
6	49
18	11
82	14
67	14
66	5
17	48
4	9
57	2
86	1
69	2
99	2
66	10
16	2
78	1
65	3
30	6
86	2
7	3
73	3
91	4
25	10
79	4
48	3
8	1
86	1
97	8
30	17
35	2
15	3
8	8
7	2
52	25
84	4
62	5
35	4
98	2
15	3
38	2
62	43
99	1
73	19
34	3
57	2
98	4
80	2
5	7
94	5
33	6
18	2
85	3
49	1
10	227
61	5
29	1
44	31
25	20
21	65
22	3
26	25
4	1
28	1
46	4
16	2
50	34
23	17
84	3
19	7
38	1
92	1
4	7
44	11
7	4
38	12
45	43
52	39
71	163
9	3
52	2
45	2
9	3
86	1
41	1
89	2
34	2
95	20
70	13
69	2
6	135
57	1
20	6
2	1
90	3
57	32
38	3
93	3
67	3
93	2
85	7
37	5
64	2
59	3
73	38
14	24
36	4
79	2
81	1
96	29
94	2
15	29
4	8
80	2
89	74
80	1
5	8
43	16
51	2
58	6
31	3
52	1
92	2
72	1
14	12
45	1
70	1
42	1
18	1
94	1
46	1
78	12
41	2
22	20
72	3
65	1
49	2
19	4
1	8
15	4
8	2
26	4
18	1
1	1
40	1
92	2
67	9
39	2
41	1
49	5
91	21
70	7
84	2
83	1
82	2
50	1
56	6
70	9
94	6
12	1
16	1
74	36
77	2
92	2
23	2
33	12
56	34
4	3
95	1
75	2
34	6
17	28
51	25
19	1
9	6
32	34
85	14
58	1
68	1
30	9
41	7
3	6
68	3
39	3
95	2
90	15
88	3
22	2
96	2
37	6
69	5
80	102
25	1
18	4
37	2
35	2
13	9
29	1
47	4
94	3
31	3
21	1
92	1
12	3
81	2
43	1
20	12
7	2
10	1
41	4
23	6
79	1
63	1
66	1
25	4
50	2
45	3
29	2
64	1
28	1
91	2
97	110
44	5
7	3
79	60
55	3
25	1
87	2
40	2
48	5
15	2
23	1
70	1
99	17
42	1
29	4
48	1
43	33
80	1
99	1
99	2
62	2
87	1
61	2
51	1
94	3
56	97
76	1
67	3
10	11
52	4
41	2
63	1
93	3
35	1
3	12
96	1
59	2
63	9
12	1
79	1
82	1
21	2
63	49
34	20
100	5
62	1
35	1
26	1
69	3
70	8
96	7
34	1
99	1
76	41
61	1
66	1
92	4
2	1
78	6
30	6
72	5
68	12
19	84
85	5
56	6
10	6
22	1
8	1
43	42
33	8
89	3
48	1
37	2
89	1
84	19
94	3
62	3
12	3
57	28
71	23
5	2
14	5
28	1
50	1
3	6
25	5
33	1
26	4
73	3
86	1
85	3
14	30
91	3
29	1
77	5
10	4
84	7
11	3
43	1
32	3
47	26
92	2
84	19
51	49
83	2
15	8
18	21
16	32
8	4
58	1
100	8
69	3
41	5
45	3
43	1
31	4
88	1
23	1
91	3
78	1
12	1
44	14
23	1
40	3
59	6
18	15
67	9
40	2
68	1
41	4
64	1
3	2
45	67
73	2
50	3
12	3
45	6
94	47
17	19
100	1
34	14
33	2
54	1
7	1
60	5
36	40
71	15
77	90
67	3
54	4
2	1
82	1
23	8
16	1
60	1
66	3
84	1
46	7
75	1
63	12
3	6
61	2
39	1
92	2
90	264
74	2
13	3
41	4
81	1
25	2
23	1
90	2
93	17
96	3
38	21
52	160
7	1
65	1
1	1
2	3
4	1
84	3
81	3
54	4
32	1
58	3
73	2
12	4
81	1
31	1
16	1
62	1
46	26
71	3
86	1
39	10
99	10
9	22
98	1
44	5
45	169
86	1
99	190
81	2
56	35
1	5
44	4
97	2
92	1
86	3
43	2
71	4
98	5
23	3
45	1
27	1
19	1
5	3
61	2
100	1
99	2
40	2
66	3
83	6
59	1
38	8
96	2
45	5
43	5
91	6
85	79
80	1
33	10
25	14
73	1
61	28
28	1
65	1
92	5
53	1
20	13
2	1
54	1
12	3
64	3
87	3
75	1
4	8
1	1
3	3
3	1
96	4
67	2
74	2
11	2
59	4
73	18
49	2
57	5
74	4
65	86
21	2
25	1
49	4
3	2
50	5
67	1
35	17
8	1
95	2
90	9
100	3
65	4
88	2
59	10
45	1
20	1
66	1
40	4
72	7
18	2
47	13
17	76
72	1
44	1
95	2
71	2
47	16
42	1
11	2
46	8
79	6
72	7
12	1
63	2
57	4
56	4
19	5
87	9
1	1
8	1
68	55
40	1
16	1
100	11
85	2
33	25
14	3
59	1
20	21
12	25
4	8
83	9
44	2
12	1
3	4
90	3
100	5
36	1
62	5
40	2
83	2
60	1
81	15
25	1
43	8
31	2
55	5
20	5
34	2
93	1
53	11
58	1
63	2
66	17
31	1
21	14
34	1
61	1
2	1
69	5
72	27
95	4
12	1
76	6
49	3
32	4
2	1
89	1
64	69
22	1
15	1
59	3
64	23
40	83
96	1
49	8
51	3
38	3
11	3
5	4
52	1
38	1
26	14
60	5
11	5
28	4
64	2
5	1
81	6
60	1
23	2
20	1
60	1
2	1
60	1
76	2
30	1
19	237
91	3
96	2
11	2
79	6
14	1
6	3
78	6
21	17
29	2
24	4
49	6
9	18
34	2
23	2
1	2
22	1
70	6
44	1
44	3
59	1
4	3
54	4
84	29
84	4
18	5
52	76
88	50
26	1
96	2
88	4
40	1
39	2
30	4
93	12
56	1
34	1
18	9
44	3
65	2
66	1
86	103
48	25
29	3
47	1
72	2
24	6
47	7
72	1
96	12
52	2
67	3
61	4
24	34
37	4
83	1
70	2
19	1
45	168
42	3
23	2
29	2
28	1
12	3
54	3
67	3
61	2
90	7
68	9
77	5
52	8
58	29
31	2
43	2
27	5
70	2
1	1
99	12
76	5
31	5
69	1
33	1
33	3
3	1
38	1
9	1
94	3
67	2
46	2
2	9
96	4
72	29
72	1
29	5
85	143
27	3
12	5
34	2
85	1
96	1
71	3
16	8
74	44
39	18
42	33
42	1
63	7
37	1
87	2
33	1
28	19
76	2
22	5
34	1
49	1
81	2
37	4
82	4
81	5
80	20
11	2
10	2
86	1
59	1
15	2
95	4
53	4
32	2
30	1
33	1
47	2
96	9
12	17
45	1
48	2
65	12
45	4
83	40
24	88
53	1
35	5
32	5
20	4
66	4
81	5
31	1
14	12
61	2
7	6
20	1
29	1
65	14
61	3
54	1
40	1
75	60
9	4
65	2
21	68
81	1
31	1
79	2
90	80
72	11
44	1
2	47
78	38
96	1
13	1
27	1
59	2
77	3
10	3
46	2
23	1
83	4
90	2
49	2
1	3
26	13
15	2
68	20
93	1
35	1
16	1
60	15
65	2
44	5
82	1
8	1
19	3
9	1
4	164
90	1
82	4
51	1
95	1
92	4
85	1
96	6
90	2
77	1
95	2
84	4
12	1
80	1
33	1
42	66
1	1
43	16
99	9
82	2
15	1
31	1
3	2
2	6
33	8
2	9
1	13
55	4
27	1
95	5
25	2
99	1
67	2
59	29
39	17
9	4
65	1
56	10
17	3
62	1
91	1
80	1
99	1
55	36
19	2
37	1
37	1
72	367
28	227
20	1
22	1
71	8
19	22
8	3
38	39
40	2
36	3
19	3
56	5
12	2
74	1
21	3
34	14
64	1
74	2
27	11
15	1
37	1
26	1
72	19
66	2
43	2
34	29
87	23
38	1
15	4
97	1
72	1
79	13
44	3
22	2
3	1
71	2
20	5
36	1
63	4
59	1
53	4
18	4
33	1
41	30
17	1
34	5
72	1
27	2
20	3
36	8
35	1
61	2
6	8
49	1
48	6
25	1
51	1
44	21
49	5
34	4
25	2
57	1
83	1
10	3
82	2
76	2
55	28
74	4
36	6
32	10
33	1
39	1
2	3
69	21
70	1
20	1
22	64
42	2
11	1
10	1
100	1
12	1
24	7
70	3
58	92
98	3
61	2
76	6
70	4
16	24
99	27
84	3
63	10
27	1
28	1
68	2
72	7
37	1
15	3
10	1
11	1
66	5
95	7
89	2
38	7
2	8
91	16
7	9
62	45
29	33
21	1
19	4
79	116
43	1
66	10
69	45
11	9
3	3
80	17
20	3
46	53
4	40
10	9
92	2
94	32
63	1
20	10
10	1
40	10
94	2
56	1
85	1
53	3
75	3
29	3
100	3
67	4
10	1
16	1
50	1
25	9
75	1
45	9
45	6
87	2
93	2
56	5
13	10
15	1
39	10
33	1
16	20
44	1
79	1
30	1
20	1
92	2
1	4
81	8
72	263
86	15
13	5
92	68
1	1
64	1
100	1
81	2
99	1
44	1
83	4
58	3
30	3
47	25
37	5
26	1
46	20
75	35
8	2
35	12
23	1
52	5
97	1
88	57
8	2
25	3
55	45
44	46
34	20
65	18
21	1
81	1
5	3
28	7
72	12
72	2
15	2
67	1
7	5
58	3
37	6
56	2
67	2
27	24
46	1
22	1
33	1
36	3
9	3
1	15
28	1
26	2
99	2
4	1
51	2
70	8
95	6
30	30
81	9
62	2
48	1
43	3
89	88
21	2
44	1
30	41
96	1
64	14
51	2
50	15
81	3
40	2
1	83
88	3
77	1
58	3
36	1
8	1
34	7
21	2
100	59
100	2
61	1
93	1
34	29
64	1
65	1
93	11
23	71
97	4
81	100
75	2
58	1
39	1
61	31
19	212
65	1
11	1
85	1
88	3
48	2
88	1
57	1
81	68
11	3
30	1
35	3
58	2
90	4
86	1
12	31
14	3
74	8
53	1
78	2
32	2
94	28
90	19
50	10
80	5
99	4
55	9
18	3
77	4
64	1
9	5
19	7
3	3
46	2
54	2
98	2
1	75
7	3
44	2
59	1
67	3
36	1
43	17
37	1
12	3
33	320
27	1
94	1
95	1
39	10
15	2
36	1
30	5
4	1
49	13
47	2
23	3
40	15
39	5
84	2
27	5
22	15
19	2
85	2
6	5
12	3
10	3
38	1
40	2
63	13
7	2
54	2
96	1
46	1
20	1
36	25
48	4
3	55
75	1
30	2
14	13
4	1
39	6
66	2
34	2
17	1
94	4
21	35
15	42
26	13
98	2
85	13
21	1
15	2
30	18
28	2
37	1
71	1
72	3
57	1
68	15
97	1
47	41
1	3
86	3
100	3
91	14
32	4
26	1
11	1
41	2
99	2
20	1
56	9
56	1
49	2
88	1
36	1
66	3
100	1
19	1
90	3
86	3
24	1
70	1
18	173
23	2
39	4
88	1
86	2
9	1
71	6
34	7
82	2
46	1
54	1
83	2
25	47
15	5
31	8
34	4
45	3
68	8
50	7
32	1
50	7
24	1
88	1
30	1
8	1
54	1
43	1
55	1
8	11
66	13
56	1
89	9
7	5
87	6
11	1
95	4
10	7
84	3
27	1
70	5
39	5
47	1
62	1
99	3
26	1
58	17
67	2
34	7
54	1
81	1
42	2
28	5
44	2
52	2
75	44
57	93
47	5
98	4
8	9
29	8
12	17
67	3
37	1
3	2
23	2
10	6
61	1
20	9
51	2
27	7
44	9
41	2
37	2
50	6
86	5
82	3
21	3
79	18
47	1
50	4
68	1
85	21
99	1
37	1
27	5
25	3
97	50
63	2
55	2
81	5
95	1
89	3
61	3
75	57
100	1
28	2
87	40
100	3
20	1
86	2
50	1
19	1
27	2
82	15
45	2
73	115
28	1
57	1
28	3
47	1
59	1
98	2
42	1
81	13
84	1
10	1
28	77
82	26
60	1
39	2
82	17
47	12
72	1
49	7
38	1
30	1
73	4
92	68
28	30
78	13
42	1
48	2
18	2
27	1
96	6
86	22
76	1
38	9
91	1
98	3
85	1
76	3
58	2
23	8
44	5
47	9
91	3
6	1
27	7
38	4
96	1
51	1
58	2
71	1
25	1
29	3
51	2
19	2
23	6
44	20
45	4
3	117
88	23
96	4
91	32
87	49
7	2
61	1
76	1
16	1
3	1
62	3
100	1
12	2
24	2
40	2
48	5
8	2
53	7
52	1
35	18
32	14
27	6
60	1
75	3
7	1
71	1
33	1
51	1
44	24
2	7
94	54
76	3
88	2
55	3
22	1
30	1
33	3
97	16
62	1
72	8
52	4
87	2
64	1
80	20
63	15
41	2
83	3
61	1
47	4
61	7
56	2
72	2
50	4
36	1
92	6
83	1
1	2
27	121
58	12
22	1
40	12
79	30
33	4
43	17
6	19
98	6
97	13
4	1
89	3
13	2
98	3
75	1
67	26
13	1
11	2
47	4
99	2
75	2
68	1
61	8
25	1
37	82
31	10
71	34
84	4
51	5
81	9
79	2
29	1
71	1
29	15
41	1
46	2
62	3
85	2
38	4
84	1
33	1
19	2
84	1
89	2
34	4
10	10
16	4
7	15
30	1
6	3
65	2
37	17
17	2
52	1
33	2
32	3
100	2
72	10
3	2
17	1
29	17
52	3
68	21
33	26
44	1
71	119
94	213
38	3
32	4
15	1
75	190
33	2
100	4
57	3
17	3
43	4
54	1
93	5
4	3
22	15
19	1
7	17
51	1
73	1
85	14
49	6
90	32
85	39
38	1
43	1
17	2
2	3
83	3
44	134
23	4
32	1
57	1
5	3
87	20
92	1
20	12
82	1
25	1
50	3
59	2
67	6
81	2
98	1
14	7
48	1
57	2
29	1
21	2
23	5
65	7
82	2
58	25
45	1
33	4
44	2
38	1
19	16
82	3
32	15
60	1
35	3
61	1
33	1
99	2
92	3
21	147
100	1
40	3
11	38
42	2
15	3
68	4
48	1
52	13
48	3
61	6
79	3
97	1
6	1
17	2
11	1
74	1
18	10
57	2
37	1
34	18
28	3
88	9
2	1
57	19
2	25
31	17
90	10
42	12
75	1
44	2
47	225
98	10
34	27
44	3
4	26
25	3
30	1
58	7
54	1
32	2
83	1
86	2
93	4
18	1
37	1
3	6
35	2
50	1
6	3
90	6
71	1
39	3
81	2
83	4
14	2
93	4
79	8
19	10
9	2
90	4
53	2
31	1
96	3
7	5
73	1
61	1
13	16
47	4
99	3
30	4
46	64
59	2
4	4
47	1
17	3
8	4
33	1
8	2
17	10
81	1
61	3
36	1
92	1
21	6
62	7
54	2
76	3
83	9
41	5
90	1
17	5
30	1
34	1
81	4
54	2
43	5
5	6
42	1
12	1
39	2
63	6
32	4
56	1
68	1
95	1
5	3
5	1
64	1
74	5
92	36
60	1
92	2
64	2
12	1
46	2
1	2
94	1
98	2
98	9
97	4
74	6
6	2
87	3
72	1
16	1
87	3
1	1
39	13
63	2
43	10
4	5
69	3
79	1
97	2
35	4
71	2
47	25
91	4
97	8
45	2
29	6
39	4
62	6
96	5
78	1
84	1
85	1
29	2
70	9
42	18
75	2
64	2
40	21
5	11
20	6
47	2
33	8
80	1
13	10
69	25
17	3
75	1
4	6
68	1
85	1
29	3
25	7
79	64
50	2
51	1
36	1
20	2
86	2
61	1
77	4
93	24
82	6
99	5
74	1
62	2
79	8
16	5
85	7
71	63
33	1
6	1
23	1
36	1
79	1
10	8
29	8
53	9
21	9
99	3
68	8
4	2
53	4
54	3
69	1
23	13
97	1
20	44
57	1
79	1
55	1
42	2
42	1
97	1
96	2
59	11
6	4
62	2
37	2
46	10
42	1
57	1
100	1
9	1
83	1
42	1
79	1
71	2
81	33
37	3
13	1
92	1
61	2
79	5
71	1
53	10
44	2
2	25
84	13
50	1
1	2
54	2
31	1
54	3
95	1
39	3
37	56
29	7
86	5
97	1
84	2
68	1
9	4
74	25
31	6
10	1
70	189
66	1
43	4
63	1
61	5
45	9
35	3
97	48
32	308
76	1
93	1
98	3
15	1
45	3
97	14
81	1
72	1
18	2
17	5
52	10
33	2
78	3
72	1
86	43
19	1
74	5
59	14
16	1
93	3
71	1
69	1
8	1
48	5
7	1
57	9
46	1
57	1
7	3
49	5
35	2
57	4
83	1
31	20
40	2
10	4
65	2
12	2
22	1
48	1
28	2
37	2
92	1
99	1
25	2
94	2
67	1
71	9
68	1
50	2
77	1
69	9
41	1
64	3
44	2
90	31
15	3
99	2
23	18
60	1
96	1
61	1
6	4
14	4
85	1
32	164
74	1
53	1
85	2
28	16
78	69
54	17
46	2
2	36
100	8
18	14
65	1
61	1
14	1
94	2
42	3
10	6
30	2
33	2
29	2
97	5
76	2
50	2
5	1
41	3
63	6
3	1
40	1
48	1
42	1
54	15
70	1
1	3
76	3
16	5
44	6
62	2
13	4
92	1
65	4
73	2
45	3
57	5
90	1
41	2
48	1
17	1
9	2
68	13
54	1
92	6
47	3
68	1
67	5
28	12
46	5
61	160
27	3
79	21
72	8
51	29
65	1
41	1
40	2
62	2
91	9
43	3
62	140
49	1
21	1
11	1
28	6
8	24
40	1
21	23
57	1
86	1
94	1
46	6
34	7
78	3
64	6
65	1
82	2
4	5
41	2
19	8
89	5
73	9
64	1
94	1
68	4
93	18
5	1
45	2
49	2
66	7
46	2
40	1
95	7
80	11
13	6
6	7
29	1
32	242
22	64
64	15
56	9
53	3
97	3
50	1
24	5
8	3
97	21
48	1
94	3
29	2
29	2
58	6
63	1
1	1
17	243
77	2
23	1
33	1
30	9
16	3
49	9
78	7
74	39
39	3
3	1
24	1
52	1
40	1
73	10
1	4
7	1
61	89
10	1
100	1
79	62
48	5
89	19
75	4
1	1
80	15
31	1
86	1
35	14
99	76
17	7
48	1
80	6
4	16
5	21
83	11
69	3
13	12
58	2
23	11
51	1
13	3
57	2
18	10
27	1
50	1
18	7
71	1
57	1
89	1
81	1
95	4
5	5
10	2
45	1
20	4
87	1
31	2
34	1
86	2
15	3
7	28
84	4
81	2
55	2
52	9
44	1
87	63
56	1
11	37
81	9
98	2
18	3
61	3
27	3
62	3
86	1
25	21
49	1
13	73
25	119
89	1
62	149
69	8
24	1
21	7
12	1
74	13
50	6
83	50
32	2
21	35
17	1
38	1
1	1
20	2
65	7
97	4
39	2
47	1
95	16
69	3
36	3
39	2
76	5
65	2
18	1
28	1
81	3
50	5
66	1
9	1
33	32
60	1
70	1
85	1
72	1
23	2
47	1
44	1
34	1
84	2
44	87
36	131
27	1
56	2
58	1
74	4
21	10
13	6
38	5
7	1
53	1
19	1
93	1
76	1
73	7
77	4
70	2
39	1
50	228
40	1
62	3
49	3
45	1
24	1
61	59
94	19
10	1
68	1
78	3
29	7
2	39
66	19
69	2
20	1
54	4
77	1
24	1
97	7
89	4
54	50
2	3
65	3
63	1
17	8
27	3
43	1
6	3
51	1
68	16
96	14
33	211
36	44
100	1
75	3
8	4
40	8
79	3
23	8
88	203
85	1
40	16
93	1
91	16
71	99
69	6
31	130
89	1
56	1
2	4
27	3
58	5
69	3
73	1
29	8
87	20
77	13
44	82
71	2
17	2
43	1
6	1
38	1
92	10
85	16
23	2
6	3
80	1
68	1
69	3
64	68
13	3
33	1
13	96
41	249
43	1
66	1
56	35
97	43
47	3
44	1
43	10
2	4
74	14
25	115
69	1
1	5
32	1
88	115
87	3
25	4
62	5
32	1
96	4
68	4
60	10
11	249
11	10
27	4
85	9
31	1
91	1
85	5
68	2
18	2
51	1
87	2
83	4
81	14
46	1
71	3
11	1
59	14
97	2
58	5
88	1
33	1
70	15
4	6
92	39
43	2
14	2
6	1
46	8
77	2
86	6
100	2
81	1
70	2
46	7
10	1
66	3
16	3
63	59
24	1
92	1
48	1
98	1
5	15
42	3
38	1
28	3
28	1
50	6
89	322
23	1
84	3
91	2
74	3
22	1
59	3
18	3
21	1
62	4
10	30
6	1
30	1
87	15
97	1
5	2
86	59
34	1
18	1
20	1
81	1
44	5
5	6
48	1
76	2
2	1
63	7
35	65
96	1
53	13
60	1
80	2
36	1
67	13
40	11
49	7
79	2
14	3
5	3
12	1
73	3
69	6
24	3
80	4
76	54
62	2
89	8
85	1
5	5
82	3
40	10
68	2
77	1
53	1
94	2
66	1
81	1
2	4
89	1
75	1
64	2
4	122
81	9
81	2
42	1
82	3
47	1
51	1
82	1
4	3
22	1
46	1
7	1
7	1
79	1
63	1
69	24
46	2
57	1
87	2
91	1
83	2
20	2
60	1
91	2
33	9
36	11
14	1
76	5
88	6
53	62
99	1
68	9
22	5
22	38
26	1
31	13
49	2
44	3
56	3
75	1
98	1
17	27
3	1
83	1
49	6
92	1
59	1
91	1
88	201
92	13
77	1
25	5
25	1
37	4
6	4
71	1
72	2
65	11
30	1
67	15
85	2
76	1
74	4
76	161
83	1
25	1
93	1
35	1
21	1
100	11
33	2
32	28
8	16
81	28
47	11
18	20
62	3
26	3
12	25
47	27
24	3
4	28
24	18
85	3
13	80
73	4
6	1
53	4
3	1
54	3
84	62
84	3
16	31
31	16
14	1
24	1
100	6
4	3
69	67
70	4
72	3
77	1
49	4
41	7
14	1
52	2
69	1
94	1
47	1
15	4
53	4
100	10
21	14
78	16
43	14
21	3
92	1
94	1
30	8
42	7
32	1
43	3
31	2
36	1
64	48
93	2
43	4
19	1
100	3
3	1
46	2
60	3
24	2
76	2
91	3
99	1
14	5
74	6
29	1
25	1
14	1
59	3
62	9
23	9
76	5
54	6
100	2
57	35
18	3
79	2
52	54
34	1
18	27
65	1
72	321
89	1
10	10
46	3
27	1
83	4
45	3
74	4
53	1
71	10
65	14
82	2
78	2
37	71
26	3
44	1
41	2
87	13
30	3
73	7
51	1
9	10
96	4
44	1
15	6
70	2
67	7
99	3
69	1
43	1
87	1
44	3
70	4
81	7
13	5
7	2
13	1
62	4
1	1
7	3
23	85
98	257
82	17
37	2
34	7
97	2
70	28
51	4
21	17
90	21
88	3
47	2
16	4
59	2
65	2
35	6
97	15
32	8
80	1
29	1
51	1
37	1
16	24
59	7
22	3
20	2
96	5
61	1
26	106
31	1
88	11
33	1
49	5
15	7
84	1
46	17
19	2
54	10
25	1
21	10
63	2
58	8
9	2
73	2
41	7
29	3
72	3
64	5
77	2
52	8
24	8
45	4
35	8
79	10
65	1
56	1
42	13
38	1
31	1
37	2
69	1
50	2
29	2
11	2
95	1
68	3
15	1
12	3
14	1
7	19
93	7
58	12
27	1
37	2
8	1
31	33
41	2
67	4
97	1
78	226
44	2
14	1
61	1
59	2
19	6
5	9
31	79
98	1
8	1
65	2
58	7
95	5
26	2
18	2
90	163
70	1
92	3
47	2
11	1
78	1
73	10
93	2
47	5
11	2
27	8
73	5
21	12
33	3
79	3
25	3
97	10
57	3
76	4
43	3
59	1
67	3
6	4
86	19
4	1
58	9
75	2
65	1
100	20
46	28
99	1
3	5
63	3
34	1
66	16
27	8
100	26
59	1
8	2
58	1
45	12
93	2
1	3
66	1
54	1
82	3
32	6
98	18
47	1
35	1
11	2
87	2
59	14
15	4
42	2
24	1
86	1
22	1
43	41
22	7
32	14
28	8
16	14
33	3
61	1
96	12
26	2
11	1
67	3
54	75
49	3
61	1
71	1
89	1
12	3
59	6
46	5
30	1
100	54
21	3
78	29
84	2
24	17
41	2
1	5
74	2
23	7
34	2
19	3
58	14
36	37
24	1
5	1
41	1
68	1
16	2
77	21
51	6
45	17
42	3
89	1
46	3
100	10
7	4
6	2
99	2
83	1
22	3
28	1
91	4
27	20
91	2
9	1
8	1
35	14
3	1
16	22
85	1
79	1
37	2
7	4
77	1
9	1
76	22
63	2
30	2
28	2
45	2
12	1
41	1
4	3
21	1
43	2
38	1
49	1
57	2
12	1
96	100
34	1
8	4
41	2
37	2
61	2
56	1
36	2
71	23
91	378
10	231
48	84
5	3
24	6
3	10
97	1
8	1
21	5
78	2
56	2
33	4
51	1
41	4
36	2
29	2
53	8
62	17
89	1
48	281
79	1
100	2
48	1
57	17
73	16
33	16
51	21
97	2
5	3
91	1
51	2
21	1
9	5
7	12
100	1
14	1
56	2
56	1
23	9
27	2
97	1
27	1
76	2
52	13
63	5
76	2
13	1
68	2
78	9
22	30
32	13
6	60
51	4
46	8
25	1
72	1
83	24
25	12
73	3
42	1
70	3
48	1
14	2
54	3
92	2
20	1
62	24
15	74
90	6
37	2
84	7
40	2
58	2
75	1
91	50
16	1
86	3
41	3
33	7
45	3
74	1
52	1
93	1
51	1
29	1
100	3
99	1
81	2
2	3
89	4
76	1
4	11
71	33
15	10
43	72
32	9
27	11
54	1
52	3
52	1
96	62
96	2
42	21
54	2
35	35
40	6
98	4
26	1
39	1
76	1
51	3
48	2
41	1
47	3
58	1
23	8
53	5
50	3
46	2
42	1
97	10
94	1
75	2
66	7
11	6
98	4
99	21
89	28
51	1
30	7
88	28
64	3
22	1
39	1
68	9
99	4
12	20
61	1
62	2
3	1
71	1
84	1
98	10
8	66
10	8
7	10
42	30
90	2
34	1
34	1
59	5
68	1
27	1
7	5
59	3
12	16
62	1
50	1
71	1
58	2
47	2
29	2
37	2
54	2
97	10
23	7
22	5
76	2
22	4
40	2
96	1
13	1
97	9
19	2
71	27
99	9
43	1
8	9
49	1
100	1
52	1
52	1
68	177
25	1
65	1
73	1
66	4
20	2
98	5
33	1
69	9
37	28
62	1
41	2
10	1
6	1
66	5
38	9
88	1
26	3
30	4
64	72
34	1
62	5
77	3
51	3
81	1
8	4
36	1
3	2
92	9
5	4
69	2
94	1
9	11
11	4
68	2
85	2
61	1
36	1
44	3
81	8
29	1
17	14
88	8
8	1
30	100
40	5
59	8
5	9
4	1
4	1
41	2
76	51
86	1
89	1
53	1
4	56
61	1
45	1
42	1
31	17
16	1
21	18
55	2
40	2
45	3
82	2
84	2
90	5
20	4
50	1
51	4
52	21
29	2
15	2
52	3
93	21
67	1
93	2
91	14
31	1
79	1
71	26
21	1
35	22
42	1
15	4
40	4
7	5
66	4
90	3
18	19
35	1
95	4
57	8
15	9
23	4
3	9
59	6
57	1
66	1
28	25
42	38
97	2
39	1
69	1
30	1
9	1
22	3
95	1
44	2
69	1
54	2
12	3
97	2
56	8
18	6
93	1
53	1
6	1
3	2
18	7
65	4
100	1
34	22
68	1
3	5
95	2
10	1
19	14
78	2
19	4
8	5
5	1
3	1
51	2
40	3
41	9
47	14
94	10
34	4
8	1
48	167
44	1
12	22
62	7
36	5
35	1
94	4
56	5
1	38
53	2
74	4
96	3
84	2
3	1
1	2
6	51
17	2
56	1
63	4
17	9
100	15
46	1
94	7
40	1
6	2
37	37
88	16
3	8
24	2
41	9
20	23
23	1
46	8
15	8
46	1
11	1
86	35
41	3
56	11
24	17
24	9
96	1
44	1
35	38
8	17
43	15
20	15
14	57
95	1
77	4
63	1
89	1
42	17
26	6
61	4
14	37
60	1
100	29
59	1
74	37
8	46
96	3
32	1
95	39
41	19
22	1
58	3
50	17
42	2
100	1
79	38
91	13
74	15
45	110
23	2
50	2
85	1
8	5
58	5
98	3
25	2
100	1
80	5
34	75
79	1
75	17
50	1
46	1
6	1
6	2
59	28
61	5
4	1
15	18
74	1
10	2
82	2
32	1
61	5
33	1
2	1
47	8
28	6
25	1
34	4
65	2
37	26
39	2
97	12
4	1
16	20
20	17
73	27
61	1
68	13
23	3
56	2
71	3
12	2
69	1
76	1
41	1
10	2
55	2
35	3
28	8
70	2
50	19
2	6
78	1
54	6
89	5
20	2
45	37
5	17
80	5
97	1
96	14
50	1
65	1
60	1
85	6
95	1
27	14
43	44
16	1
56	1
10	3
66	3
10	1
66	27
53	1
9	1
20	1
2	1
42	4
32	1
45	1
12	1
73	3
27	1
55	4
95	1
8	2
17	2
33	2
7	18
95	1
89	1
25	5
2	1
6	1
45	1
58	2
25	12
62	22
21	11
84	3
79	2
26	5
60	15
28	6
99	14
33	1
41	7
28	1
27	3
75	3
34	1
79	1
66	20
60	2
56	1
1	3
86	9
33	42
88	5
63	4
86	2
24	1
7	6
68	11
35	15
4	6
77	11
30	38
74	1
80	3
36	3
14	2
61	5
17	3
10	6
37	79
29	3
73	4
62	4
69	2
85	8
68	1
58	1
59	1
89	3
59	4
21	4
48	4
74	25
33	1
47	1
29	1
29	4
11	13
44	12
38	21
54	4
45	1
57	1
93	1
92	1
73	1
79	2
44	23
36	4
34	1
97	3
10	3
15	1
66	22
54	5
90	21
63	3
70	4
36	3
16	14
17	14
90	8
59	3
46	3
13	1
29	11
44	30
85	4
61	1
20	5
57	2
72	1
94	1
38	1
7	1
59	2
92	3
17	15
36	7
48	5
44	1
8	3
17	12
97	4
94	4
94	4
28	1
68	20
10	1
5	1
9	2
42	1
14	6
54	1
23	1
49	1
29	1
5	9
100	1
26	1
72	53
94	3
88	2
23	3
70	104
17	1
41	2
82	49
68	3
6	3
87	1
8	6
14	1
16	3
16	2
9	1
63	283
37	2
66	3
100	7
37	1
65	11
74	9
86	2
32	2
36	2
49	1
89	2
7	45
30	2
96	2
13	2
91	1
8	3
12	2
43	1
75	2
81	5
56	8
93	2
9	1
9	2
23	2
75	5
100	1
54	1
94	1
52	7
71	2
45	2
70	24
81	1
98	6
96	1
79	21
92	1
20	7
48	1
48	2
22	7
79	1
93	2
97	2
8	4
7	1
100	4
91	15
72	7
45	4
92	17
59	11
13	3
34	2
71	3
87	1
79	12
70	1
88	11
19	1
36	1
99	1
53	5
67	1
28	2
95	1
85	1
54	3
82	1
61	2
72	2
95	1
63	2
25	1
34	1
50	1
72	2
56	42
41	1
52	4
36	1
91	4
51	14
21	1
36	22
84	1
80	1
61	1
47	30
44	54
32	1
53	1
93	1
79	13
34	1
52	2
28	2
93	1
39	3
63	7
98	1
84	6
76	1
18	1
82	15
6	2
6	1
16	2
66	2
82	22
23	8
73	78
80	1
81	30
82	2
43	2
40	1
7	41
22	3
41	2
89	2
68	6
4	1
48	3
28	13
72	5
67	6
52	19
13	6
15	2
78	25
76	17
34	11
37	26
9	13
62	1
75	1
48	3
11	1
50	9
76	1
40	2
21	6
39	3
79	3
78	13
61	2
25	44
38	27
54	1
38	5
100	1
44	4
41	1
93	4
96	2
67	1
14	3
29	6
20	3
57	2
63	2
54	1
16	3
48	11
90	75
87	45
100	19
87	6
88	4
33	3
3	6
69	1
87	1
21	1
56	5
7	11
98	1
8	47
4	1
85	3
43	1
33	1
5	18
33	1
53	6
78	1
17	6
24	2
47	1
12	1
72	2
23	65
31	2
34	1
89	3
78	1
42	5
25	2
32	4
42	13
26	40
91	2
17	2
48	2
57	1
16	1
30	172
2	2
19	9
45	35
5	1
90	14
35	5
96	2
74	2
1	2
55	90
93	2
5	1
85	1
4	4
46	2
89	1
96	37
81	4
66	2
65	8
35	11
72	3
16	3
66	3
49	2
59	1
43	1
85	1
81	1
79	12
72	15
72	11
79	3
58	2
41	4
3	1
20	4
57	7
23	64
3	5
47	7
64	1
28	1
20	48
88	4
33	1
70	4
26	2
8	1
43	1
5	2
27	1
23	1
63	1
10	7
68	141
77	2
100	3
82	1
64	2
22	1
28	1
52	3
90	1
87	1
11	16
81	11
19	2
24	67
51	1
49	5
44	2
52	1
81	1
15	22
2	1
93	6
78	17
85	1
7	1
50	3
66	1
5	2
36	7
68	1
65	3
8	10
93	1
4	20
45	1
21	2
57	5
79	3
9	1
52	14
86	5
83	3
35	1
39	12
19	2
8	7
74	4
96	84
27	17
43	2
20	1
68	8
76	2
13	2
61	6
50	2
20	3
1	4
22	2
76	1
98	1
80	1
2	1
41	91
25	4
50	2
45	4
75	3
67	1
59	7
54	3
77	1
43	1
79	1
16	12
9	9
40	1
88	2
14	2
69	1
10	2
37	1
40	2
30	1
49	2
85	1
48	2
26	5
89	22
58	3
9	1
21	2
57	5
90	3
35	2
63	1
80	10
54	63
61	1
77	3
22	85
62	71
73	2
11	2
43	9
17	18
38	2
52	5
97	2
68	53
54	84
31	2
29	8
4	1
18	249
2	10
92	2
12	21
2	1
29	2
94	15
100	1
34	1
76	5
47	11
66	245
25	2
33	9
84	1
45	10
20	2
92	10
61	4
79	4
29	7
10	5
4	2
4	5
63	1
71	1
26	9
61	9
88	50
54	5
33	1
71	3
48	1
68	1
70	2
22	2
5	6
72	1
44	16
48	6
6	14
19	16
10	2
81	1
23	2
67	1
89	4
12	2
56	50
44	1
76	1
26	1
99	31
39	13
72	4
52	3
9	3
60	2
100	2
15	37
31	2
81	5
70	3
54	4
22	3
1	1
65	1
29	3
75	1
61	5
58	18
27	4
85	6
83	3
82	3
58	1
30	11
82	2
82	3
28	1
36	3
100	8
58	1
68	2
100	51
30	4
44	1
74	1
98	78
64	1
57	1
43	1
62	3
88	4
11	1
46	3
47	3
51	3
29	2
88	4
49	4
36	30
77	2
72	1
69	31
5	11
7	14
14	12
22	2
11	2
68	3
31	98
56	22
69	1
2	10
64	11
26	25
94	52
64	2
28	1
99	5
60	12
30	1
24	1
74	1
35	1
45	1
6	17
49	1
89	4
30	9
52	8
55	10
9	1
9	25
2	1
71	1
15	14
34	16
2	1
28	1
51	10
5	2
76	3
34	2
55	3
16	15
22	1
2	23
92	2
69	11
68	1
7	11
42	2
24	2
3	5
83	1
74	5
13	4
45	12
13	1
12	22
9	2
54	2
14	1
72	2
90	2
76	17
25	2
40	1
12	23
50	25
46	2
81	1
76	1
55	1
28	1
20	1
51	2
45	15
70	13
2	2
7	19
7	3
46	3
30	3
39	5
51	28
5	50
94	6
60	1
73	2
70	2
22	6
69	40
89	1
86	2
100	2
71	7
26	2
3	1
25	3
37	13
29	34
62	1
25	3
73	3
59	37
41	63
15	22
1	2
50	1
48	9
29	3
7	4
39	1
12	1
54	1
42	100
93	12
55	1
75	27
66	23
21	1
68	2
18	16
41	8
6	1
67	1
59	1
92	13
86	1
11	3
3	1
72	2
6	1
63	6
4	2
68	1
37	1
63	1
55	1
24	1
44	4
49	1
67	6
50	4
47	3
90	24
16	1
47	171
38	1
5	3
41	8
18	4
59	1
35	12
35	5
28	10
52	2
31	8
20	119
70	6
44	1
66	4
24	11
31	1
72	3
55	1
11	2
93	3
55	1
85	3
88	3
19	2
39	1
62	12
33	1
75	1
94	2
34	2
3	2
83	7
3	1
90	25
12	1
85	1
12	31
59	3
84	10
43	16
31	1
32	22
86	3
91	2
98	1
1	2
92	1
79	1
71	2
11	3
54	1
51	8
68	157
16	3
39	39
74	2
61	25
35	22
15	1
30	1
1	2
17	3
64	49
90	7
66	1
19	1
48	3
88	1
30	1
18	1
61	8
40	3
100	1
23	3
51	2
78	2
85	1
43	2
40	20
85	1
36	2
80	3
72	10
2	3
70	11
73	9
62	2
6	8
90	1
26	3
32	1
91	4
49	85
16	5
69	10
50	10
55	4
39	1
96	3
31	2
10	4
98	1
18	1
83	1
83	1
100	8
16	5
35	2
27	16
8	2
2	1
50	37
38	2
34	10
31	1
1	4
18	1
63	10
4	12
95	2
58	1
5	1
87	5
92	12
40	32
59	3
8	2
50	1
52	221
81	5
99	155
27	1
82	1
55	1
38	12
76	1
46	20
71	2
70	1
97	13
14	2
2	3
68	21
18	1
86	7
5	2
31	4
51	1
72	2
49	6
58	9
56	2
3	1
36	3
40	2
85	1
39	1
26	1
41	2
29	1
92	3
61	1
16	2
86	3
20	17
47	2
58	1
33	1
32	2
36	3
51	2
28	5
9	2
99	3
99	1
78	3
64	11
64	1
5	1
69	5
82	32
53	1
73	1
3	1
4	1
78	3
13	1
100	4
13	1
74	14
29	3
1	48
41	2
74	1
64	1
20	1
12	2
40	25
61	2
91	3
35	5
23	1
29	1
19	2
71	2
52	8
95	1
94	4
19	7
83	5
12	2
83	1
78	1
11	2
67	1
7	26
22	1
99	21
2	10
91	4
13	3
75	5
98	9
97	12
87	7
54	7
84	8
25	2
9	1
56	2
37	5
27	25
42	6
11	1
46	1
18	22
48	4
20	2
12	1
65	8
46	32
47	83
54	117
46	12
59	195
41	1
62	5
56	3
96	5
49	6
19	5
2	9
10	1
63	3
88	2
70	3
45	3
66	2
92	1
17	3
64	1
96	9
28	1
32	3
68	30
16	4
50	7
4	2
90	1
84	13
45	2
62	1
26	1
43	2
42	9
18	8
68	5
85	1
15	3
18	2
100	46
68	46
55	1
12	58
41	4
21	16
5	1
30	7
13	6
50	281
83	1
62	1
31	5
96	1
14	1
26	4
51	213
66	266
69	1
48	9
76	1
98	13
55	1
13	5
50	4
25	17
80	2
33	4
84	7
6	4
94	2
62	4
29	20
100	1
56	1
9	4
71	3
67	1
84	1
96	3
93	4
17	12
57	1
86	22
78	1
38	3
74	1
18	1
78	3
50	13
67	1
67	23
16	3
14	5
16	1
37	1
28	6
83	3
54	13
77	16
11	1
5	1
64	2
38	2
90	1
29	13
97	1
94	2
32	1
68	2
68	5
6	2
8	3
83	14
8	2
96	3
24	2
54	1
26	4
84	1
29	2
76	3
60	36
42	1
79	1
38	1
64	37
45	3
35	1
36	323
38	1
64	3
88	1
100	1
11	3
32	1
48	4
69	1
27	19
49	68
22	2
3	40
33	35
59	1
26	30
13	7
30	43
23	28
97	1
81	1
10	1
99	1
71	4
15	4
32	2
7	147
53	7
41	5
8	5
3	1
97	1
95	2
44	18
46	5
43	35
99	1
43	1
12	41
67	24
14	3
93	2
2	1
33	1
81	1
93	20
24	15
2	1
19	8
38	1
37	46
42	2
88	3
36	79
1	3
29	28
4	4
86	5
17	15
99	6
9	58
36	2
35	4
53	5
86	25
69	2
74	2
60	2
98	2
65	1
1	2
63	1
66	2
60	1
69	58
83	2
4	19
60	3
6	9
91	4
6	1
16	1
73	17
44	9
22	42
19	2
53	4
25	3
33	13
51	8
46	5
78	1
2	4
88	1
53	1
2	9
93	1
40	1
45	1
86	2
43	1
40	1
88	1
12	6
52	4
21	3
47	9
99	1
38	3
12	1
19	1
51	8
82	3
27	1
74	1
44	2
67	4
63	1
98	1
26	1
88	24
51	8
47	1
87	1
38	1
78	8
10	42
67	4
71	4
21	86
57	6
63	1
98	3
81	5
99	16
1	3
4	3
72	3
99	1
39	1
55	4
43	1
96	1
12	2
54	2
13	4
48	2
36	4
100	17
96	1
23	15
36	2
46	2
80	4
69	1
83	2
86	5
91	26
86	1
51	2
86	16
52	3
90	1
33	4
56	14
39	1
76	13
7	3
37	8
21	4
56	5
31	1
81	1
78	5
27	2
9	20
94	2
48	35
99	9
25	1
13	14
83	1
93	4
13	2
80	9
85	1
89	1
32	3
88	6
38	1
40	1
78	2
58	5
20	1
58	4
14	8
11	5
9	21
89	2
31	1
7	258
7	1
81	1
67	13
50	8
35	2
2	1
25	20
37	1
18	1
40	3
15	1
79	25
52	3
97	27
39	2
100	5
53	5
86	1
1	3
26	1
27	3
98	1
37	1
95	1
32	1
37	18
84	3
22	1
86	35
21	6
76	5
20	1
1	12
50	5
43	20
39	2
54	10
19	2
74	1
48	4
52	1
4	9
55	3
74	5
98	2
63	1
15	23
4	2
90	2
71	1
79	2
100	2
96	3
26	3
88	58
27	1
13	1
25	10
58	2
7	57
45	7
79	1
55	3
29	31
34	1
76	7
59	2
48	3
50	10
75	33
49	2
75	5
34	2
29	1
49	2
45	1
60	1
55	5
56	20
11	1
33	1
5	4
65	1
49	1
24	2
50	4
28	10
85	4
27	2
52	10
4	12
72	4
23	1
77	3
13	1
19	1
77	5
40	1
74	3
59	1
62	1
72	98
36	1
2	11
73	30
88	5
52	3
91	3
89	2
52	202
58	3
49	5
44	1
78	3
75	4
17	8
96	1
77	20
48	3
92	2
82	1
100	8
90	4
59	2
61	31
82	2
31	2
55	2
18	2
94	2
20	2
80	23
2	1
45	1
38	1
25	96
66	71
57	1
18	5
36	1
77	2
99	5
99	3
85	15
37	2
11	1
40	22
70	17
51	1
45	86
53	1
11	2
98	6
77	1
34	1
97	2
33	2
20	5
100	3
50	164
82	3
43	3
54	1
65	4
29	1
96	5
82	1
50	2
77	3
98	2
42	12
23	2
40	44
8	2
98	6
78	3
20	2
51	2
87	1
81	25
79	5
47	2
38	3
43	1
74	3
79	5
85	20
40	1
94	1
67	7
7	2
21	22
68	1
52	1
41	1
21	8
64	116
32	1
68	1
66	1
66	1
60	4
96	1
78	8
98	1
84	1
93	4
82	2
79	1
66	5
69	54
90	1
58	1
84	1
47	1
69	125
44	4
65	44
79	1
83	1
39	2
83	10
22	1
42	1
49	2
70	22
98	1
52	2
84	1
83	1
35	29
45	7
31	5
72	2
52	17
36	1
72	19
72	13
34	1
96	15
24	1
3	2
29	2
27	7
93	2
94	1
12	1
9	3
47	16
2	1
87	1
43	2
6	3
55	2
79	4
22	10
19	1
75	16
82	1
11	1
14	2
54	2
41	1
70	2
46	2
41	7
59	8
42	1
49	4
3	4
97	79
33	1
4	4
14	7
11	9
63	2
27	16
52	8
82	4
11	1
95	1
11	8
86	2
69	2
51	3
17	9
99	7
14	1
7	44
38	2
3	2
45	1
20	1
1	3
21	1
80	3
65	2
20	2
97	1
89	5
63	1
45	111
6	11
14	1
90	2
81	3
3	2
73	66
74	3
75	40
87	14
13	1
99	3
54	3
24	6
41	2
98	1
98	1
48	2
19	6
14	3
80	3
76	1
42	1
77	1
47	17
26	3
67	7
43	25
19	15
13	3
4	4
49	10
69	2
64	28
84	2
85	1
97	3
67	1
13	26
58	1
11	1
70	8
60	77
48	75
82	14
41	4
73	1
91	1
88	9
79	14
35	1
38	2
28	1
72	6
51	2
51	1
17	6
89	3
83	6
5	4
47	1
54	29
90	1
64	2
49	50
52	3
58	3
65	1
97	1
76	1
66	27
8	51
97	1
9	3
84	2
48	1
14	1
5	1
96	4
33	5
63	4
27	2
25	2
56	3
27	271
67	7
9	2
77	10
74	3
88	3
2	1
90	3
87	35
70	3
15	134
78	2
86	17
100	1
98	6
82	5
89	77
72	6
78	1
6	1
37	1
11	1
32	6
57	2
98	2
4	6
28	4
92	1
88	49
26	15
97	10
61	8
58	7
34	6
33	107
89	29
36	1
11	1
55	10
36	3
92	3
68	1
71	1
35	1
2	2
95	4
18	20
35	3
39	1
14	5
59	3
44	1
5	1
12	3
20	7
63	2
90	3
86	2
92	1
22	1
32	1
95	3
23	1
76	1
1	11
88	2
96	7
57	11
84	2
11	2
68	7
69	2
6	7
69	2
74	5
94	1
58	1
5	2
20	2
97	5
26	1
84	7
14	3
20	8
60	1
3	2
54	1
88	1
29	1
8	2
98	2
10	5
92	2
91	1
98	3
35	2
70	2
43	2
62	4
83	31
96	1
52	1
12	14
12	1
98	3
93	1
23	1
55	2
15	8
77	65
32	16
87	3
33	8
40	2
96	2
18	2
11	1
44	1
59	2
61	12
78	1
4	17
54	1
66	1
54	1
84	1
57	31
42	3
4	17
86	1
54	1
45	2
24	3
37	61
48	2
42	4
1	10
77	1
6	5
78	1
88	3
100	17
35	3
88	1
73	1
92	43
28	5
42	1
29	3
36	1
79	3
4	1
26	6
37	12
27	8
95	10
79	2
14	329
87	9
55	5
74	17
89	14
86	2
3	1
13	2
93	2
67	1
22	9
81	31
76	21
24	9
24	1
15	2
67	1
38	1
16	1
22	3
15	3
86	2
25	5
58	7
89	9
18	5
69	90
20	2
56	209
65	1
97	3
16	6
36	23
87	5
67	3
54	4
68	13
1	4
89	19
13	2
34	1
39	2
79	2
49	3
53	2
17	1
48	6
64	8
88	8
85	1
11	2
38	4
81	1
73	2
99	2
98	1
19	3
38	2
98	1
35	2
51	10
51	1
34	2
32	3
69	14
30	1
6	1
12	1
8	6
7	11
73	3
91	77
92	1
41	1
66	28
43	1
78	2
66	1
11	1
88	5
65	1
61	1
36	11
8	3
60	74
1	54
70	1
75	1
71	1
54	1
94	8
56	2
41	2
37	2
23	1
34	2
41	13
61	1
70	38
70	6
33	5
12	1
13	18
68	1
53	9
23	1
69	2
20	1
3	1
63	1
80	1
16	13
94	2
99	74
47	3
43	4
91	27
33	2
92	12
38	25
73	3
42	2
89	7
5	1
70	19
20	1
15	1
73	3
62	4
22	3
91	2
39	1
69	1
84	1
75	1
57	5
32	5
43	70
63	14
15	1
65	2
85	45
21	1
90	1
79	1
94	21
78	4
2	1
7	133
11	5
57	5
83	1
68	5
12	1
71	1
66	1
60	1
18	2
6	1
67	1
18	1
6	2
44	1
45	1
44	2
34	3
73	2
92	1
92	1
23	1
80	2
100	17
90	2
72	1
24	1
83	2
49	1
39	8
99	1
45	2
90	2
45	2
97	1
3	4
42	1
53	21
16	3
65	68
21	5
52	10
77	2
88	6
74	5
69	4
14	2
65	1
43	7
65	4
1	2
79	23
95	1
67	10
35	7
67	9
70	7
51	2
4	4
71	1
21	3
52	9
3	24
88	4
28	1
36	3
71	8
74	166
96	3
80	2
75	3
38	1
68	8
90	16
82	1
51	2
2	2
87	2
21	4
53	1
79	6
80	7
53	1
18	5
96	4
82	65
47	6
14	13
63	29
36	2
18	6
98	2
91	13
74	2
62	1
62	6
65	46
93	15
45	3
69	2
63	117
62	2
73	1
22	3
33	3
30	3
94	4
20	9
67	1
46	2
71	4
72	1
100	4
56	4
77	2
40	4
30	4
99	2
80	8
88	9
28	1
14	4
48	23
8	7
79	35
93	1
64	1
88	16
79	1
62	2
23	4
98	1
55	24
5	5
68	2
98	4
13	25
72	29
97	32
77	4
36	6
27	1
85	2
65	1
14	11
74	7
32	26
40	2
20	3
71	2
88	3
86	8
32	2
11	11
89	4
54	3
59	4
27	80
98	10
10	3
21	3
47	1
6	4
89	2
81	5
64	2
32	2
71	5
10	7
94	5
71	3
74	1
30	1
24	1
42	4
38	1
68	12
18	2
73	1
98	231
70	2
25	1
65	13
67	8
80	2
24	3
62	1
80	1
100	2
70	5
88	4
8	48
95	57
27	1
83	8
73	1
88	4
56	4
96	11
31	7
37	1
26	4
55	2
89	2
59	20
99	6
17	1
52	3
83	2
31	3
54	1
73	23
3	2
50	95
54	12
78	1
33	1
40	1
11	4
93	68
89	1
67	3
49	156
69	3
48	1
51	4
5	4
47	1
3	1
9	9
75	3
97	11
40	5
98	28
67	2
71	2
84	7
13	1
58	1
18	5
31	4
59	1
43	3
93	1
4	1
4	10
91	1
88	48
40	3
32	1
30	1
14	2
90	3
1	14
6	2
57	1
39	25
74	1
23	8
82	2
71	2
7	3
89	1
92	2
35	1
39	10
77	2
81	4
29	4
17	1
52	6
73	3
39	1
74	1
63	1
90	3
44	2
47	2
42	3
64	4
12	2
91	18
5	24
58	2
5	3
18	2
51	1
49	24
87	1
54	10
81	1
87	2
43	5
7	3
22	1
63	101
24	1
25	5
76	1
13	7
59	6
39	1
24	1
2	1
13	3
16	3
1	3
68	122
34	1
78	1
96	2
91	6
45	2
52	1
100	2
4	24
50	15
71	8
33	1
40	2
78	1
89	1
56	1
73	2
81	1
47	3
90	7
100	9
56	2
6	3
18	22
69	1
54	4
45	2
15	21
82	9
38	9
75	10
77	5
85	3
97	14
86	2
71	1
24	1
39	2
37	4
89	1
75	7
48	20
80	237
54	1
59	2
83	79
87	1
79	2
69	2
5	4
18	26
42	4
57	13
22	2
39	1
2	9
56	84
84	1
15	2
1	2
32	4
57	5
46	14
89	7
15	6
71	4
73	1
24	2
43	1
74	5
7	26
47	6
75	4
49	2
23	2
14	1
36	1
73	3
58	13
47	1
58	1
7	7
81	3
59	2
27	8
56	16
58	1
98	4
88	1
73	1
99	5
64	1
9	2
67	8
1	51
41	17
81	1
88	5
80	1
36	110
29	8
94	1
97	2
69	4
42	8
45	2
32	2
78	1
48	3
9	1
8	4
58	5
99	16
49	1
42	2
88	4
78	6
55	2
24	2
61	1
16	9
9	72
18	4
38	1
81	1
17	2
46	12
27	2
70	2
26	1
62	1
80	5
45	4
65	1
60	21
37	2
83	10
74	5
82	1
68	32
9	25
1	1
9	3
50	6
6	1
88	7
39	1
59	4
4	2
56	3
100	1
91	1
89	2
33	2
75	10
84	13
36	4
42	12
15	1
74	1
18	43
92	2
80	2
43	2
24	24
51	1
94	4
5	1
4	10
3	5
42	1
66	1
74	1
25	3
49	2
12	1
12	12
78	15
4	2
78	2
70	2
3	3
20	3
96	3
48	1
6	1
88	5
70	1
29	3
52	6
44	8
47	2
66	1
50	2
95	1
49	3
59	6
30	8
9	2
53	32
27	1
49	46
28	4
78	60
16	8
37	1
44	2
18	39
6	10
83	1
97	1
16	5
85	1
85	2
74	1
53	1
47	3
17	2
23	2
34	10
74	2
49	6
52	14
79	2
36	1
60	1
43	2
91	2
24	1
71	1
15	13
48	4
29	1
39	5
9	8
89	2
41	2
99	12
6	2
52	2
89	1
76	1
90	1
61	8
96	1
61	8
59	1
75	20
23	7
89	3
84	31
12	2
17	30
19	55
91	14
66	6
85	1
14	6
63	2
86	35
58	5
73	2
5	11
54	2
12	1
9	14
23	13
23	6
86	1
17	1
15	7
60	2
27	34
24	5
47	2
100	7
58	1
23	7
22	2
92	4
22	1
80	2
23	1
38	14
98	1
37	3
88	32
62	8
20	6
7	1
97	1
74	7
81	4
67	2
76	1
87	22
9	81
44	38
71	46
92	18
87	10
32	1
75	4
92	1
82	2
12	1
56	3
84	5
86	1
90	51
60	1
62	1
94	21
4	3
38	1
37	9
74	1
2	1
65	4
93	3
91	3
29	7
46	2
33	1
14	1
95	7
3	6
46	6
13	1
64	16
95	2
78	4
72	3
19	1
72	9
38	3
19	2
59	2
30	3
98	27
70	1
20	7
48	1
71	3
65	4
62	29
38	11
78	1
70	13
49	2
59	1
55	2
52	1
97	2
61	1
27	2
86	6
53	1
63	174
97	1
9	2
38	8
49	1
7	12
63	2
11	3
93	3
54	17
35	2
28	10
43	5
76	2
52	1
66	4
54	1
94	1
72	3
61	1
50	8
41	3
26	1
37	8
21	3
13	2
91	5
1	1
45	6
66	3
7	1
63	3
96	6
74	2
90	19
90	18
5	1
4	6
86	2
99	2
34	1
12	1
2	1
61	4
91	2
46	2
60	9
12	24
19	12
26	11
23	1
100	2
50	3
60	3
46	7
92	16
20	11
7	7
18	1
71	3
45	24
60	4
28	9
15	3
8	1
6	1
60	1
61	3
59	7
47	3
30	3
39	8
92	10
22	77
64	1
20	2
60	15
67	91
1	1
84	2
74	22
43	4
46	1
45	1
27	17
13	11
80	5
10	2
48	3
83	17
27	1
74	4
84	1
76	45
73	36
96	3
100	2
82	3
93	26
2	2
68	26
79	2
68	21
21	1
23	1
81	1
8	1
86	1
46	3
79	1
71	2
16	12
64	1
20	1
75	4
78	5
90	6
93	19
48	1
76	7
72	4
70	2
62	7
74	1
67	1
24	7
77	8
64	3
88	18
47	1
7	2
55	3
33	1
4	1
16	3
2	7
39	1
17	36
78	1
58	26
93	2
85	1
24	6
61	1
34	1
24	8
84	2
35	1
29	14
47	9
69	2
30	5
71	13
10	3
88	142
43	9
52	28
1	12
31	1
89	2
21	40
4	1
41	1
23	1
81	16
64	1
21	1
60	4
43	121
90	4
88	10
13	1
15	123
65	339
79	18
62	11
16	3
54	1
7	1
77	23
48	1
88	2
37	10
10	7
67	33
60	1
35	6
44	32
37	1
46	2
12	1
65	3
24	7
87	2
97	2
69	3
6	1
12	10
54	11
72	36
72	6
26	1
55	40
7	1
29	3
58	2
63	4
23	4
44	7
19	1
23	7
84	12
94	1
74	3
69	4
71	49
80	42
50	4
68	4
28	1
11	4
92	204
11	1
62	3
22	1
93	9
67	4
75	1
76	1
63	23
97	6
87	1
32	2
61	44
95	1
99	2
25	23
82	5
3	3
40	2
76	75
23	1
12	2
6	2
49	1
34	1
53	5
20	11
60	7
88	1
20	5
16	2
28	12
34	1
92	2
58	15
8	1
13	2
81	1
58	1
38	1
26	2
16	16
79	2
29	1
33	2
51	5
47	1
97	191
60	1
52	2
59	9
100	1
31	1
40	1
62	4
83	1
72	1
36	1
77	2
15	5
64	15
9	1
47	1
90	3
44	2
26	2
5	4
76	8
9	3
78	1
97	5
61	1
62	6
21	8
12	22
99	1
3	3
38	15
63	1
58	2
24	8
12	6
12	2
18	5
54	2
46	3
8	2
73	2
5	1
11	1
79	1
44	3
67	4
82	3
11	12
86	1
74	2
66	3
36	189
61	24
31	1
95	2
63	5
10	5
12	35
87	1
32	1
71	2
14	20
30	5
44	7
63	1
16	1
6	24
63	3
44	36
23	8
34	6
56	2
55	12
19	1
9	1
23	1
52	1
35	6
65	1
49	1
99	13
58	1
67	2
73	273
17	24
99	19
83	58
50	2
25	9
82	2
70	10
15	1
45	2
3	25
79	11
39	1
66	1
84	2
20	1
93	6
54	9
91	1
1	59
77	8
59	1
9	7
66	11
2	1
24	111
74	2
6	1
83	12
60	3
55	1
74	3
19	4
42	2
67	21
52	49
18	8
5	2
43	6
52	2
36	96
99	68
82	7
73	12
78	2
30	21
14	6
35	1
35	1
93	2
69	1
48	22
7	34
63	6
77	2
44	2
93	30
25	123
49	2
38	1
32	4
14	31
26	1
29	8
23	2
65	2
18	1
28	1
19	4
24	2
7	5
11	4
12	24
77	2
35	2
37	6
85	1
62	2
49	2
22	1
16	7
65	2
1	3
8	4
85	5
65	13
53	4
95	1
13	1
23	16
37	2
64	1
13	33
34	11
20	1
36	1
44	3
67	20
96	2
14	2
60	1
23	3
57	4
27	1
92	2
68	1
11	4
52	31
9	239
36	1
92	3
14	18
74	1
31	1
9	9
49	6
26	2
83	3
44	1
4	1
57	1
14	1
2	5
42	1
1	6
41	9
51	2
79	1
37	1
45	1
56	20
64	1
67	16
64	6
6	5
96	2
89	1
33	26
25	1
4	22
54	2
69	7
2	4
31	1
59	7
35	5
19	1
48	3
48	2
47	3
81	7
67	7
3	53
11	1
24	1
5	95
15	7
32	1
24	1
58	8
89	2
52	1
95	2
45	23
13	6
99	5
85	1
14	2
16	1
67	1
94	10
68	13
47	1
76	3
66	2
8	1
29	16
13	3
10	5
69	1
52	1
19	1
84	4
27	2
11	2
91	1
15	1
64	6
61	2
35	3
24	6
32	2
53	28
79	4
53	2
39	7
65	2
43	3
92	4
100	1
14	1
11	3
3	3
42	2
65	4
41	1
22	64
43	4
20	9
39	1
19	4
79	1
86	42
84	1
42	1
83	7
76	4
36	63
71	1
93	2
56	5
26	27
61	1
2	1
41	2
55	2
69	2
94	4
58	2
34	3
63	1
6	11
13	2
20	3
21	1
69	2
49	6
5	1
66	6
93	3
50	1
68	1
84	14
75	2
42	19
92	1
77	2
46	9
42	4
24	1
29	2
90	2
90	1
38	13
5	7
64	1
30	15
76	1
48	49
6	1
10	39
98	5
97	2
27	1
60	12
52	10
93	1
16	13
87	7
88	3
88	1
49	13
38	1
81	2
77	25
26	3
86	1
24	3
18	7
24	10
99	1
64	5
16	4
25	3
36	1
45	1
19	11
91	13
20	2
93	4
13	6
34	2
93	1
33	3
7	9
86	5
83	2
1	1
83	1
99	1
41	7
93	1
39	4
19	4
11	1
6	3
29	1
21	3
100	117
82	11
13	9
16	2
19	3
44	1
44	25
71	2
89	2
48	13
3	3
37	1
77	11
35	1
84	1
77	1
64	25
94	2
28	6
22	1
76	2
50	5
59	3
55	1
88	3
73	56
20	34
2	1
54	14
4	4
95	1
73	4
89	1
86	63
26	3
13	1
24	1
71	8
34	9
80	3
31	1
62	1
65	5
97	12
3	5
56	2
31	9
7	2
45	11
38	3
4	4
22	1
64	1
13	2
69	65
22	4
48	2
1	35
50	8
83	4
53	1
52	1
69	8
6	89
7	3
86	12
45	3
88	1
50	20
61	2
44	21
22	14
68	31
55	19
75	31
72	2
26	8
63	4
86	4
10	5
63	2
53	1
53	4
71	3
44	24
73	1
64	1
81	2
67	12
52	3
24	2
69	8
99	2
99	11
50	24
27	13
55	1
24	15
70	4
10	3
77	2
51	2
27	84
75	24
71	1
86	1
2	2
99	1
36	1
35	3
58	1
2	1
91	3
19	1
22	50
25	5
13	1
42	1
10	1
84	2
46	1
78	1
27	3
50	2
73	2
51	16
48	1
94	62
28	2
98	1
44	9
99	14
100	21
47	4
12	2
41	14
50	34
60	2
46	239
42	7
45	2
52	2
96	4
82	1
8	2
24	1
4	1
11	3
18	3
64	13
86	3
90	2
74	2
15	2
9	31
41	96
99	41
49	2
88	2
69	1
12	59
2	4
18	7
69	3
68	3
16	5
89	1
91	2
57	2
85	1
12	2
22	5
20	3
56	1
51	1
5	1
68	1
28	8
17	1
24	1
29	2
88	8
48	1
82	7
87	1
22	2
94	5
13	1
65	1
71	9
44	1
29	2
33	1
99	3
52	8
37	1
14	1
100	1
7	1
17	9
51	1
95	2
81	9
61	2
27	1
63	4
11	2
84	1
99	1
96	2
56	2
34	1
9	7
82	1
66	16
7	3
88	5
65	2
60	4
16	3
8	10
7	46
21	8
13	1
24	3
20	3
92	6
100	1
90	2
14	3
82	7
75	1
26	1
88	11
16	2
23	3
85	12
93	3
23	5
75	1
64	1
76	1
51	2
7	7
59	4
98	13
97	5
61	1
15	2
10	1
55	6
5	2
65	1
95	1
53	14
36	1
15	1
23	3
90	1
8	3
6	46
40	7
81	2
75	3
53	1
77	19
20	5
98	1
77	24
74	2
65	10
97	3
71	63
99	1
52	24
12	3
62	1
10	15
3	1
90	8
72	1
14	2
47	1
30	3
58	1
4	11
15	2
4	12
22	1
49	2
59	1
82	112
62	1
15	2
79	2
23	23
21	2
96	1
2	1
94	45
31	2
85	1
100	1
34	3
42	5
98	2
93	17
73	3
75	2
74	1
94	88
7	2
88	6
37	2
79	2
53	147
82	1
6	1
29	1
5	1
72	1
23	3
82	16
73	41
85	16
60	3
47	5
95	1
72	3
27	1
12	2
10	9
20	1
25	23
57	20
18	65
32	3
47	2
86	5
72	2
18	242
99	1
1	4
1	3
76	3
73	2
10	50
32	1
53	5
77	1
38	1
89	2
38	1
37	11
6	1
97	2
42	1
90	1
92	2
17	13
74	18
7	1
27	34
64	1
46	1
87	1
37	1
7	19
14	2
53	8
2	3
94	1
99	1
41	15
29	1
10	3
50	2
37	4
57	8
54	5
91	18
89	1
19	3
5	1
90	2
3	9
9	2
39	2
34	1
49	67
40	15
68	2
25	2
17	4
55	2
36	87
67	1
24	46
23	1
21	2
88	1
56	1
74	8
6	6
24	2
25	1
64	1
5	1
48	1
74	3
47	6
99	1
36	57
2	2
53	19
23	14
48	1
87	2
71	5
31	1
99	2
9	6
100	2
54	2
38	1
49	1
39	2
49	4
73	15
37	1
23	2
65	1
88	2
94	3
48	1
55	3
31	2
11	2
28	5
77	3
95	3
1	2
76	4
60	13
98	1
26	13
58	2
41	2
45	2
6	1
9	1
41	1
27	5
21	2
68	1
71	2
26	10
47	1
71	1
53	2
5	11
39	2
20	4
10	1
16	2
60	81
79	1
68	5
51	1
11	2
37	2
84	2
4	2
18	5
88	1
94	1
100	14
58	5
67	1
87	2
34	1
11	2
45	1
68	2
17	2
69	3
60	1
18	52
34	15
41	5
58	1
64	1
23	1
80	1
40	1
23	18
63	1
88	5
14	3
6	5
33	8
87	49
30	8
59	1
92	2
35	27
37	1
57	4
23	1
48	7
53	2
38	23
59	2
74	5
80	2
6	1
57	2
56	9
97	4
49	256
16	1
88	2
34	1
11	4
80	2
70	18
84	12
47	1
84	53
65	2
2	1
26	1
63	32
97	2
46	4
50	5
32	22
66	1
32	1
25	4
38	2
95	1
52	1
62	3
16	15
49	58
48	1
27	19
55	2
24	1
20	9
66	3
61	1
20	3
58	5
7	12
37	3
15	1
45	2
27	1
6	2
29	3
49	1
67	2
78	1
60	1
15	11
51	1
7	11
19	10
13	14
11	2
78	21
93	1
53	5
86	17
45	13
62	2
21	21
1	2
18	1
50	3
84	1
58	1
22	2
5	9
6	4
39	11
92	5
9	1
1	1
53	2
64	1
90	114
42	64
85	10
49	1
42	2
38	4
25	7
79	15
96	2
96	5
19	1
16	1
82	24
77	1
13	1
100	1
76	53
92	1
3	1
98	15
76	62
46	3
45	13
33	16
12	1
26	1
19	12
61	3
61	3
38	3
29	1
75	3
81	1
69	1
9	13
30	3
1	4
88	1
56	1
89	2
100	7
49	1
60	1
71	11
49	1
45	6
97	15
86	3
40	25
64	2
71	23
36	28
24	3
20	47
94	3
98	3
74	54
64	2
58	1
57	80
93	6
35	37
71	1
18	1
25	10
9	3
25	27
18	1
70	58
79	1
97	2
9	1
73	2
7	9
57	5
36	4
63	3
90	2
94	5
46	4
91	11
65	2
2	1
15	17
23	2
86	6
69	1
93	7
69	4
23	1
13	2
78	3
32	1
11	1
77	1
46	3
13	5
33	1
97	1
37	4
93	3
94	1
20	1
6	2
36	4
65	1
38	24
26	42
60	1
97	18
43	3
54	1
5	3
73	2
85	1
23	1
34	3
90	11
53	3
93	2
27	1
39	24
50	309
37	1
51	1
48	2
28	1
52	1
38	2
84	2
36	3
51	15
26	4
74	4
91	1
22	1
74	5
33	5
76	1
83	3
55	2
23	5
82	37
65	4
49	23
45	3
57	2
52	5
91	6
16	2
42	1
98	1
100	15
89	2
99	5
53	11
52	1
86	1
100	257
56	37
49	7
83	1
99	2
43	9
63	16
70	1
46	4
23	9
49	6
72	1
34	3
4	2
2	5
22	6
43	2
52	1
28	1
100	2
68	1
68	1
52	2
85	2
60	2
47	3
70	2
58	1
46	1
91	21
6	3
52	2
92	8
90	3
37	3
50	80
32	1
37	29
57	3
84	1
32	1
75	86
100	3
7	1
97	1
43	5
13	1
1	14
49	297
27	5
80	11
92	6
44	363
49	13
100	5
68	1
62	1
35	3
27	1
57	1
42	1
29	1
97	1
61	1
71	5
81	1
15	2
16	1
99	7
11	1
97	35
33	3
20	7
23	4
8	2
25	11
82	3
54	3
33	1
23	1
54	2
57	1
27	4
26	1
89	1
76	6
66	21
98	2
27	1
35	18
3	37
87	11
63	2
14	1
7	12
54	1
92	1
31	73
87	2
95	1
96	1
63	57
30	12
98	2
84	3
94	4
42	1
21	1
73	4
54	3
23	2
42	1
70	1
35	2
80	8
82	20
51	5
88	4
7	12
40	1
68	2
27	63
65	1
68	3
82	6
67	12
81	2
69	1
32	10
57	36
84	15
90	10
37	6
18	82
14	3
85	16
94	12
46	1
58	18
95	2
87	7
46	57
21	7
68	36
21	3
66	21
65	1
90	2
37	4
95	2
20	1
35	1
42	13
23	1
46	1
42	25
29	9
50	1
53	3
4	55
40	1
28	2
29	2
56	10
81	7
18	4
29	4
65	1
85	30
20	3
3	2
13	4
100	3
84	14
78	116
28	1
60	37
24	11
76	2
56	33
80	1
8	4
26	4
81	5
58	17
91	1
65	1
94	3
16	1
71	1
68	2
65	3
5	14
19	18
18	61
36	64
99	5
9	4
66	2
37	5
41	7
34	4
33	2
73	1
8	2
44	12
93	1
5	286
47	1
77	1
49	2
13	2
58	5
75	3
61	1
97	1
90	2
11	17
60	2
74	1
30	1
97	3
77	3
19	2
76	1
39	1
10	3
75	3
75	1
41	9
11	5
40	3
70	24
26	7
37	2
52	3
67	6
40	7
2	3
18	11
5	1
5	2
58	3
85	7
79	2
70	1
66	1
41	1
63	2
69	3
16	9
69	72
20	1
77	2
66	1
50	2
49	56
89	2
84	2
41	1
50	2
50	2
71	2
55	2
59	2
84	3
94	2
60	20
12	14
86	4
81	11
51	1
40	1
90	3
12	1
84	10
91	1
80	4
79	2
47	5
8	1
63	89
86	7
67	122
61	101
25	9
87	1
73	4
66	18
1	12
43	61
42	1
21	1
47	1
59	4
89	3
26	2
67	1
77	1
59	1
37	1
30	16
11	4
100	2
16	1
5	8
36	2
91	2
70	2
7	1
81	2
46	2
50	1
69	2
49	1
14	1
15	1
59	3
97	1
52	1
62	4
21	8
5	2
4	2
52	10
6	13
9	1
43	3
15	2
35	3
42	1
47	1
95	1
84	5
66	22
54	3
95	3
23	1
42	12
30	5
93	1
29	1
86	1
11	3
34	1
14	1
49	7
35	1
68	4
86	1
57	1
60	2
18	4
55	2
12	1
3	2
70	24
57	1
54	13
58	1
67	11
18	3
82	2
59	1
21	1
34	1
87	5
33	1
26	3
66	11
22	18
45	3
52	1
98	3
71	1
96	33
78	4
53	1
16	1
12	3
58	2
17	7
89	1
52	1
87	1
7	1
90	1
99	1
56	3
49	1
54	77
16	8
8	3
94	2
82	1
63	1
53	1
87	3
80	9
10	1
60	6
26	1
72	2
93	8
23	2
5	1
37	8
59	2
39	4
19	1
60	2
63	2
63	2
8	3
91	2
60	3
85	1
2	2
60	12
83	4
35	2
9	23
59	1
18	10
22	1
21	1
20	1
96	1
83	3
24	5
72	2
75	1
19	2
64	5
70	6
11	2
36	14
78	7
38	1
95	16
35	3
44	35
97	26
37	7
46	9
4	3
47	1
77	11
7	1
95	2
37	7
36	1
76	4
70	1
12	2
77	4
78	5
1	1
15	27
56	1
48	1
81	5
90	19
11	1
96	2
75	2
61	3
8	3
75	2
2	13
40	235
32	1
1	2
46	1
20	1
28	13
60	5
13	2
17	1
96	3
79	9
48	3
32	36
76	17
31	1
44	1
58	4
42	75
11	3
77	1
87	2
1	1
16	1
99	2
88	10
95	3
69	8
6	1
48	36
58	1
61	6
3	1
79	1
79	16
82	1
23	6
63	4
19	3
40	5
61	1
15	4
46	2
1	1
87	1
87	1
82	7
48	10
16	1
80	2
71	2
53	2
34	1
19	1
97	5
72	2
38	3
69	3
73	10
37	7
21	3
6	3
21	3
39	1
83	2
85	6
83	1
97	2
57	4
71	2
25	1
14	7
81	1
48	1
55	1
64	4
58	17
81	1
74	1
17	1
41	8
12	2
43	7
43	1
26	1
55	3
59	1
64	5
54	4
44	3
47	2
35	7
79	2
86	3
86	1
11	21
60	10
52	42
81	9
52	6
63	4
9	2
78	1
12	2
87	2
43	1
65	2
42	1
44	3
99	15
33	5
58	1
31	3
45	1
59	11
21	44
58	9
93	1
57	3
70	28
62	1
28	1
41	2
73	15
48	38
16	3
31	4
76	3
38	1
76	3
20	56
20	1
29	1
63	12
20	1
27	10
97	1
11	1
75	5
25	3
5	1
6	1
69	7
48	3
4	2
5	1
70	1
3	4
87	1
34	4
2	1
39	1
19	2
38	1
83	2
19	12
54	1
25	2
8	2
79	3
98	1
38	4
58	18
69	3
57	10
54	7
19	8
7	2
92	1
33	1
58	22
64	7
26	1
36	6
64	1
100	6
100	18
32	1
80	21
5	1
7	1
98	2
1	1
13	1
1	19
69	2
48	5
73	2
23	1
10	3
74	2
51	1
49	8
82	2
86	6
16	2
95	8
68	1
70	15
90	8
77	2
83	7
45	4
100	4
15	173
57	18
21	3
64	7
40	1
97	1
86	3
21	4
29	4
78	1
72	5
23	1
80	1
23	6
12	1
43	3
83	6
17	4
57	4
24	5
81	21
73	1
36	2
98	2
34	1
66	4
46	5
5	7
45	2
49	4
53	2
34	1
41	1
91	1
35	1
45	6
38	5
81	1
14	2
40	3
58	1
4	50
97	3
28	25
38	4
49	5
71	3
78	1
89	88
8	1
85	3
89	2
21	1
46	2
52	8
85	1
94	1
63	32
99	6
35	1
71	4
78	3
21	1
4	1
78	1
31	1
15	60
36	9
93	1
73	2
71	2
56	1
96	74
58	3
60	1
81	2
78	3
23	98
17	79
7	2
89	2
9	2
61	4
42	5
29	5
52	6
22	3
67	8
76	1
62	3
67	130
17	2
5	2
94	4
17	14
19	3
90	1
60	3
75	2
58	2
67	1
54	1
67	1
9	4
95	4
29	1
17	1
56	2
36	4
45	3
2	2
9	7
94	14
96	1
21	3
23	2
13	2
80	2
47	3
24	2
10	1
1	1
50	2
98	22
9	1
41	1
58	1
4	4
68	1
71	3
51	9
80	13
20	1
45	1
98	1
58	1
25	4
85	2
17	26
10	3
77	1
87	5
50	3
88	1
89	2
62	3
54	2
6	1
3	1
42	1
75	1
11	1
8	1
24	12
82	108
2	5
87	2
95	6
30	4
57	2
44	3
14	10
62	3
74	1
73	4
68	3
66	1
97	2
77	11
49	14
5	1
67	2
94	3
78	1
95	5
45	12
56	1
86	10
81	2
85	1
26	5
4	3
34	3
67	1
72	32
20	1
21	2
18	1
47	2
89	1
33	2
30	6
95	21
10	3
78	2
79	1
50	1
97	2
86	1
96	3
82	1
84	3
1	2
16	3
47	21
91	2
93	6
20	2
38	3
13	5
74	2
69	1
77	1
9	1
32	2
70	7
19	1
67	1
5	1
69	3
90	4
82	1
82	7
20	3
81	37
86	6
79	1
81	10
23	1
20	1
94	2
19	1
93	2
83	10
19	9
99	1
14	1
94	9
85	3
18	6
49	1
24	1
62	3
85	4
45	1
42	4
44	6
50	3
96	2
84	19
38	1
75	1
19	1
50	2
33	1
72	1
26	6
12	11
3	1
75	3
52	1
85	1
27	4
83	9
21	2
36	5
53	22
61	1
82	1
25	1
80	4
99	1
95	3
44	5
11	1
96	2
85	6
9	2
17	1
85	4
62	1
46	2
34	3
84	3
19	7
32	2
8	1
8	2
93	117
51	15
73	3
16	3
29	5
20	1
20	1
85	2
27	31
94	7
88	1
78	3
88	1
57	1
92	1
50	1
66	12
38	4
2	3
99	13
29	5
79	2
73	2
80	1
45	3
63	5
53	14
91	2
53	16
88	9
14	16
79	14
92	10
21	2
21	7
75	3
88	1
1	1
67	2
62	6
5	4
96	2
68	2
49	1
36	4
64	2
76	11
31	2
10	2
60	17
69	3
34	24
38	6
19	2
66	1
16	1
56	2
30	1
52	5
95	84
66	1
87	10
3	2
61	1
20	11
97	1
58	4
48	1
16	8
99	3
98	13
6	6
80	10
80	6
66	1
17	11
87	1
76	15
24	1
5	3
60	1
86	2
84	1
63	12
51	2
84	31
79	8
53	1
76	1
89	1
58	1
76	5
64	1
86	1
43	3
33	22
95	2
22	1
3	16
81	2
97	250
1	22
56	8
34	5
37	2
24	26
79	6
91	5
54	1
81	8
69	2
49	6
36	54
45	117
5	5
43	1
92	50
77	175
47	12
31	2
83	2
82	2
9	1
56	2
51	21
9	2
53	1
38	11
30	52
78	1
59	7
87	6
14	11
2	2
72	9
47	1
89	1
68	3
3	1
10	1
62	2
76	2
30	6
58	3
47	3
45	3
6	6
60	1
46	19
83	1
44	4
75	1
61	8
33	3
68	11
68	4
16	2
100	16
59	1
56	2
44	8
15	4
34	13
72	14
86	1
100	26
34	16
64	10
68	2
9	21
42	78
68	194
70	2
1	153
76	2
37	4
11	3
19	21
76	1
75	5
95	14
93	1
100	1
74	1
4	7
5	2
9	45
53	5
43	2
10	10
13	2
88	31
97	2
20	6
100	25
37	2
72	7
75	1
85	3
41	2
34	21
37	1
21	18
24	2
95	2
85	3
30	1
34	1
83	1
2	1
51	1
28	14
66	1
96	4
54	1
43	8
84	1
32	171
20	34
72	1
91	6
77	2
80	1
50	7
67	230
96	1
40	1
94	10
29	2
8	1
28	2
72	1
84	1
67	3
14	6
21	6
94	2
76	6
11	23
87	1
76	2
97	2
8	8
73	1
30	1
69	6
85	2
67	3
47	3
23	2
23	58
63	21
44	10
93	13
64	1
34	1
64	3
58	6
19	79
7	1
61	4
56	7
67	5
65	3
60	3
24	1
82	31
2	18
28	2
83	1
24	1
86	15
46	3
57	2
73	2
16	3
90	1
82	1
50	2
72	4
32	5
42	8
84	4
43	35
88	4
6	15
41	29
49	23
86	1
7	6
72	2
94	2
97	61
20	77
72	24
6	67
37	55
21	30
46	40
36	13
39	2
48	29
36	12
70	5
6	1
30	4
1	7
90	1
50	17
47	1
52	1
76	1
56	8
12	11
10	3
86	3
92	36
32	54
82	2
99	13
80	1
67	1
50	2
81	3
69	15
72	18
32	96
59	1
95	50
87	1
21	1
4	2
58	1
42	1
87	11
81	6
67	15
98	1
55	1
19	2
57	3
94	4
89	1
26	18
26	5
90	1
89	406
62	19
80	4
40	6
95	3
36	4
18	12
82	5
63	4
98	2
42	1
11	1
47	1
16	6
52	212
22	5
50	2
89	2
39	4
100	44
51	17
98	5
72	13
96	19
83	6
56	2
88	75
9	1
54	8
58	1
80	297
97	4
14	2
63	25
65	102
89	3
48	2
87	144
21	9
56	2
28	3
30	1
77	1
49	2
65	1
87	29
36	16
77	2
67	1
5	1
4	1
50	1
83	4
74	2
70	79
57	17
41	1
64	40
27	9
51	16
21	70
38	1
19	12
9	1
9	1
72	39
6	1
16	1
60	4
94	3
70	2
78	2
39	1
31	53
56	1
59	7
69	8
36	1
15	7
27	4
57	1
35	3
70	1
54	4
43	3
11	1
49	14
26	2
33	8
4	3
92	2
68	3
11	3
50	8
46	1
99	8
26	21
17	31
39	1
28	90
21	8
97	5
82	2
9	34
33	1
5	1
26	2
35	3
74	12
64	4
63	1
74	1
48	2
87	7
15	6
19	2
56	2
57	1
40	17
2	120
28	4
47	6
30	1
93	1
68	11
26	17
71	2
70	1
92	1
55	2
21	7
94	1
91	3
64	2
18	3
57	129
75	1
2	1
87	1
10	51
55	4
84	6
86	20
94	23
12	6
88	2
25	10
60	1
34	7
1	1
44	3
99	5
12	2
73	1
99	2
52	1
21	1
29	1
43	2
88	25
73	148
85	12
59	21
16	17
23	1
46	1
72	1
35	12
96	3
33	9
92	28
50	2
22	3
71	2
55	14
17	10
36	2
76	1
1	24
41	3
10	1
92	3
33	2
68	3
36	2
26	4
35	41
43	1
57	3
71	1
74	44
91	15
92	9
58	2
13	28
18	2
87	13
55	1
86	8
100	1
22	9
51	2
4	2
64	2
58	1
76	10
25	46
44	25
87	51
11	10
3	3
73	1
40	2
61	23
1	5
1	15
88	2
83	44
97	1
56	1
84	2
89	1
52	1
76	1
90	2
89	7
70	24
33	3
91	6
90	1
4	56
18	1
94	4
35	2
97	2
47	2
72	9
41	1
72	1
12	4
58	3
4	2
16	4
41	5
81	2
50	1
72	1
76	2
18	25
6	2
51	6
98	2
40	2
48	2
58	1
75	10
63	1
46	1
18	1
36	6
68	4
83	24
55	15
56	3
71	4
90	5
13	19
46	14
29	24
66	1
55	2
4	4
22	1
99	16
87	1
89	9
71	6
45	5
84	1
49	5
60	2
26	1
28	85
80	1
15	5
45	1
89	3
90	1
2	2
53	2
74	1
46	1
16	4
72	5
41	2
5	24
61	12
76	2
5	3
48	1
53	29
92	3
97	3
55	4
21	2
37	5
99	1
93	6
23	3
17	3
36	1
15	1
54	1
89	1
97	3
29	4
84	6
94	8
5	90
29	7
6	3
75	2
51	3
70	2
84	2
88	8
58	1
19	1
44	3
21	59
99	5
45	1
24	11
62	3
37	3
58	2
59	6
97	2
3	1
83	2
55	14
57	22
24	2
27	3
38	1
62	1
99	10
17	1
47	2
54	3
72	3
28	3
47	2
91	3
94	59
35	1
47	6
64	1
69	2
40	1
88	28
41	16
11	1
12	2
91	1
44	1
80	10
96	3
95	3
26	3
11	1
89	2
54	27
78	5
94	5
80	3
73	3
23	1
34	1
44	34
50	19
90	1
57	1
6	6
22	8
44	53
95	2
92	2
87	25
23	6
41	32
65	4
26	2
48	5
72	6
35	2
77	1
2	8
12	1
89	3
42	1
69	1
67	4
37	2
81	1
85	1
16	1
34	1
87	4
52	1
24	58
30	2
13	4
86	1
90	2
9	6
9	11
19	19
36	3
31	2
17	3
41	2
67	1
26	26
59	1
10	1
67	12
83	2
22	1
55	16
97	9
46	3
91	9
83	1
71	6
46	1
80	1
23	2
11	2
51	4
77	2
4	2
51	35
25	24
9	5
87	1
45	5
61	2
48	8
65	6
55	10
60	5
47	2
32	243
30	7
30	11
93	8
52	1
22	14
20	1
59	2
34	2
42	3
42	2
88	1
10	1
67	5
28	4
51	1
74	7
44	1
90	3
40	1
84	14
22	1
43	1
64	2
87	2
22	1
45	7
38	1
3	6
27	1
69	12
45	167
61	4
49	35
29	398
48	2
100	4
18	3
52	3
70	1
38	1
23	5
51	4
92	1
16	14
88	1
46	1
82	8
72	7
13	1
69	8
15	12
32	1
62	13
65	31
77	7
25	18
87	5
63	3
33	2
47	9
66	1
3	1
55	1
29	1
78	3
82	1
70	11
76	1
99	1
66	4
45	8
30	2
17	1
13	2
70	1
20	2
56	1
34	2
53	2
80	5
12	2
74	1
25	1
63	1
41	1
2	9
70	6
69	8
23	1
87	1
92	1
31	4
84	1
8	1
26	12
66	1
47	1
69	3
40	8
46	1
11	79
18	1
30	26
66	1
18	1
48	18
13	2
8	2
94	7
32	4
54	36
8	44
88	1
23	1
59	1
59	2
19	4
49	4
13	5
4	2
21	59
44	7
33	198
30	1
18	6
97	29
10	4
76	6
83	9
75	15
18	1
63	1
61	1
87	13
29	11
56	1
46	8
34	1
53	1
8	13
76	1
46	3
11	1
33	5
18	1
86	5
96	3
74	1
11	1
82	1
51	1
91	3
39	4
77	30
39	7
13	2
39	2
50	2
78	1
94	1
45	124
34	1
79	2
96	2
68	1
