12008
50	1
98	1
54	5
18	18
11	1
52	2
62	3
51	1
41	9
32	1
40	1
18	2
21	3
58	1
78	4
93	5
66	3
31	1
1	9
53	2
99	1
34	6
71	1
24	2
23	1
4	5
60	14
85	3
56	2
84	3
64	1
63	5
17	1
4	1
92	1
79	8
64	1
1	3
100	2
49	1
31	2
88	1
24	1
74	56
66	1
68	2
84	1
14	2
27	3
68	4
77	1
12	1
11	4
77	13
41	2
84	3
29	1
65	1
94	2
36	2
47	2
92	3
85	1
34	1
26	1
34	1
52	6
45	1
61	6
23	1
98	1
76	3
80	23
31	2
30	30
85	2
68	1
11	2
37	1
68	1
97	6
15	1
97	2
61	3
83	1
62	4
45	1
59	1
77	7
98	1
6	2
86	6
13	1
29	6
92	1
62	10
48	4
40	6
90	3
6	3
87	1
5	1
56	17
8	3
3	2
41	3
90	9
32	5
74	2
55	1
8	5
5	1
96	1
4	152
47	1
9	1
79	1
17	1
75	2
17	5
32	1
36	2
36	9
74	75
80	7
26	1
96	3
98	1
25	3
79	1
13	1
56	1
100	56
77	4
99	1
3	20
55	2
2	1
58	4
50	15
7	4
79	1
56	1
96	39
29	24
55	3
14	2
85	2
86	1
91	1
58	10
18	1
36	2
5	27
98	9
33	11
33	5
58	21
39	5
72	2
84	1
61	2
88	1
13	1
9	1
12	16
49	1
82	1
100	2
80	1
45	1
1	7
74	3
17	1
68	1
84	4
66	35
99	3
92	1
29	1
66	20
70	5
21	3
1	6
42	1
17	4
43	1
66	2
79	2
33	51
23	4
48	2
11	2
45	168
57	10
53	3
65	2
88	3
78	31
57	3
20	41
8	5
94	1
82	9
7	2
22	2
33	1
21	4
67	2
48	5
41	2
96	1
27	8
43	3
75	1
26	10
24	2
59	2
9	9
92	53
6	1
48	1
34	3
85	8
36	2
22	1
85	1
34	7
56	3
18	30
26	2
27	1
27	1
69	9
25	1
2	13
73	23
73	2
21	1
5	5
89	2
37	3
99	1
87	2
97	2
35	6
98	1
75	13
45	4
63	3
3	3
56	4
17	2
85	3
84	3
98	2
71	1
1	1
55	1
74	5
95	4
76	14
20	1
20	1
45	2
38	2
98	1
26	5
72	2
3	3
52	12
83	5
85	170
43	6
23	9
41	1
76	1
61	1
18	5
63	1
62	6
61	4
96	1
25	2
48	1
26	6
79	6
73	1
43	4
2	2
82	3
34	4
10	1
8	8
26	4
41	1
74	5
50	9
39	1
88	2
53	86
37	7
72	1
45	1
75	9
31	2
92	8
69	4
10	3
80	2
45	1
26	1
73	102
39	6
1	3
97	3
42	1
35	3
93	5
79	2
29	1
26	2
77	54
73	1
21	3
25	1
76	10
87	9
25	1
11	3
54	2
82	1
43	67
12	5
100	1
53	1
3	10
100	5
76	8
69	4
79	36
14	3
43	3
7	52
29	3
48	1
80	1
33	2
50	4
57	4
37	1
28	12
43	2
23	15
54	23
67	8
84	3
91	2
83	3
96	1
17	7
97	7
25	4
18	1
24	1
74	6
38	10
51	11
84	6
99	1
64	5
21	14
96	1
76	1
7	2
41	11
66	1
71	1
69	2
63	2
17	4
51	1
41	5
87	5
26	4
60	3
1	3
39	2
91	6
77	6
37	2
77	1
9	7
92	1
39	30
68	1
42	8
61	2
24	4
5	33
83	1
42	1
96	1
34	2
46	7
40	1
31	33
83	4
14	4
68	1
80	1
59	2
58	11
54	2
18	1
85	8
73	4
87	3
10	5
11	2
82	2
36	2
65	9
56	2
96	12
82	3
10	5
47	2
10	3
3	4
9	2
79	4
65	1
5	1
84	2
80	1
64	1
82	1
37	2
62	3
59	1
58	3
34	1
39	8
55	11
22	2
81	7
47	1
16	1
23	10
18	4
68	1
69	4
65	5
37	1
40	1
68	35
68	1
52	1
100	2
51	2
20	1
24	1
32	2
69	1
41	2
7	2
72	1
61	3
83	44
62	30
49	5
70	1
34	8
25	6
26	1
5	2
62	19
63	4
18	5
50	1
21	1
70	15
83	7
80	1
84	10
91	1
21	2
99	11
33	2
90	5
54	1
7	2
25	5
12	1
56	10
4	8
18	2
72	1
7	2
21	2
43	5
21	14
76	1
21	23
46	6
70	10
56	1
18	1
49	2
74	2
43	22
32	2
1	2
15	1
53	1
97	6
51	4
9	2
40	2
85	1
91	1
88	1
35	3
29	1
38	1
87	2
82	10
91	1
72	3
42	2
93	4
22	2
7	2
72	2
63	3
35	2
14	3
54	3
31	1
31	190
88	4
48	3
38	1
3	2
47	1
36	11
34	19
85	1
90	6
90	35
64	86
60	1
98	55
77	1
99	1
48	9
27	2
6	2
36	4
76	16
4	1
73	1
23	57
29	5
65	10
68	1
46	69
9	1
44	4
75	5
43	1
27	1
16	5
36	1
92	6
86	1
25	1
32	5
19	1
62	2
82	20
15	1
60	1
22	3
7	4
44	102
18	1
69	2
5	23
89	2
66	9
44	2
83	2
40	7
39	1
89	9
30	4
98	2
26	16
43	10
16	2
85	241
7	1
70	3
9	4
60	4
35	4
68	53
29	6
23	3
8	1
38	1
65	2
30	14
7	3
26	1
10	2
58	2
14	1
80	68
89	4
100	1
93	14
93	1
73	1
40	1
77	3
70	4
16	1
83	1
23	1
43	1
69	1
1	1
80	70
8	1
22	4
43	7
73	2
86	2
49	1
77	19
58	9
18	2
49	6
95	1
59	1
7	1
41	1
12	1
90	30
40	3
77	5
28	2
69	5
46	98
42	4
46	24
72	1
24	1
62	52
94	16
6	18
50	21
11	5
70	1
32	1
15	2
43	1
57	1
60	1
31	17
27	9
4	2
90	2
21	1
44	1
74	3
19	1
99	3
36	3
33	19
29	2
74	4
94	1
37	2
35	13
5	4
95	6
15	36
86	2
39	2
54	1
82	3
39	1
52	15
52	6
40	5
84	1
7	6
95	27
29	17
63	2
47	9
45	244
45	3
48	3
11	12
100	1
76	1
75	2
12	2
12	3
63	3
16	1
23	1
64	3
96	1
87	2
35	2
6	1
61	1
66	10
58	3
66	1
55	8
13	4
22	1
20	4
70	1
5	14
2	2
94	1
46	1
42	3
63	2
62	1
4	169
97	3
44	10
99	3
5	42
67	1
34	1
62	1
26	6
98	1
86	11
79	16
22	1
62	1
70	8
10	2
2	3
39	1
71	156
95	1
47	4
6	1
100	27
86	2
37	21
7	3
25	2
4	13
56	6
34	1
91	5
50	5
1	5
38	12
76	11
2	2
45	2
5	1
78	6
24	17
76	2
87	2
66	2
50	46
58	1
98	17
77	4
92	1
87	44
52	1
65	1
36	1
12	1
9	50
82	15
54	14
14	1
9	182
33	4
52	1
92	2
41	4
47	1
97	1
65	121
47	1
4	1
42	1
73	33
55	2
33	3
63	20
51	37
29	8
32	3
24	10
80	35
42	7
49	6
59	6
89	1
94	19
38	1
59	1
36	6
16	1
25	15
70	28
4	1
10	1
29	1
61	40
2	21
33	2
92	1
14	1
47	1
76	3
45	1
98	1
100	9
52	1
46	2
3	1
70	1
35	8
50	1
5	1
48	25
4	3
80	1
23	5
28	2
66	6
84	5
4	1
79	6
11	1
27	1
72	177
77	1
45	2
52	2
80	1
37	1
42	3
4	2
46	25
13	6
6	1
77	1
83	5
67	15
78	25
58	1
92	3
58	2
64	8
84	3
59	5
78	1
88	1
15	1
15	1
99	20
28	152
81	3
29	35
7	7
44	2
6	118
1	3
71	5
23	4
59	6
26	2
85	7
68	1
2	2
83	6
53	1
75	18
23	2
84	23
61	1
44	11
13	1
81	9
60	15
89	6
37	2
5	20
83	1
24	268
57	23
37	6
67	3
46	27
66	11
70	12
7	1
45	8
10	1
2	1
80	1
39	2
60	2
93	1
67	2
78	4
74	2
84	4
77	1
33	2
10	2
72	11
68	251
88	2
97	3
49	2
83	1
96	1
82	2
35	1
55	7
22	8
26	20
72	1
39	3
100	45
10	10
16	33
43	5
5	1
44	1
66	8
92	1
71	1
100	11
72	2
17	7
86	14
3	1
48	3
65	5
92	7
22	6
3	4
14	3
54	2
12	1
38	15
80	2
28	33
13	2
85	4
45	4
75	1
31	1
91	1
73	9
21	54
45	64
9	3
81	1
19	10
81	1
48	1
16	81
42	11
26	216
9	4
1	20
20	31
9	5
78	2
48	12
27	26
20	1
54	4
49	5
44	1
33	1
44	1
70	3
28	286
64	1
69	2
22	4
46	20
2	21
64	1
20	6
92	1
29	1
91	1
70	5
10	1
29	14
1	2
91	2
96	4
67	2
21	4
4	1
23	1
93	2
5	1
79	1
55	146
93	2
89	6
82	6
67	2
3	1
59	1
51	1
50	1
70	5
10	1
40	5
81	5
21	4
47	1
85	1
58	1
49	1
95	48
48	43
40	8
84	2
47	12
5	183
4	4
70	2
51	3
48	1
44	1
20	2
18	2
95	104
84	3
73	3
73	6
91	1
74	11
15	2
60	1
67	5
96	1
27	3
100	3
81	136
41	3
37	3
55	3
86	1
25	12
68	1
82	20
14	2
35	5
26	2
50	24
57	4
84	3
95	2
9	78
78	2
26	2
12	1
96	5
69	9
58	20
21	2
97	8
97	2
13	53
26	2
70	2
59	2
69	9
87	11
79	2
31	12
81	7
35	3
90	6
100	11
91	20
42	8
54	7
70	2
64	1
80	43
81	1
37	2
42	4
30	7
91	2
27	1
53	1
99	2
67	17
93	2
17	7
96	2
75	2
40	26
64	1
74	1
8	8
44	37
37	3
24	3
85	7
97	2
62	2
31	1
44	2
37	35
8	1
86	1
52	7
24	3
95	2
10	1
11	2
54	1
31	3
25	4
30	1
4	4
20	1
23	1
9	3
28	94
46	1
3	215
90	3
12	8
27	2
38	1
78	22
88	9
72	4
75	1
90	1
96	9
64	3
24	12
80	3
41	3
68	1
21	9
72	1
92	2
57	1
92	1
24	2
46	3
95	1
99	80
49	1
45	2
15	1
37	6
75	1
18	9
23	2
50	47
74	2
48	1
22	24
68	4
70	13
43	6
36	4
52	1
91	18
100	7
67	3
99	2
16	10
34	2
58	8
36	3
24	4
13	1
74	1
93	22
96	1
10	2
31	1
19	1
60	1
78	2
6	21
19	56
95	1
11	48
87	3
36	2
80	4
58	9
32	1
47	2
88	1
62	7
69	3
43	1
1	1
7	1
99	6
79	17
29	1
98	1
38	3
29	5
32	21
22	1
88	3
94	20
76	14
98	2
38	2
77	2
12	23
96	3
11	30
55	2
66	2
59	2
36	3
19	17
73	4
34	1
12	33
40	3
33	3
35	9
80	30
8	1
97	2
53	1
80	7
99	7
11	1
47	1
95	2
17	12
9	13
32	1
77	2
10	23
63	8
31	197
59	1
85	9
92	6
63	3
95	3
67	1
69	2
55	12
30	53
34	3
73	15
61	5
39	2
63	1
66	1
95	45
83	16
32	27
67	2
49	2
6	13
22	1
28	1
40	54
50	2
50	26
90	3
76	64
31	45
81	1
82	2
25	3
53	21
90	2
1	1
84	10
4	10
83	91
32	1
91	3
47	1
55	4
1	1
17	2
19	1
32	21
72	29
64	2
63	3
47	8
46	1
20	18
38	2
84	6
75	29
1	39
18	1
10	4
85	4
54	2
74	2
4	41
92	1
25	14
76	10
68	21
4	5
22	2
40	1
9	4
32	6
39	3
16	3
19	30
77	1
56	1
8	3
99	1
81	1
56	1
45	8
29	7
61	4
88	2
7	5
66	2
9	2
39	7
4	4
24	1
33	4
34	1
93	1
43	1
59	6
81	1
25	92
3	1
63	9
37	1
42	1
63	3
9	2
74	3
61	20
44	1
80	1
37	1
13	2
97	29
28	12
27	2
90	13
89	5
75	2
77	40
30	1
18	1
91	10
2	1
92	3
48	53
25	33
94	4
62	2
61	1
20	1
45	1
71	1
65	2
9	3
66	1
79	2
27	5
26	13
23	2
24	2
87	2
53	9
38	2
74	1
7	3
88	5
6	3
87	10
7	50
62	1
84	4
7	2
12	6
90	2
48	2
56	5
61	6
69	1
26	2
99	3
87	80
38	1
48	4
13	112
70	3
78	14
17	5
14	2
67	2
66	214
68	1
51	3
32	64
30	44
13	1
44	200
66	52
95	2
4	1
18	4
85	24
29	3
82	27
81	15
49	2
65	1
70	8
96	1
38	3
14	3
52	30
53	2
90	1
81	12
7	2
70	7
97	9
44	1
45	47
30	1
74	5
61	5
13	4
1	125
32	2
52	2
23	1
4	1
51	5
58	2
86	4
100	11
77	1
13	1
71	1
66	2
88	1
44	2
81	1
50	1
9	2
98	2
57	4
48	1
89	1
16	1
35	1
56	1
61	2
84	1
14	1
28	24
26	33
53	8
66	8
21	4
7	1
9	1
23	3
70	2
64	10
85	1
3	1
62	1
64	1
46	1
98	15
29	1
47	3
81	12
88	4
90	71
23	1
9	1
58	4
56	1
66	1
71	12
36	24
34	2
29	3
27	2
56	1
48	7
88	9
66	10
33	1
73	5
5	2
100	2
10	6
34	19
51	2
46	25
88	6
36	1
62	1
93	1
69	7
72	8
72	1
35	43
44	4
11	2
87	2
13	46
69	2
22	3
54	1
57	1
49	2
9	1
54	1
80	192
98	2
30	3
39	39
25	56
22	2
85	1
48	16
55	2
47	17
88	13
98	4
93	1
40	2
8	4
7	18
67	8
89	30
24	2
63	16
65	2
86	13
95	22
98	4
2	1
80	62
44	5
88	7
23	8
41	3
73	2
69	1
54	1
91	2
88	2
29	1
41	5
2	92
52	1
88	1
95	22
45	3
44	15
77	6
11	38
99	1
20	3
26	3
76	54
3	8
72	21
67	18
49	3
51	19
71	126
56	5
56	5
54	2
36	21
20	2
51	6
33	20
85	16
96	2
25	1
27	1
32	6
12	45
65	1
84	2
51	1
51	1
91	22
9	2
85	1
76	1
46	6
58	22
17	3
94	7
2	1
40	1
65	1
65	4
12	2
15	10
40	10
20	1
20	1
60	4
7	4
43	3
94	1
87	2
4	5
54	5
52	1
90	1
48	1
48	1
6	1
25	2
30	2
31	60
23	4
56	34
76	18
85	69
50	1
82	7
3	2
62	3
31	1
73	7
61	10
89	1
85	1
15	1
8	1
14	1
86	2
62	2
19	6
33	19
69	5
26	2
100	7
76	3
42	1
60	4
71	16
71	4
12	1
20	5
81	1
100	15
54	3
30	1
11	4
44	8
75	24
54	17
60	4
56	2
81	35
54	5
14	190
58	2
13	3
43	2
14	17
63	4
6	3
91	4
54	3
100	2
55	67
6	53
86	12
66	62
27	3
22	1
98	5
16	1
60	3
55	6
3	2
92	3
12	4
80	4
20	1
97	1
36	6
91	2
14	1
91	64
30	2
83	2
43	27
37	3
59	26
27	3
11	8
24	19
52	3
91	3
34	3
48	1
40	2
94	3
45	1
48	8
48	18
1	1
31	2
95	1
31	6
53	2
40	1
66	1
31	1
14	4
94	1
85	1
51	1
89	2
14	67
21	24
69	3
54	1
61	3
39	2
69	1
35	15
19	1
51	2
60	1
65	56
28	3
90	7
83	6
25	2
18	66
60	22
65	3
37	3
61	9
19	1
70	1
89	43
56	4
40	3
58	5
20	2
10	155
15	1
90	2
40	2
83	10
93	1
12	3
75	1
7	6
4	1
97	4
67	7
86	2
19	7
15	1
80	2
50	3
67	1
84	19
46	14
57	6
16	1
70	8
43	10
34	1
4	10
42	3
33	4
80	1
22	1
92	8
21	1
46	6
32	2
97	2
94	2
18	13
24	1
50	175
66	2
16	1
64	3
91	7
83	2
99	30
68	3
56	6
35	2
79	1
81	173
46	1
80	2
34	39
53	8
21	10
17	3
39	2
92	2
28	1
2	1
82	8
19	3
61	138
42	3
70	1
14	3
48	27
81	4
49	1
68	2
55	1
57	21
68	1
25	8
78	1
24	3
99	28
53	1
47	3
49	2
16	2
35	5
60	64
49	4
52	200
80	1
4	2
50	2
40	4
22	90
52	1
80	1
40	2
12	3
26	3
6	2
26	1
8	1
60	28
96	2
24	5
21	4
15	2
54	20
96	1
23	1
73	6
100	3
38	4
49	1
74	1
7	15
99	1
88	7
22	10
72	2
11	17
28	1
14	1
31	64
8	1
7	15
10	21
43	18
20	1
61	2
50	3
96	8
86	2
9	4
19	1
8	2
24	29
5	7
19	1
97	7
43	81
58	19
12	1
51	1
44	7
27	2
35	1
92	23
58	53
82	4
31	4
56	11
75	38
42	20
51	2
72	2
44	1
97	1
29	2
89	2
63	7
64	3
90	9
20	1
6	3
74	22
42	5
42	1
92	41
61	2
25	2
87	168
13	1
27	5
34	1
17	1
35	4
96	4
39	4
74	2
68	1
32	24
79	9
76	2
61	1
64	5
72	3
57	2
36	1
81	38
51	2
69	9
28	9
60	1
83	2
14	3
83	5
10	29
70	1
82	2
26	2
15	13
98	1
85	3
6	1
7	26
13	1
92	9
95	23
62	3
87	23
79	6
19	3
81	1
78	2
18	1
11	3
51	51
7	1
46	3
55	9
72	6
30	1
11	4
70	1
54	2
46	3
77	2
24	1
4	3
71	1
55	2
5	44
42	3
44	5
27	4
42	2
17	1
64	1
47	7
50	1
41	1
32	7
63	1
25	5
8	8
39	1
29	2
19	2
58	7
12	7
65	2
33	2
23	1
12	13
33	5
21	53
60	1
89	3
59	2
39	2
61	2
79	12
73	2
14	2
64	5
66	1
29	2
60	1
98	22
24	1
84	2
55	23
48	29
16	56
61	2
75	2
31	2
13	3
3	3
85	4
54	2
45	2
51	82
84	4
75	26
83	4
4	2
4	2
32	3
9	6
24	6
64	1
88	8
9	2
57	2
7	19
46	2
43	1
55	5
49	1
38	1
42	11
19	5
91	1
15	1
94	1
34	26
44	20
89	1
63	1
49	1
7	1
20	1
43	4
28	2
58	2
21	1
57	4
43	182
41	11
98	1
46	5
48	26
3	1
98	4
33	15
34	2
92	2
41	1
30	2
76	28
36	1
37	4
39	1
90	3
39	89
17	1
69	2
77	3
52	4
88	2
72	8
75	1
25	1
1	1
86	1
44	6
24	1
64	10
10	4
44	4
92	18
36	1
76	1
84	1
90	1
63	1
44	1
27	1
4	2
26	27
55	1
62	1
1	3
43	9
30	2
10	1
98	17
34	44
60	2
52	4
91	4
61	6
51	9
6	3
66	2
94	5
3	5
49	19
32	3
65	5
29	1
86	2
22	1
99	1
39	2
82	1
16	1
67	9
81	1
23	8
58	5
18	1
75	6
15	1
61	2
71	1
56	3
15	2
27	1
10	3
67	3
50	2
84	2
4	1
92	1
15	25
47	32
62	2
2	4
31	3
7	1
3	1
60	2
91	1
86	27
55	1
90	4
38	4
24	33
89	14
72	4
69	15
39	2
42	25
9	1
6	4
76	3
29	2
29	6
73	1
70	2
70	1
35	14
83	5
52	21
25	2
78	1
92	9
26	7
8	6
9	3
1	125
25	1
72	13
51	22
71	12
75	51
30	6
99	41
66	13
88	2
25	1
87	10
33	10
53	2
99	15
4	38
46	61
32	1
86	29
64	1
6	1
96	6
46	5
99	15
95	14
58	10
51	6
87	8
8	1
74	4
52	2
9	27
9	51
17	4
25	2
50	4
18	1
65	3
90	3
79	1
1	1
55	25
31	1
85	4
83	46
48	2
38	26
83	1
47	19
44	95
32	2
53	1
89	1
16	3
32	10
66	2
33	4
86	1
16	1
6	2
31	2
84	1
61	1
70	7
70	3
30	2
58	65
53	1
51	31
76	1
18	2
17	5
64	1
18	2
75	4
29	3
75	2
29	4
82	3
94	4
63	5
55	1
57	1
19	2
80	31
41	2
39	1
99	1
63	2
33	12
90	10
94	1
24	9
3	1
24	6
60	6
71	6
58	11
26	3
86	1
22	1
5	4
88	33
13	3
71	50
39	1
57	8
29	1
58	1
90	5
79	3
67	1
67	26
79	4
52	2
100	17
47	24
36	1
60	14
35	1
97	2
94	71
58	13
37	2
5	10
96	6
79	23
35	2
89	39
41	5
81	4
64	2
44	5
12	1
99	1
37	7
72	1
99	2
52	5
95	4
13	3
90	2
55	3
40	1
88	19
35	1
19	1
99	3
49	14
69	1
61	5
93	49
87	2
12	3
79	1
97	30
48	2
86	2
61	2
97	107
4	2
72	91
82	1
88	1
85	1
29	3
65	4
76	1
12	1
40	1
96	8
85	36
73	38
49	22
46	437
37	1
80	1
74	1
30	1
91	1
74	44
58	31
91	1
89	36
75	1
96	43
16	5
65	2
1	1
25	1
62	21
46	1
68	2
54	1
37	3
15	3
66	19
99	1
61	2
62	1
67	2
58	8
89	6
73	6
39	1
87	1
57	2
44	32
56	2
78	2
92	192
5	4
16	5
65	5
42	9
64	48
35	8
93	143
94	4
65	1
62	2
35	11
35	2
98	1
75	2
85	12
67	7
27	5
44	7
62	1
69	1
44	2
45	1
78	1
100	3
22	14
97	5
83	1
87	19
25	2
55	3
31	1
2	31
58	1
100	3
81	3
44	120
75	2
11	1
27	1
98	2
23	1
56	4
76	5
36	6
55	2
13	2
14	10
94	18
62	23
91	2
65	142
17	11
74	6
95	11
36	1
52	4
89	45
66	3
1	106
68	17
43	3
43	2
97	4
80	1
34	8
51	2
7	9
89	4
45	1
32	1
30	32
94	3
42	59
85	1
12	2
52	1
35	11
15	1
34	3
92	6
67	2
17	6
12	15
5	45
43	2
40	4
23	12
41	81
43	1
61	5
29	5
61	20
10	7
46	1
20	1
62	2
31	42
62	1
86	2
50	5
7	2
99	1
73	1
97	2
15	1
21	13
21	11
58	3
55	2
24	1
91	2
11	16
62	1
67	1
91	4
26	4
8	1
29	4
14	16
98	3
34	7
23	1
51	2
35	7
34	2
31	10
95	1
1	1
18	3
7	4
86	56
8	6
8	5
28	1
65	1
53	18
48	2
55	2
7	2
55	1
50	3
69	11
83	8
52	11
40	1
11	3
41	15
22	2
57	1
25	1
78	1
70	2
56	1
27	1
64	6
7	5
70	2
9	1
47	2
3	4
69	110
63	1
82	2
13	19
36	1
11	1
66	74
42	1
56	3
87	1
1	4
37	1
71	7
26	19
57	3
55	55
93	1
90	1
4	2
64	11
39	37
57	1
55	1
29	2
70	2
33	1
12	2
43	3
14	2
51	71
48	2
50	2
74	1
65	2
94	94
69	1
55	2
40	12
78	1
22	1
34	1
20	14
75	9
79	5
34	20
61	1
86	1
24	3
54	2
89	3
21	1
30	9
85	1
87	1
88	2
61	14
14	3
70	40
98	14
28	23
29	1
16	1
3	6
25	4
32	2
54	1
21	130
78	1
56	13
19	1
23	1
68	1
62	1
77	7
37	4
43	6
96	1
31	2
1	25
57	5
20	2
35	1
49	1
45	5
27	2
98	173
93	40
90	6
55	6
65	38
73	3
8	75
69	5
22	2
44	1
1	1
44	1
55	3
51	16
95	7
65	10
30	5
10	4
14	3
88	4
58	4
41	25
33	5
54	2
78	1
36	3
16	10
68	38
23	2
20	2
47	22
62	3
44	4
95	3
38	3
40	2
94	1
12	4
89	18
84	73
18	3
99	11
2	9
55	2
36	1
94	1
62	4
57	6
81	10
15	7
37	2
64	1
85	215
60	7
96	1
94	22
65	77
98	73
62	19
95	1
31	1
30	1
46	2
49	2
41	46
95	15
72	2
10	6
89	1
85	1
15	8
48	7
74	4
50	2
2	179
35	40
35	128
75	4
54	2
57	2
42	5
74	8
12	1
22	1
4	2
35	10
36	2
1	1
32	34
48	1
97	3
68	1
98	1
62	14
69	3
96	2
20	1
76	1
56	4
83	3
54	3
80	10
4	27
3	26
82	7
71	2
84	1
61	46
31	2
84	93
92	25
62	2
52	110
47	3
37	60
69	1
50	1
35	5
81	1
91	1
39	2
92	1
98	2
3	1
27	1
32	1
70	2
33	1
33	1
32	88
64	1
62	20
48	2
70	1
85	4
42	4
73	3
97	3
89	2
2	3
89	1
37	2
77	1
31	28
4	13
81	9
13	1
31	5
43	25
92	13
64	7
54	5
70	1
9	2
52	2
77	4
95	5
50	1
85	2
36	48
45	1
6	2
11	1
70	4
40	53
83	2
98	1
90	2
37	3
28	29
61	4
29	1
20	3
82	24
62	3
96	2
34	3
15	2
90	3
52	8
49	1
84	4
22	2
16	85
23	3
46	3
99	1
42	4
8	5
26	67
40	1
26	1
75	2
20	1
28	2
48	1
57	4
25	2
8	10
87	2
35	1
17	2
10	1
54	3
32	22
37	2
5	4
96	3
7	3
46	2
90	2
14	1
28	1
75	10
30	3
16	2
46	1
100	1
41	1
76	29
84	3
96	2
26	8
18	5
10	2
70	1
60	2
49	5
76	6
73	4
37	1
20	86
24	2
40	10
24	3
40	39
79	9
47	3
78	4
40	2
79	1
42	1
47	1
76	1
18	77
79	4
39	3
39	3
69	2
30	2
45	1
50	2
56	1
78	4
60	1
75	1
29	8
79	1
59	1
49	2
5	1
81	27
76	3
57	9
48	1
87	1
6	1
66	2
84	5
45	28
64	1
84	1
88	46
71	3
19	1
73	1
97	1
18	9
71	8
20	2
63	20
62	63
47	20
81	4
74	6
77	1
96	7
86	17
26	11
80	4
79	1
71	4
4	11
3	19
17	14
96	1
81	2
98	11
39	4
60	4
7	5
54	1
48	2
89	7
98	5
20	6
72	4
7	6
81	1
5	4
31	21
75	2
60	1
41	5
6	5
14	11
88	4
18	1
9	5
59	1
25	1
38	19
20	54
75	2
5	13
49	3
30	91
50	4
100	1
90	54
42	5
69	5
22	2
16	2
43	3
41	1
57	1
67	2
74	2
80	3
71	85
64	1
4	12
44	5
7	7
11	14
88	2
81	1
68	4
96	1
75	2
29	80
17	1
58	2
87	2
19	10
18	69
12	10
99	1
27	15
39	9
57	1
20	1
92	9
85	63
97	11
26	111
93	1
23	11
84	3
92	1
69	4
88	1
81	2
86	1
43	1
47	8
54	1
88	7
57	31
35	2
87	1
81	2
2	41
81	3
15	9
90	27
80	5
66	2
68	2
22	3
78	2
13	1
38	26
80	40
27	2
98	1
26	1
92	30
84	1
15	8
44	1
32	1
86	2
39	1
99	1
66	2
80	1
60	1
81	1
15	1
57	4
72	5
94	3
61	35
87	6
75	1
32	1
8	4
55	114
73	1
6	109
34	7
20	41
6	3
35	8
11	1
85	2
26	3
97	3
55	2
61	3
16	2
40	1
64	1
69	2
3	5
78	2
15	4
32	4
100	1
44	7
10	1
45	1
58	7
72	10
76	15
97	5
80	7
66	16
86	4
83	9
64	12
76	2
60	24
50	1
25	1
74	6
73	1
72	12
10	1
45	2
80	3
28	2
29	2
2	1
31	12
54	3
48	2
24	1
87	4
71	3
66	10
49	3
13	5
71	45
68	2
59	1
8	3
5	56
82	3
54	1
95	1
11	3
39	2
1	2
7	6
41	1
66	2
13	9
13	2
52	5
49	2
78	16
47	5
97	1
45	1
92	2
9	1
84	2
88	17
24	77
59	10
69	1
5	1
6	1
67	3
49	1
66	3
75	16
12	6
92	1
21	1
98	1
89	9
27	2
70	1
21	18
18	1
56	1
73	30
91	1
18	1
57	11
20	2
95	32
54	4
39	1
21	18
6	25
70	4
36	4
87	2
18	4
96	8
78	30
87	15
10	1
62	4
87	3
53	1
64	3
71	1
32	1
43	4
3	30
26	6
2	2
45	4
19	1
96	60
11	3
67	2
38	24
42	1
13	9
9	6
100	7
30	1
74	13
25	13
35	4
66	1
13	8
11	39
2	1
79	4
65	1
97	46
29	1
77	3
41	4
13	31
22	56
98	1
21	5
81	17
8	4
15	3
46	5
57	1
30	1
7	22
6	2
34	5
83	4
37	2
32	1
91	3
96	1
14	2
60	13
65	1
28	1
14	3
59	1
2	2
84	191
86	10
14	1
22	1
81	12
71	1
59	9
21	1
100	24
23	1
33	13
78	1
70	94
37	1
61	1
20	1
97	4
85	9
76	1
59	1
16	1
24	3
90	3
33	40
30	8
52	3
93	28
74	22
72	1
94	2
100	4
80	1
70	3
58	1
73	6
57	2
97	1
15	10
24	2
78	1
5	1
19	102
63	25
63	1
53	3
18	1
72	6
52	5
64	2
91	19
29	2
76	11
79	6
14	11
40	2
58	3
24	6
45	1
19	222
20	6
66	1
27	1
89	1
30	2
43	4
39	2
71	2
99	57
8	14
2	2
6	9
43	17
35	6
15	3
97	1
76	2
26	6
99	33
84	6
17	4
52	1
48	4
74	3
70	2
9	1
80	1
29	14
96	1
13	1
68	2
48	2
71	33
97	1
91	17
1	45
6	3
66	84
25	2
51	1
72	1
16	4
78	31
25	59
11	13
34	40
99	1
20	3
58	5
90	1
49	3
6	28
93	1
11	12
62	1
62	2
77	1
36	2
72	2
78	2
1	14
11	3
96	3
20	2
51	2
52	3
2	4
8	13
32	2
14	1
36	1
78	5
3	16
17	22
77	2
60	2
56	23
28	1
4	53
7	81
7	2
56	8
19	2
53	12
86	4
95	2
92	1
84	9
89	5
71	53
93	1
46	2
52	4
3	3
71	1
13	1
19	7
84	5
35	1
38	52
53	1
92	1
9	1
41	43
26	6
18	1
93	8
18	19
87	1
2	2
32	5
85	2
86	3
90	6
7	2
44	1
64	4
6	2
14	4
72	1
56	19
9	1
55	31
47	1
49	1
49	1
66	2
82	1
52	21
23	3
2	2
68	7
4	5
40	205
70	1
8	4
4	1
77	1
93	4
51	2
24	1
72	2
36	1
40	1
28	2
49	1
31	1
46	1
41	6
3	1
48	28
88	24
77	5
62	2
91	1
61	11
15	10
3	12
89	4
42	14
59	5
96	4
58	18
74	1
78	1
61	4
37	25
80	4
67	5
33	1
5	8
71	1
29	3
73	1
70	1
84	1
4	22
68	3
24	1
63	2
69	189
77	243
74	1
22	3
49	9
50	26
51	5
76	33
97	1
47	3
62	1
46	2
13	11
29	1
54	1
88	4
66	1
32	2
24	8
84	1
11	1
29	5
4	14
40	2
52	2
18	3
20	11
33	7
27	2
19	1
4	1
7	4
26	2
61	6
94	1
73	2
28	5
66	1
57	1
83	1
95	3
24	4
14	1
98	15
69	1
72	2
26	1
93	2
19	1
52	1
100	1
69	2
29	17
10	1
42	2
97	2
43	1
3	9
80	4
99	4
68	4
24	1
52	4
96	1
73	19
87	1
27	2
99	3
92	5
44	12
51	1
73	1
65	2
52	23
27	2
96	1
24	24
39	2
86	1
98	1
85	1
30	2
42	1
18	1
39	87
69	1
53	9
85	2
20	9
65	24
37	46
92	4
78	3
40	4
68	3
73	1
24	7
15	2
33	5
1	2
97	1
11	3
14	7
70	5
82	9
79	12
93	10
82	42
52	43
36	9
9	7
23	4
13	88
48	3
73	5
15	32
21	2
22	1
71	20
67	2
76	11
22	12
67	4
41	15
76	4
89	1
88	8
20	1
52	10
45	1
19	1
97	3
88	3
72	2
60	10
62	3
88	5
54	1
41	1
24	1
74	8
4	1
74	13
60	23
93	2
2	1
67	3
53	5
20	1
15	72
67	1
66	18
62	1
7	7
17	5
22	1
45	2
2	2
51	35
96	42
69	15
58	7
98	27
92	3
39	2
48	2
34	1
58	1
35	1
1	3
98	5
92	7
51	26
12	7
58	7
49	23
7	50
64	2
20	13
21	3
60	3
14	1
32	48
92	1
87	7
69	30
66	36
29	70
57	19
22	1
99	2
43	5
79	6
62	21
60	3
8	2
54	1
16	9
44	2
55	7
99	2
17	1
88	23
84	2
38	1
14	1
26	1
93	1
14	7
7	4
88	3
96	8
39	2
77	2
18	18
64	5
59	8
84	5
30	7
45	4
76	1
54	146
66	1
9	1
4	3
3	1
81	1
83	1
10	22
53	9
95	2
95	85
1	3
50	1
100	4
48	19
4	1
28	3
3	1
47	60
3	3
49	1
99	1
53	22
43	1
87	1
74	9
41	19
14	2
55	90
35	1
88	3
58	3
6	32
2	113
19	1
5	1
38	1
50	6
63	3
48	1
80	1
33	27
46	4
61	1
10	2
57	3
85	1
15	2
78	19
46	2
72	8
15	3
5	2
52	2
60	14
67	19
71	1
63	1
48	8
19	2
22	2
6	3
40	1
1	2
88	6
65	1
48	1
21	2
47	1
70	76
74	2
48	2
38	1
11	2
37	1
93	41
3	2
20	2
70	264
11	1
70	1
20	1
58	9
72	2
15	1
13	4
80	1
83	11
26	1
5	1
73	4
24	4
99	2
21	5
67	12
28	2
62	3
56	8
39	1
27	5
19	2
93	2
56	10
18	2
20	1
95	2
22	1
71	1
64	6
39	3
78	32
69	12
14	3
10	22
2	4
9	5
80	12
21	2
29	3
67	6
63	24
44	58
82	10
56	2
61	10
79	3
13	3
77	23
23	2
81	1
26	2
48	3
43	1
91	3
62	1
22	138
18	3
61	6
36	4
49	19
62	4
34	1
26	1
51	2
99	1
77	2
73	1
81	1
48	1
37	1
29	2
38	2
27	1
49	1
65	4
10	1
76	1
52	1
56	63
53	5
34	6
82	1
9	6
72	3
34	6
17	9
17	2
63	2
3	2
57	2
12	8
46	1
60	7
92	4
51	1
73	8
77	3
41	2
16	9
92	1
71	1
14	1
66	8
83	1
40	1
88	1
9	3
90	9
33	2
35	13
76	2
71	7
12	1
88	8
27	7
28	2
92	2
37	6
22	2
77	1
13	1
15	13
100	1
41	4
36	1
20	11
33	2
67	3
5	2
23	7
90	2
29	2
96	28
89	261
39	3
29	14
81	11
24	3
99	7
69	4
90	2
1	2
29	2
17	4
26	2
17	10
42	2
47	69
13	1
5	1
52	1
53	5
79	1
17	4
91	2
15	55
24	1
53	2
34	2
89	4
61	1
25	1
1	2
90	1
58	65
67	3
30	3
41	4
99	1
37	2
93	3
21	113
69	2
20	2
95	29
65	3
65	3
60	2
12	1
82	41
46	17
30	50
71	3
82	14
31	1
63	2
72	1
91	1
60	1
95	2
21	1
12	7
100	1
54	1
71	20
84	7
34	3
42	1
87	17
78	1
45	1
91	1
26	1
57	1
94	2
91	44
61	11
3	7
25	1
76	1
42	5
15	1
76	4
32	18
84	2
30	11
52	1
44	5
53	2
14	2
2	2
16	5
11	5
27	6
26	3
34	1
64	3
95	5
9	1
52	2
90	2
71	1
53	1
21	3
18	1
54	1
43	12
86	11
40	1
91	12
17	22
36	1
77	178
23	51
59	3
28	2
7	3
40	2
16	1
15	2
99	1
5	10
89	3
97	4
53	6
97	3
63	5
52	2
14	26
27	24
100	8
20	2
56	2
16	1
23	1
56	1
1	3
65	20
1	20
21	77
52	8
25	4
53	3
9	1
2	1
37	3
41	19
58	4
71	4
18	5
54	1
18	2
85	14
96	14
47	2
90	1
37	1
67	3
43	5
54	1
10	4
97	2
2	2
97	6
27	2
16	3
39	352
34	65
15	2
61	13
97	13
14	5
16	15
21	20
7	4
6	13
67	2
69	3
7	2
39	3
30	3
65	31
39	1
44	2
31	5
17	4
5	1
63	2
62	7
82	1
60	88
87	10
92	44
98	5
71	4
83	1
94	2
72	1
1	3
85	15
18	3
61	2
35	2
47	1
9	4
15	2
19	4
97	1
59	2
60	2
82	1
33	59
93	11
7	36
19	1
27	3
97	8
62	44
61	1
79	1
88	1
88	1
98	2
67	1
30	2
37	3
73	155
86	1
76	17
62	20
87	2
34	92
27	57
66	3
55	3
60	4
40	46
99	2
35	1
45	1
47	5
27	3
5	1
40	1
8	3
26	1
92	1
29	9
5	1
9	1
93	11
4	2
18	16
21	34
23	1
69	1
49	5
40	1
59	5
84	51
31	3
63	1
19	2
92	1
88	43
86	2
71	12
64	1
95	2
40	4
100	7
86	2
7	2
4	5
7	5
34	1
48	1
62	6
39	2
41	5
56	6
10	3
68	11
14	1
8	6
79	1
17	1
10	12
44	3
39	22
51	1
90	4
19	1
16	1
8	1
87	3
34	32
41	4
72	1
15	41
62	1
89	3
60	8
100	2
14	11
8	2
9	4
14	1
51	4
36	1
36	2
73	3
73	2
22	5
70	1
74	1
80	3
9	4
15	1
45	3
98	8
44	10
100	6
37	9
89	3
60	2
98	2
45	424
48	4
66	19
54	3
100	4
57	9
24	3
67	9
51	1
24	4
74	1
54	2
78	6
34	1
70	1
73	2
6	3
32	1
37	2
62	2
71	1
95	3
42	1
66	11
81	8
38	4
17	7
15	1
85	2
82	1
84	2
19	2
74	1
59	3
40	6
49	1
43	9
55	29
7	2
27	3
62	51
92	4
59	2
23	1
7	2
48	1
62	5
78	3
20	5
48	1
60	3
20	2
90	2
37	7
99	8
35	4
31	4
41	14
32	1
35	7
70	6
27	2
100	1
17	4
92	5
82	8
11	3
5	3
79	2
48	1
8	5
40	2
7	1
31	1
94	1
28	4
99	2
98	1
62	37
73	15
30	2
56	2
6	1
44	4
4	1
65	3
24	4
54	1
84	11
21	6
53	36
45	2
6	4
53	2
8	1
72	9
30	2
82	17
38	2
24	1
68	6
5	4
92	3
73	2
93	2
5	5
45	26
49	1
42	10
17	1
78	6
91	1
67	14
46	8
48	1
50	1
57	3
58	3
63	5
27	10
75	1
4	1
83	15
68	7
57	6
78	1
77	6
44	6
91	1
99	34
10	3
5	4
53	35
18	1
43	1
74	2
79	9
87	37
33	1
37	5
43	1
78	2
33	1
61	1
62	4
13	14
11	6
41	5
82	1
82	2
58	44
93	2
36	8
48	42
85	4
12	2
50	1
45	1
9	1
57	8
21	3
98	3
89	6
46	1
100	1
46	2
34	12
44	2
68	1
40	21
27	1
31	19
39	7
63	1
37	2
74	1
92	15
87	1
60	2
54	12
12	3
19	2
40	1
66	4
5	3
11	1
56	1
59	1
21	2
45	1
40	1
65	2
88	28
14	2
87	1
10	1
69	2
95	4
42	4
67	7
64	2
77	17
22	11
65	1
56	2
2	1
79	2
81	3
21	1
17	3
13	9
57	4
59	5
93	2
10	3
98	1
39	5
96	2
60	1
6	1
20	272
13	2
77	42
20	1
39	1
56	4
66	1
87	35
66	406
76	3
89	1
51	1
98	2
40	2
57	15
76	1
56	1
30	8
85	5
33	9
37	3
29	11
3	2
30	159
94	1
46	5
81	7
61	1
46	1
38	1
49	1
83	1
5	8
92	1
61	7
15	1
64	1
2	7
9	2
90	1
39	2
36	2
36	2
48	9
100	1
87	2
50	3
7	1
81	1
46	1
75	1
41	2
54	1
8	1
77	1
16	2
85	17
34	3
51	2
4	3
18	2
1	3
11	8
25	1
57	23
35	3
34	1
21	11
21	2
54	1
29	18
63	9
24	3
36	1
29	186
27	4
34	1
17	1
37	16
39	31
68	18
28	1
52	5
92	10
80	22
20	2
18	3
73	1
30	2
18	10
51	2
7	1
74	2
32	2
69	2
7	2
94	4
40	2
86	1
68	4
80	1
77	2
21	1
89	1
60	20
7	1
1	7
98	15
88	6
36	4
2	2
95	4
32	4
92	13
18	6
86	4
98	3
46	2
62	2
67	2
92	1
36	1
90	12
70	1
66	1
37	1
2	1
14	1
17	60
3	10
17	14
83	4
54	10
84	8
65	27
40	1
27	2
52	1
60	2
44	6
29	1
91	102
63	1
63	1
62	1
65	1
57	20
95	1
78	14
76	2
84	1
50	1
42	6
29	7
73	1
25	4
4	1
82	13
24	12
96	1
13	3
66	7
58	1
82	1
94	3
29	2
25	13
90	1
30	2
19	2
41	10
6	1
14	1
13	11
35	9
25	3
72	4
20	1
6	85
68	16
11	11
79	13
25	1
4	6
37	1
11	2
69	5
77	16
55	1
23	4
1	4
88	1
41	4
54	7
61	2
48	47
21	1
57	1
45	1
3	10
86	2
9	18
81	19
87	41
26	1
27	1
60	2
50	1
26	10
49	7
28	2
8	3
73	90
96	1
75	2
97	87
15	10
65	5
42	3
33	1
64	24
44	1
77	1
74	14
100	30
39	2
69	1
26	7
13	15
57	48
23	16
99	3
10	41
83	4
71	9
21	1
78	4
9	3
9	4
8	2
56	9
87	5
96	2
17	1
38	1
47	5
30	5
49	6
65	4
93	3
98	3
68	1
76	2
80	2
62	1
97	12
89	9
44	3
99	1
43	2
37	16
48	1
39	56
56	2
26	5
89	5
12	5
1	4
36	1
75	1
71	5
65	3
6	41
94	6
72	24
92	57
30	3
77	29
34	10
74	2
83	3
86	1
69	13
32	11
18	64
100	1
81	13
51	8
76	1
94	1
37	1
10	17
75	2
37	2
21	2
70	26
23	3
48	3
93	7
47	7
89	2
54	1
14	1
7	2
53	1
39	4
36	1
58	28
37	5
69	2
55	1
63	1
45	2
71	1
92	1
51	1
15	1
50	50
60	104
20	1
56	2
52	1
9	3
53	3
54	5
5	5
11	2
40	1
80	1
92	1
79	1
3	2
98	1
72	2
60	1
21	225
100	1
9	4
33	5
56	1
34	1
50	25
30	19
99	13
51	1
32	3
36	6
74	34
38	1
42	2
40	1
63	4
85	1
51	1
84	9
59	3
18	63
60	2
48	2
8	1
5	3
80	1
77	4
25	5
54	1
10	34
79	11
89	19
94	23
84	1
97	3
93	2
1	3
18	1
15	8
98	29
68	5
10	2
34	3
57	18
3	260
84	10
89	59
48	2
63	1
11	15
72	3
29	7
59	2
71	1
23	47
95	14
97	14
33	141
42	6
69	2
58	1
29	1
76	1
31	2
6	28
48	2
48	3
52	1
22	1
35	1
91	84
85	5
85	3
69	61
61	3
23	1
40	2
15	2
27	30
4	2
42	4
13	12
80	1
99	1
38	11
49	1
61	3
67	1
54	2
24	7
75	2
32	6
48	1
33	6
47	2
10	4
91	297
29	26
37	5
23	8
11	2
54	1
55	3
21	3
58	3
74	1
93	2
2	1
54	6
18	1
73	2
41	1
100	2
85	1
48	4
10	1
81	1
33	12
87	5
47	35
100	5
80	5
76	1
84	1
66	1
82	11
27	1
6	2
42	2
61	60
49	1
99	3
38	1
68	7
88	2
20	1
34	1
31	2
84	78
91	2
14	5
92	6
97	2
17	3
38	238
27	1
51	1
19	2
11	4
16	2
100	7
37	3
38	10
47	5
32	7
23	1
12	1
36	4
62	2
97	2
32	58
37	1
51	1
74	5
40	1
11	5
76	2
29	2
17	1
86	1
15	16
44	20
73	2
37	19
82	1
33	3
8	1
48	19
23	45
23	10
14	4
5	1
36	5
5	1
59	3
52	1
50	3
2	8
78	62
56	8
23	10
25	4
8	2
91	4
96	9
96	2
51	2
1	21
37	8
42	2
48	22
72	1
93	1
19	2
63	1
81	20
14	9
18	2
80	1
55	2
25	4
88	2
2	1
65	1
46	1
36	2
51	5
41	1
80	1
65	4
86	26
30	10
2	2
24	1
6	1
8	3
28	3
57	38
36	1
70	5
79	14
25	1
64	4
76	4
76	63
36	10
36	1
64	2
63	12
18	1
65	13
99	17
72	1
77	2
28	9
39	3
56	75
38	2
32	1
14	5
4	1
72	1
18	6
76	303
73	4
48	1
22	6
34	2
5	1
52	2
60	2
89	7
57	14
86	3
91	8
46	39
99	2
85	9
51	186
48	3
57	2
65	1
45	2
23	2
59	37
32	1
67	229
37	12
1	15
10	70
72	43
37	4
24	1
38	11
33	23
2	2
32	12
71	17
63	3
28	23
70	1
95	1
82	1
59	1
5	2
25	14
28	5
47	8
33	101
77	2
21	1
11	3
95	11
31	51
26	1
82	2
68	1
35	1
59	6
34	1
66	3
40	1
70	1
95	1
73	3
24	4
1	53
48	54
66	1
4	3
87	2
90	2
13	1
6	4
69	11
34	2
49	1
30	1
62	1
73	17
48	5
27	4
81	4
95	7
56	1
41	1
87	3
48	5
5	2
74	2
97	2
11	4
84	7
63	1
65	5
31	1
34	5
63	1
36	6
64	6
60	4
33	2
85	32
1	3
90	1
66	60
84	2
30	17
17	1
16	81
31	1
96	8
55	2
82	3
67	2
33	3
100	3
28	5
1	9
77	12
53	5
75	2
18	116
59	3
1	2
18	2
71	8
99	3
75	3
19	3
29	2
71	3
68	1
16	6
77	2
10	1
34	1
20	2
92	1
41	1
55	4
27	5
75	6
7	2
9	5
41	1
28	6
22	1
12	3
66	79
81	95
20	138
63	2
68	8
21	4
98	30
70	4
5	16
52	16
44	1
87	7
54	4
99	3
12	1
11	6
50	10
4	13
8	1
12	1
72	1
87	1
60	55
96	1
51	3
26	1
11	18
30	1
78	63
90	2
37	1
18	1
95	5
59	7
39	1
82	18
54	2
82	8
28	1
80	25
28	2
24	9
21	3
6	2
32	8
38	3
99	3
58	11
29	2
48	4
37	19
29	1
52	19
7	8
39	1
9	1
95	10
7	2
36	5
64	2
59	1
86	2
9	5
2	1
58	1
55	2
81	1
37	1
45	1
63	33
33	3
52	17
54	3
46	3
22	5
55	10
63	2
36	5
35	3
7	2
90	1
91	1
96	1
7	2
73	7
74	5
92	84
37	1
34	1
38	2
91	5
34	4
36	1
75	2
11	93
15	1
94	3
74	6
83	1
80	4
1	6
64	1
81	2
92	6
82	37
69	9
73	4
29	6
75	4
30	3
88	3
37	1
100	4
21	2
42	1
41	1
8	4
37	32
56	1
1	8
57	1
12	1
23	29
88	11
47	2
34	3
65	1
66	1
83	29
50	18
41	91
17	1
98	2
35	1
85	3
41	2
56	1
73	1
48	1
78	4
81	6
31	30
84	1
62	1
85	2
42	3
5	18
24	1
67	3
10	1
51	1
98	1
3	15
67	2
100	22
10	1
11	15
75	2
8	3
21	28
6	2
67	1
40	2
9	38
96	4
98	2
66	3
93	3
47	28
52	5
41	5
43	3
84	75
63	3
39	23
16	2
19	7
30	3
15	5
2	1
60	2
60	2
97	5
45	7
14	71
93	3
60	1
10	1
53	1
38	4
7	11
39	5
39	25
38	1
11	2
15	3
41	2
95	2
77	1
32	1
38	1
97	1
59	1
91	3
81	13
6	6
33	5
16	4
64	13
28	1
44	21
44	1
68	3
73	1
80	5
39	1
32	2
65	21
44	2
5	3
35	2
63	2
5	4
41	2
36	3
42	1
15	2
67	1
26	2
30	2
47	1
73	66
54	2
72	1
44	1
73	24
89	2
48	1
17	1
61	15
60	79
83	235
91	61
60	1
40	9
25	4
13	4
68	1
38	16
15	1
70	1
10	5
73	2
3	1
49	2
93	2
69	18
86	13
28	1
32	154
37	1
57	2
57	1
19	7
67	7
27	10
23	13
46	3
97	2
88	4
63	27
5	2
59	3
94	20
86	1
57	1
33	2
75	1
41	9
87	1
77	1
48	2
6	1
97	10
93	6
99	5
17	3
89	46
96	51
65	67
11	5
58	58
37	3
88	12
28	2
41	2
39	6
6	3
84	4
98	1
87	3
86	1
2	1
81	3
61	1
81	3
17	11
70	11
74	7
35	1
30	5
57	3
66	1
16	1
64	21
29	1
12	3
56	2
40	1
13	1
33	2
75	1
35	2
7	2
100	1
8	2
19	1
1	3
78	1
36	1
81	1
95	10
30	13
57	9
90	58
73	20
14	15
76	1
42	3
7	1
26	1
73	1
30	19
31	2
42	22
52	10
82	8
66	1
99	1
83	2
96	1
15	4
53	1
61	7
23	1
86	1
81	5
95	4
84	2
73	1
42	13
50	4
73	3
37	4
94	12
64	1
74	21
49	18
67	1
72	9
28	55
40	5
68	5
22	14
10	5
79	139
70	15
78	4
99	7
18	1
33	1
32	1
58	3
37	75
41	6
16	10
69	28
80	1
92	4
90	1
47	9
55	3
100	2
63	8
98	3
42	8
12	1
92	1
5	4
96	2
40	2
17	1
17	3
48	4
49	30
12	7
9	2
15	2
2	3
57	3
8	1
32	3
71	9
39	8
55	3
72	7
96	2
58	9
36	2
23	1
45	3
31	4
52	168
64	1
74	1
55	3
70	1
4	1
13	3
19	1
28	8
65	12
82	1
91	4
78	2
1	1
51	2
79	11
28	2
58	11
15	1
37	4
49	1
80	6
34	2
29	2
91	1
39	5
67	3
42	1
46	19
22	2
25	4
49	3
95	1
8	3
69	1
96	4
36	1
30	3
76	2
85	15
55	1
91	4
4	1
20	2
25	64
96	2
94	5
4	21
53	1
48	1
55	1
41	30
74	4
10	2
80	4
67	30
68	2
58	1
40	1
71	18
71	1
13	16
13	4
3	1
79	1
89	2
48	3
22	6
52	1
70	2
28	11
69	20
45	2
18	4
7	1
48	21
58	1
44	1
81	16
39	3
99	1
44	6
9	1
67	9
100	1
42	4
24	4
74	3
40	4
3	2
32	47
27	3
15	13
63	7
68	11
57	2
81	6
12	4
17	1
100	1
66	13
46	39
55	1
60	30
63	1
91	1
17	2
86	7
39	2
29	5
2	2
71	4
37	2
22	3
13	1
72	5
65	1
71	1
88	1
64	3
44	10
47	5
23	1
42	16
33	3
18	2
59	2
67	1
23	19
51	4
60	5
64	4
42	2
95	2
16	2
83	2
12	1
71	14
14	7
47	8
86	2
79	235
5	2
42	8
84	3
65	3
69	3
18	5
66	4
43	24
70	1
43	2
7	3
19	3
29	2
17	2
34	34
61	2
91	2
68	2
49	4
68	16
11	2
78	1
97	1
60	1
50	36
50	1
67	13
79	1
86	13
12	25
41	1
8	4
77	27
56	1
58	15
45	7
59	2
96	10
47	7
24	17
57	7
7	1
46	14
22	62
83	7
1	6
57	123
5	12
86	2
62	1
86	5
62	9
81	19
3	2
64	23
78	1
3	56
47	2
20	16
30	26
54	2
76	2
93	3
47	18
95	1
72	5
19	58
75	1
94	1
29	62
7	17
29	3
41	275
61	1
47	2
65	1
24	8
62	39
23	2
98	2
20	3
100	7
6	12
40	1
55	42
56	2
77	3
25	1
63	1
28	48
27	1
61	2
83	32
69	2
33	1
77	2
87	8
42	6
2	2
91	1
1	8
20	7
34	1
46	4
81	2
9	11
17	1
8	9
42	1
60	4
94	4
78	27
12	2
23	12
53	5
72	3
64	2
34	1
39	1
97	4
57	1
77	3
25	3
76	4
63	18
43	4
24	20
87	1
92	1
52	3
27	4
100	1
18	234
90	15
65	8
26	1
94	5
97	3
85	1
87	1
60	1
55	2
2	13
69	101
6	1
88	1
95	1
73	3
72	1
19	10
52	1
8	1
45	1
15	2
29	9
79	2
83	10
22	5
30	4
28	1
62	3
67	3
1	2
19	81
57	1
60	13
84	1
6	1
76	3
60	1
73	2
43	32
75	1
42	14
5	4
38	1
35	9
73	3
99	6
12	15
31	1
15	45
42	2
41	20
92	2
24	15
42	6
75	2
33	3
71	11
37	2
3	3
16	3
62	2
18	48
72	6
48	1
62	1
10	3
10	3
6	1
69	1
51	3
14	4
10	7
72	1
44	2
73	1
54	1
76	20
59	3
71	5
37	74
46	1
91	15
99	5
40	2
95	2
61	1
76	3
44	1
72	2
26	1
49	16
30	3
1	14
22	1
45	1
60	1
57	6
49	6
97	3
74	30
33	4
55	2
8	3
7	1
88	1
75	1
62	1
11	12
43	7
90	1
42	3
29	2
50	2
57	2
68	3
93	3
67	4
7	2
96	3
6	22
49	15
70	22
36	3
77	1
63	2
65	6
66	32
6	11
73	1
64	4
43	2
91	1
54	2
36	1
14	1
35	11
24	4
77	9
35	14
89	3
70	11
6	5
49	15
1	11
77	3
64	4
72	1
80	4
2	1
78	1
59	1
30	1
20	3
93	1
10	2
3	1
85	4
65	9
23	1
57	1
32	63
69	4
73	3
32	1
67	130
42	1
24	2
60	209
28	1
49	3
33	7
67	6
63	1
54	3
47	2
35	2
82	260
33	1
55	2
80	4
76	1
99	3
95	39
94	2
61	3
10	6
96	1
62	2
58	22
94	1
76	2
86	4
35	1
63	2
85	2
62	3
67	2
10	21
21	13
83	1
48	2
74	2
72	4
1	3
53	8
89	1
74	7
37	3
95	1
49	9
93	3
90	1
74	4
71	1
6	8
75	3
49	2
48	1
39	2
52	1
47	6
72	15
65	1
80	4
59	1
89	4
41	21
13	5
81	11
60	17
88	10
90	2
38	2
7	3
90	1
72	14
50	4
7	15
54	3
73	1
17	2
18	6
91	3
27	3
65	3
60	1
24	4
91	1
90	1
93	5
6	1
66	3
58	2
69	1
10	8
27	3
5	41
40	1
26	5
69	1
4	4
45	7
81	3
91	17
83	1
53	2
99	1
47	10
42	81
72	1
59	4
34	1
46	10
10	1
38	4
65	5
58	1
71	3
44	20
64	1
97	5
19	1
37	3
55	9
32	7
82	1
28	2
53	1
39	19
48	7
93	184
21	1
74	21
44	1
4	3
47	1
26	102
99	2
82	2
40	8
83	23
54	1
39	10
34	15
73	4
57	2
98	11
18	1
19	1
39	20
71	23
74	2
54	12
58	4
29	1
99	1
74	1
20	2
63	17
93	1
90	1
51	5
29	3
57	3
85	77
69	2
37	34
3	5
18	5
77	6
12	1
8	5
31	1
1	1
36	1
79	1
45	1
12	1
1	3
71	1
67	1
91	1
86	3
97	3
56	75
53	33
51	14
4	4
91	2
78	8
100	2
2	3
89	4
20	1
33	7
25	13
30	1
58	48
12	1
21	10
78	2
87	1
85	24
13	4
98	5
4	2
99	9
45	1
70	1
28	1
54	2
4	33
23	3
1	1
66	2
6	1
46	4
23	2
85	3
60	11
77	76
31	2
68	3
14	1
90	1
42	1
96	243
78	1
58	1
5	31
4	1
18	6
53	1
35	4
74	1
23	2
57	3
77	1
79	1
64	2
34	3
63	1
1	2
52	11
23	2
85	2
69	16
78	10
41	5
61	1
6	1
68	1
87	2
89	1
90	1
85	1
56	32
57	8
91	3
66	4
67	1
90	2
3	3
7	7
79	13
60	59
2	1
97	6
28	1
57	1
88	17
92	1
39	3
51	10
7	2
94	1
69	3
7	2
3	1
65	1
84	1
17	22
55	247
24	1
2	2
99	2
72	1
84	2
90	1
44	2
53	4
73	1
72	13
91	4
96	1
7	29
82	3
15	5
91	1
70	2
18	3
33	60
62	5
3	2
53	21
50	1
35	3
77	3
5	2
84	3
25	3
30	1
16	2
94	4
81	2
50	4
83	2
91	2
1	4
46	1
43	1
57	14
21	1
38	5
3	1
24	18
62	7
32	5
48	5
83	62
41	14
30	9
17	1
19	7
17	1
69	9
63	31
91	2
61	1
60	4
1	1
89	1
40	1
91	1
49	2
68	29
8	1
64	2
21	8
40	1
97	1
51	8
36	4
47	1
20	1
10	7
93	5
34	5
21	4
72	2
48	2
10	2
39	1
30	1
6	1
99	1
28	1
14	1
41	3
10	9
69	13
32	2
68	2
46	1
40	6
61	12
11	3
45	1
47	11
60	2
94	1
7	8
59	78
35	52
83	8
59	2
14	11
64	39
59	7
25	1
29	3
89	12
59	47
92	2
7	14
62	1
60	83
73	8
91	5
69	18
3	1
75	3
21	14
1	1
99	1
82	3
62	22
70	120
55	6
81	2
63	12
66	5
61	2
44	6
97	11
23	4
43	3
20	16
40	5
46	2
97	2
69	1
1	10
33	16
3	55
20	4
55	3
92	1
75	2
18	1
99	1
74	5
42	5
7	1
65	15
70	4
83	25
74	4
33	1
90	2
71	3
52	1
46	2
93	7
82	47
42	1
2	1
24	1
60	15
75	6
86	13
88	2
87	2
55	1
67	1
5	32
5	5
14	2
3	2
73	2
20	4
15	2
81	7
68	2
20	2
16	2
90	17
77	4
16	8
46	2
27	2
71	1
11	11
36	4
46	9
97	3
22	5
37	7
1	2
46	9
98	8
28	2
69	3
67	2
88	6
70	1
66	2
49	2
27	4
89	4
92	3
88	1
47	5
18	2
80	3
70	6
29	9
68	28
2	1
84	2
97	11
6	9
44	16
90	9
90	3
46	4
66	9
97	127
10	25
63	3
33	11
70	32
30	11
9	17
22	3
23	1
97	5
32	8
34	1
15	1
51	1
7	1
45	1
81	23
72	2
47	7
27	10
65	8
4	12
38	2
70	23
42	2
40	2
58	6
47	29
99	1
84	14
65	31
59	10
86	2
40	2
86	3
47	36
74	1
28	16
26	1
75	18
14	1
92	6
90	4
47	2
87	2
44	1
62	15
100	5
35	8
30	3
56	18
75	4
29	3
92	3
2	1
72	2
83	3
90	2
5	2
63	14
22	33
46	2
63	1
33	2
35	1
21	1
41	1
71	1
100	15
22	19
31	7
68	6
61	2
40	1
49	1
8	3
11	23
53	51
49	1
73	2
99	1
24	1
92	2
60	19
59	1
92	2
27	1
57	5
20	1
3	2
49	4
90	4
66	49
35	3
32	3
100	2
5	54
21	64
69	86
87	3
14	2
20	11
93	1
30	12
72	1
84	3
46	6
83	261
67	3
81	2
29	8
80	2
3	1
80	2
32	11
3	7
49	1
88	2
50	1
5	7
1	1
46	6
60	2
12	2
1	2
76	6
72	1
13	1
55	1
1	1
11	1
83	1
77	3
51	2
39	2
51	3
46	2
40	8
80	1
84	231
95	1
61	2
66	10
95	1
65	1
9	24
50	2
37	18
65	2
56	3
46	159
45	6
6	1
49	4
38	13
16	3
94	1
1	1
1	1
30	3
95	1
92	3
33	7
26	2
19	1
51	7
90	1
8	1
82	1
83	2
91	4
3	1
78	2
43	10
3	1
95	1
14	36
44	1
17	12
95	1
53	2
52	22
92	3
89	3
18	1
45	2
26	2
43	1
54	3
33	2
61	1
56	7
64	212
24	2
72	8
67	1
64	13
67	13
80	1
32	1
82	7
56	1
75	13
62	3
87	1
88	21
72	3
25	1
46	1
18	2
18	2
42	1
6	1
88	1
18	2
86	1
47	2
10	2
44	5
100	1
68	2
81	3
82	16
29	1
56	8
96	1
35	2
6	5
48	1
29	2
16	2
69	3
60	66
34	5
53	9
36	10
24	2
63	2
76	2
83	1
89	36
9	1
67	1
15	2
11	1
84	20
9	12
39	1
33	16
74	2
8	1
57	2
81	1
39	13
13	1
92	2
52	1
28	12
65	18
36	2
37	1
52	1
74	17
17	6
65	13
95	10
55	1
7	3
73	28
44	2
19	128
43	3
38	2
91	2
64	12
81	7
49	5
48	2
74	1
85	16
58	7
62	1
82	10
99	1
14	2
95	18
80	6
5	1
7	1
71	15
25	35
21	1
34	2
100	5
36	1
97	1
14	1
56	1
78	5
53	1
48	3
26	1
84	2
48	2
77	9
63	2
20	1
78	1
54	2
64	1
64	1
85	2
22	2
72	3
47	1
94	2
23	1
77	7
1	2
47	5
94	17
81	1
43	2
71	1
39	1
37	2
98	3
80	9
13	1
69	7
79	3
9	52
33	3
58	1
9	1
65	1
64	3
68	22
7	2
53	2
75	4
100	1
14	1
94	1
33	4
89	7
28	1
63	17
33	10
96	35
75	2
96	1
9	1
43	1
56	1
64	26
88	2
54	4
93	1
79	2
13	3
40	2
15	11
100	7
74	6
92	24
59	3
86	1
53	1
86	1
80	2
90	11
16	7
20	1
93	2
37	22
16	1
46	3
31	2
80	5
44	34
4	32
10	203
73	2
22	111
22	2
11	3
19	1
57	1
37	2
87	6
55	38
2	4
35	7
96	2
87	1
38	3
46	1
32	6
61	2
28	1
57	4
97	2
67	3
17	30
55	3
28	5
9	1
60	1
60	16
61	1
98	1
89	2
97	2
13	152
28	5
43	8
81	1
62	4
97	1
53	44
85	37
11	1
9	19
39	2
28	9
19	4
97	2
20	3
82	123
2	1
75	1
44	1
87	3
5	3
87	41
85	108
90	101
15	1
68	10
70	1
4	4
25	1
50	5
97	1
80	19
91	3
46	13
13	4
43	2
67	1
26	1
51	21
98	1
17	1
69	5
12	2
78	1
25	2
84	3
10	1
71	5
68	1
86	32
99	4
49	4
8	2
16	1
93	2
26	1
29	1
94	22
18	3
80	3
2	1
15	1
25	1
62	7
52	37
24	3
30	1
67	3
50	1
98	2
46	1
50	21
17	2
18	1
18	2
28	2
12	3
33	2
30	1
33	5
45	1
82	2
32	2
63	2
81	1
22	1
35	2
4	2
17	15
36	1
70	2
8	7
8	10
74	2
86	1
69	34
65	1
7	2
2	2
28	1
81	3
60	4
23	7
69	5
36	17
77	88
71	1
90	77
76	26
67	1
20	22
42	7
89	26
32	26
69	3
73	2
60	1
67	2
47	3
74	2
43	2
38	226
38	6
42	8
94	14
26	1
47	2
50	2
68	19
25	1
92	20
41	1
33	1
38	41
46	25
12	1
64	4
52	2
80	2
67	1
5	4
39	64
11	1
37	4
72	1
18	35
62	2
19	2
68	81
76	2
18	28
52	2
36	1
34	9
100	7
40	28
44	1
6	2
17	4
36	38
59	4
56	2
14	1
18	1
81	1
94	2
80	2
30	1
52	1
34	104
67	1
6	37
51	3
16	8
56	6
7	1
55	1
39	2
87	4
48	40
1	3
16	5
42	5
99	3
13	3
43	4
57	3
41	4
10	1
77	7
6	8
83	1
97	1
79	1
29	2
54	1
23	1
61	2
19	4
56	4
43	3
61	9
97	2
9	3
8	13
74	1
21	15
76	1
29	1
4	1
32	4
38	6
27	2
69	2
61	1
79	6
73	6
6	1
44	1
78	1
52	8
16	31
59	2
40	3
97	46
48	1
1	5
85	2
39	7
27	5
28	1
6	3
47	2
20	2
78	8
93	5
99	1
4	1
2	8
1	1
38	2
29	4
37	2
20	25
65	1
25	6
2	2
43	3
94	4
90	4
62	1
55	6
41	21
22	6
52	1
44	42
21	26
31	1
37	1
35	11
100	2
45	26
94	2
2	18
53	4
61	16
73	1
27	1
24	5
11	6
21	15
16	3
79	3
2	2
1	2
68	8
51	1
53	1
4	2
82	16
97	1
74	1
60	2
37	3
51	3
10	1
54	1
64	5
75	2
46	9
4	11
79	4
78	5
50	1
89	1
40	152
29	1
57	2
17	7
75	3
92	3
90	2
13	21
76	1
21	3
66	3
87	1
83	19
26	3
48	8
67	6
2	1
4	7
36	4
55	3
40	1
46	3
95	2
86	1
44	2
95	1
86	27
4	1
48	1
52	59
99	5
82	5
13	3
62	9
57	4
10	1
66	3
29	29
12	2
81	3
23	6
68	1
8	1
28	3
56	4
2	1
49	1
7	33
72	1
13	10
88	3
28	2
28	1
12	8
73	3
49	44
19	1
7	2
91	9
86	1
65	44
4	7
22	1
78	25
82	8
20	3
63	13
25	1
54	2
32	8
31	18
25	5
48	2
80	1
65	1
39	2
3	1
46	3
56	6
16	10
16	1
9	4
86	5
71	1
20	1
69	1
86	13
52	17
76	1
74	1
99	7
73	4
6	1
25	1
45	3
50	1
79	1
90	3
43	1
8	3
66	1
65	2
73	61
35	8
50	6
39	3
24	4
48	4
34	1
94	2
64	89
90	4
54	4
10	1
92	1
10	4
97	13
60	1
41	9
68	27
58	2
37	1
21	6
13	5
8	21
36	13
2	1
69	1
8	1
54	2
99	1
60	1
89	31
15	5
16	1
71	9
91	90
5	80
96	16
21	7
76	1
78	4
85	1
35	1
75	6
95	3
55	1
19	10
24	95
77	1
18	81
68	1
58	2
24	2
93	1
8	1
4	2
48	1
34	3
31	2
74	120
85	5
78	3
23	1
40	1
96	1
50	5
17	1
86	2
12	4
36	1
50	21
59	7
78	70
83	2
3	2
85	1
36	1
94	4
67	1
13	15
41	4
28	3
68	8
49	1
95	2
1	1
74	1
46	7
2	1
63	8
36	7
95	2
60	1
84	2
72	1
43	6
57	49
22	1
87	3
7	1
58	1
77	20
18	1
86	23
2	2
28	2
46	2
11	2
14	1
83	4
90	42
1	1
47	1
26	4
96	1
65	37
44	5
87	46
15	13
84	2
23	2
4	6
89	2
25	6
60	2
90	24
35	1
98	4
16	1
65	1
8	12
67	3
23	5
15	2
29	23
57	7
13	20
71	17
78	1
54	25
5	1
89	2
86	3
20	8
13	1
64	1
66	1
74	5
35	16
28	1
39	1
19	2
48	1
4	1
36	1
13	17
52	1
31	3
90	1
42	3
87	3
74	1
86	3
43	4
88	1
88	2
58	4
28	3
46	5
33	5
40	17
25	5
49	3
84	7
57	8
92	1
81	15
98	26
65	2
90	1
14	1
29	7
34	1
27	3
39	4
12	1
55	6
24	3
43	27
92	1
31	1
46	4
49	1
81	2
35	1
68	5
99	2
70	3
55	1
63	3
58	1
26	95
14	2
66	2
56	2
7	1
92	4
1	182
46	3
56	6
3	16
31	5
22	3
84	3
51	1
73	3
73	3
71	1
100	1
94	3
97	1
93	4
55	1
80	2
26	1
84	15
62	3
80	12
70	27
63	2
62	4
32	4
38	10
75	3
42	7
43	1
71	2
25	4
33	1
77	4
91	1
90	4
29	28
38	69
84	38
22	21
40	3
34	1
6	5
65	5
28	67
84	1
98	1
75	1
64	2
92	3
14	1
9	1
1	2
44	27
99	1
33	1
69	1
18	1
27	1
21	42
92	10
4	2
17	2
71	1
81	1
90	10
94	20
41	1
48	2
31	2
1	6
87	1
33	3
43	36
37	7
17	6
24	1
70	2
50	4
75	26
58	7
81	4
14	11
49	2
56	2
59	3
46	4
77	57
1	1
41	27
86	1
69	25
80	2
52	6
82	10
64	19
94	2
93	2
68	1
72	1
24	1
31	5
78	19
51	1
77	6
19	3
51	5
75	20
77	18
11	4
9	7
100	11
21	7
61	224
85	8
11	2
13	1
29	2
99	2
20	3
73	2
41	1
76	1
53	4
98	4
13	19
89	2
7	2
8	5
49	5
50	1
52	1
3	7
56	3
63	3
79	3
64	2
10	1
39	1
95	2
25	2
93	1
23	1
25	12
70	2
73	2
83	11
85	11
9	2
85	7
66	3
10	6
35	1
23	8
81	3
60	1
76	3
73	4
54	4
27	2
70	4
46	13
75	1
37	2
21	3
58	1
89	2
18	1
38	1
99	4
57	3
27	4
13	1
81	8
49	11
41	3
9	2
22	2
67	18
70	1
36	3
24	17
98	1
2	1
32	1
5	3
61	2
23	2
83	93
90	30
13	3
100	12
19	2
57	2
84	2
75	2
57	3
46	8
42	11
88	3
98	17
65	1
76	1
82	1
94	1
40	33
5	1
80	3
12	3
12	2
13	2
17	3
36	39
74	2
8	12
2	17
58	3
14	21
6	1
46	1
70	6
57	2
75	6
100	1
23	14
37	4
49	2
8	1
15	3
64	4
99	1
31	2
84	4
44	5
91	13
39	5
25	277
37	8
35	5
41	11
99	14
97	16
31	1
34	2
41	1
19	1
15	9
98	198
46	14
38	6
81	3
100	2
27	1
56	2
24	2
23	2
73	2
73	2
26	5
100	1
56	3
57	3
19	32
19	1
47	283
56	2
35	4
84	7
94	22
75	4
87	7
44	2
67	13
14	4
26	16
62	1
82	1
54	1
77	1
68	4
31	1
2	1
29	2
79	30
76	75
44	2
1	2
73	5
54	1
10	2
2	4
16	1
42	1
87	2
93	1
92	41
29	56
41	1
83	3
84	3
23	11
24	2
65	1
41	1
37	6
1	2
25	2
72	25
38	1
35	1
65	14
57	37
76	14
2	1
19	1
19	6
63	1
67	2
41	3
97	3
61	37
66	9
17	1
55	2
48	1
88	1
71	12
56	2
93	20
7	3
94	1
8	2
71	11
87	2
85	8
92	1
84	5
33	1
47	15
6	1
28	14
57	3
36	2
96	3
21	4
95	2
31	3
75	2
75	2
17	173
96	1
7	5
17	7
30	2
78	1
60	11
27	1
55	2
80	11
94	1
55	25
66	2
41	1
39	6
53	12
78	2
14	3
78	1
76	1
49	1
42	1
58	3
76	5
34	74
65	13
55	1
19	1
4	30
12	1
27	2
48	1
63	16
88	2
48	1
46	41
68	1
56	1
59	1
40	5
86	1
71	1
74	1
64	2
1	2
71	1
90	1
82	1
36	2
43	6
36	1
78	4
79	3
79	2
17	1
80	2
73	3
46	1
44	5
24	1
87	2
22	2
68	2
31	1
76	3
37	1
64	2
66	27
100	2
82	11
14	4
21	1
68	23
33	3
78	83
58	3
5	6
91	1
85	5
27	5
45	3
76	2
30	1
6	1
37	4
48	3
5	13
89	1
86	4
86	5
80	7
79	35
73	2
56	1
94	1
21	3
98	10
50	19
41	3
7	4
47	3
79	2
21	35
74	4
39	3
73	3
1	1
54	5
23	9
85	1
95	2
58	2
5	2
70	3
66	1
74	8
29	2
14	4
23	4
59	7
97	106
83	5
85	21
73	11
96	1
27	2
15	3
86	7
95	1
16	1
31	10
24	13
92	8
65	2
76	2
79	7
58	4
21	1
96	2
53	1
54	3
85	6
67	10
91	1
78	1
73	2
46	1
71	4
36	1
55	2
62	7
35	10
45	9
64	11
51	17
34	1
100	2
76	21
93	4
79	18
23	3
81	5
50	11
61	2
38	1
48	39
51	1
21	2
40	5
38	1
53	2
98	29
93	11
21	14
91	1
58	6
1	10
33	1
42	6
35	5
59	10
82	14
67	1
55	3
38	20
51	4
15	4
45	1
74	10
96	10
64	1
29	9
43	17
66	3
6	8
15	4
85	1
77	4
49	3
60	4
27	1
28	1
11	3
52	5
38	4
51	4
3	1
69	1
93	1
29	3
38	2
18	10
42	1
29	18
30	271
81	1
51	1
49	8
32	3
48	2
50	1
74	1
29	2
97	3
80	4
23	3
24	6
44	16
86	2
60	12
12	2
23	4
47	4
26	5
74	7
99	1
75	5
26	4
66	5
76	28
52	1
66	3
89	1
92	2
85	3
41	3
90	16
62	3
85	180
19	7
16	3
84	1
41	1
96	5
36	30
54	1
72	7
13	34
84	1
87	1
59	3
16	7
90	1
89	1
67	7
36	2
75	9
75	3
80	17
24	3
93	3
53	9
53	7
29	1
26	8
4	7
41	2
84	3
99	1
8	4
82	9
51	3
65	48
23	1
47	1
11	1
80	4
8	2
85	26
19	2
50	2
93	1
44	2
24	13
52	2
59	7
77	2
42	1
85	1
37	1
66	56
75	2
15	1
28	2
17	1
8	3
20	6
59	1
32	4
5	2
64	4
21	1
75	2
33	7
29	2
95	1
20	23
39	13
2	2
36	2
13	2
87	6
47	10
47	1
31	9
65	1
18	2
38	2
98	5
8	1
42	153
21	2
74	14
99	1
29	11
96	5
29	1
77	4
30	1
57	3
26	3
6	1
6	164
92	1
64	1
81	1
56	1
70	3
12	1
7	30
3	16
33	16
39	22
10	8
83	2
80	1
86	1
56	1
79	1
98	2
49	1
2	6
79	4
84	4
40	2
33	52
95	1
24	6
77	1
52	43
50	10
20	5
19	12
30	2
25	1
42	49
5	2
28	2
15	1
28	1
4	1
47	5
29	25
34	2
7	185
16	1
20	6
43	7
13	2
87	1
51	2
61	4
75	7
93	12
54	3
46	3
80	1
58	11
18	18
64	1
32	2
31	2
66	1
40	1
50	9
67	13
58	10
11	8
19	1
25	3
23	1
81	62
18	22
13	6
85	16
10	3
55	4
66	6
69	1
51	2
83	17
74	1
96	1
76	13
38	3
39	1
25	1
65	35
61	2
28	7
5	8
13	2
81	1
83	1
88	1
19	5
2	55
14	14
27	1
63	1
92	2
76	237
24	6
10	2
69	2
33	1
26	6
83	6
76	2
6	2
50	1
84	1
19	3
100	1
37	23
61	2
67	4
48	4
27	2
25	96
45	2
67	2
3	8
79	30
19	4
92	2
12	2
23	1
76	7
79	2
35	2
44	1
26	1
90	7
51	1
99	1
24	20
17	2
19	11
59	7
83	1
8	42
28	29
29	4
3	17
19	21
98	1
90	2
56	1
27	2
98	2
52	3
43	2
2	1
67	1
1	2
61	18
95	12
90	4
95	7
30	4
81	1
26	49
1	2
2	1
90	4
5	15
23	1
61	3
11	4
35	11
27	3
70	5
86	1
44	1
55	2
92	4
3	1
5	6
49	14
35	6
60	3
31	1
89	3
9	17
21	3
61	2
89	1
20	2
45	1
54	1
92	14
33	11
14	1
2	1
99	1
4	2
78	7
44	6
28	15
16	1
47	73
99	2
61	36
62	9
37	15
55	15
64	1
75	2
29	68
44	8
67	1
89	1
37	6
61	3
37	1
16	1
7	3
70	3
87	3
76	1
50	32
4	2
69	5
94	14
57	1
28	1
40	1
70	2
52	3
91	2
61	2
23	4
23	3
37	2
27	2
85	9
94	2
92	2
17	10
63	2
26	2
99	2
61	5
40	2
1	3
100	1
40	45
27	2
18	43
24	13
27	1
23	60
99	7
33	3
51	7
91	23
88	1
93	5
60	5
13	1
15	32
20	7
38	2
68	4
60	3
50	2
2	18
57	9
89	3
66	2
88	1
20	5
48	2
28	43
96	5
66	2
55	7
16	3
82	13
46	3
78	10
31	1
70	5
31	2
33	14
50	1
56	8
51	1
32	27
10	2
21	2
89	1
64	11
67	4
39	3
90	1
11	6
46	65
64	3
43	40
76	20
19	4
12	1
85	15
99	5
74	4
25	1
95	7
66	5
84	1
77	14
71	2
98	1
72	37
44	2
8	1
57	17
53	2
95	1
66	7
35	4
13	4
2	15
98	1
71	1
75	2
55	16
39	5
61	2
64	1
75	8
75	3
96	3
2	3
69	1
88	30
6	3
14	4
10	5
78	2
44	61
31	1
96	1
53	3
30	1
13	4
38	19
38	3
18	2
28	27
58	2
41	1
66	3
74	2
68	1
58	3
2	8
13	7
9	1
57	234
33	1
94	1
8	1
8	1
22	1
63	1
1	2
94	3
8	35
44	1
17	5
38	5
41	2
70	1
68	2
40	1
47	1
22	1
16	1
83	5
15	2
68	1
47	7
84	2
27	2
80	2
80	1
16	10
20	3
69	2
12	7
90	4
93	2
16	4
92	12
49	1
42	7
25	1
77	2
45	1
87	2
50	1
45	2
38	2
3	6
6	2
18	12
75	6
59	5
21	2
87	2
12	2
38	4
71	1
97	1
21	27
95	53
53	1
88	31
59	40
99	2
7	14
59	2
29	1
71	1
71	2
71	2
41	7
70	10
25	2
30	9
53	12
68	32
66	1
98	1
48	34
88	56
64	1
34	2
67	15
93	6
17	1
22	1
26	9
71	22
9	3
96	3
27	3
69	17
21	1
68	1
14	2
73	41
5	41
20	2
66	3
63	10
31	2
90	2
27	28
7	8
16	16
100	2
68	2
86	1
38	4
59	6
12	1
79	1
40	8
90	19
15	1
86	2
88	1
1	1
91	13
53	7
60	3
47	3
77	11
18	1
90	6
17	2
58	1
21	2
97	4
2	2
66	21
56	1
18	3
18	1
67	1
13	1
27	2
57	1
48	1
16	19
2	1
89	18
31	1
56	1
23	3
90	1
49	7
40	1
4	2
26	1
31	2
100	3
1	1
11	1
81	4
36	10
62	16
41	1
37	34
23	6
9	1
46	2
60	34
27	1
98	1
89	1
41	78
37	1
43	2
41	1
77	47
57	3
5	157
34	1
48	57
52	281
71	49
65	18
86	2
49	1
42	1
62	12
24	1
28	2
49	4
40	3
48	39
63	1
96	16
97	29
4	2
100	3
48	1
8	4
7	1
67	44
92	7
34	1
30	1
32	22
33	12
3	24
23	2
36	2
65	3
14	4
83	3
47	1
80	2
67	2
62	11
86	1
13	2
72	8
32	1
20	3
30	10
47	30
91	2
71	2
17	3
79	1
100	3
85	236
83	2
17	5
83	1
100	18
24	8
90	11
26	1
22	13
35	15
7	1
2	1
83	13
16	3
21	4
38	40
46	5
55	4
67	2
67	41
37	1
37	2
97	2
38	2
21	1
38	2
100	8
60	2
62	1
96	1
90	6
39	21
9	1
100	1
86	1
41	2
59	2
99	2
95	1
77	1
60	1
46	4
5	2
94	2
79	4
100	1
77	1
58	28
86	1
60	1
26	2
45	1
81	6
91	2
84	6
42	1
33	1
54	3
91	6
7	4
91	10
41	2
99	10
56	2
7	2
7	1
19	3
69	12
47	23
78	1
78	2
76	2
6	2
2	22
32	13
70	2
17	5
94	2
60	3
51	1
68	14
3	7
60	2
40	5
29	1
39	1
89	18
71	1
48	2
94	1
32	3
53	1
77	5
67	3
99	11
6	2
78	1
7	4
78	29
47	16
15	1
68	1
3	8
49	1
11	36
81	1
9	1
42	1
83	20
72	11
77	1
50	1
37	1
43	2
53	39
25	48
29	5
22	4
82	4
85	52
68	1
86	1
50	3
12	1
39	3
64	1
16	1
73	9
20	1
71	1
59	22
91	93
38	12
23	49
38	2
63	5
24	1
32	11
31	1
8	1
82	32
40	14
35	1
1	1
31	2
77	2
17	11
81	10
84	1
78	70
9	5
30	4
44	9
8	45
8	1
46	226
37	1
85	2
50	13
28	6
8	1
73	1
76	5
31	1
55	13
35	57
51	4
47	2
77	2
19	7
21	88
72	23
2	4
32	20
45	1
82	45
68	1
77	1
59	1
5	1
18	2
29	29
55	4
66	5
33	2
14	2
52	26
15	14
96	1
55	1
9	13
93	14
95	2
70	5
79	5
70	2
17	1
67	3
77	3
53	4
20	1
14	3
6	10
76	3
26	1
93	6
22	1
62	1
57	4
73	5
61	15
34	6
92	3
51	13
36	6
28	9
72	5
30	2
73	1
29	2
38	2
36	2
58	26
27	12
31	1
53	1
93	3
19	19
91	2
55	1
23	1
85	3
79	2
22	2
22	4
53	1
24	3
22	7
36	141
99	1
51	2
9	12
42	3
30	2
100	12
61	6
70	1
20	1
62	1
51	2
44	1
46	4
91	11
51	1
67	7
45	10
53	2
64	3
32	1
25	1
81	9
58	1
34	18
50	1
22	5
78	6
55	1
35	21
41	2
76	2
35	4
29	10
24	3
32	2
89	8
43	12
44	2
71	3
28	1
72	2
24	2
66	1
75	61
79	1
38	1
26	96
25	4
10	1
50	2
8	8
100	4
59	2
1	1
20	72
53	15
81	2
95	2
10	1
51	1
87	2
94	10
63	25
70	1
70	6
16	3
57	5
30	7
57	1
48	2
62	1
70	1
80	2
92	4
36	1
29	2
33	1
39	2
43	7
18	2
79	1
93	9
47	1
1	27
4	4
83	1
53	1
11	1
20	1
73	4
100	1
34	1
26	8
79	1
31	2
32	4
81	4
95	53
99	16
34	10
48	9
71	4
73	2
83	43
38	2
3	3
59	35
69	4
59	90
56	3
94	2
50	8
63	15
5	3
44	1
67	12
58	1
94	1
73	2
26	4
35	4
47	2
68	31
81	1
65	3
67	1
74	2
36	2
65	4
1	2
81	4
2	3
7	1
20	15
22	3
41	6
29	2
1	3
5	6
21	3
68	2
82	10
8	1
33	1
60	40
35	4
52	1
31	9
34	1
41	106
51	1
63	27
19	3
74	1
47	1
95	19
85	7
10	1
45	2
19	5
76	1
97	1
40	4
41	7
32	1
80	2
62	2
12	2
8	1
55	1
83	18
71	2
78	4
15	4
22	2
30	1
38	1
80	18
8	5
2	2
53	4
73	1
26	1
47	3
21	3
38	9
2	9
74	2
39	1
57	1
72	1
61	19
16	1
38	6
12	7
14	1
71	1
30	1
71	4
80	120
29	9
46	19
76	3
13	3
58	1
78	9
58	1
90	7
82	5
48	17
17	3
9	44
47	1
86	2
66	1
12	26
85	6
27	7
27	1
77	1
11	11
64	5
45	9
93	1
31	14
71	36
53	7
85	3
20	3
72	3
38	1
30	2
39	67
33	7
99	1
52	2
16	8
30	13
20	2
89	2
14	2
97	1
41	41
20	1
7	2
45	2
73	2
18	13
35	1
79	2
63	1
94	2
97	2
41	11
49	4
65	2
92	14
31	2
98	5
93	1
41	1
99	5
67	165
28	2
70	33
86	3
88	2
62	11
6	1
51	4
87	11
67	15
32	19
63	15
50	3
84	7
95	2
7	5
50	3
14	2
91	1
2	3
82	1
17	7
21	1
44	1
86	1
37	23
10	3
49	3
5	15
1	12
65	8
65	23
92	10
36	2
81	6
16	2
4	3
52	1
51	3
31	6
56	12
56	1
18	1
27	4
87	1
77	1
85	1
69	2
23	11
62	9
41	3
16	63
60	5
20	1
13	4
49	1
69	4
88	1
11	2
11	2
93	1
52	3
32	9
9	1
23	98
8	2
50	1
12	26
41	14
71	42
33	1
24	3
79	3
90	11
77	5
90	71
39	19
49	1
12	1
76	1
78	1
49	2
58	2
88	1
43	3
55	4
32	15
27	2
41	5
3	1
67	1
89	64
36	68
28	200
46	2
80	3
38	3
2	89
92	4
46	37
50	3
60	2
30	6
95	2
1	3
91	1
40	2
25	2
69	7
73	4
58	1
89	1
85	1
95	1
35	2
62	4
91	1
70	1
59	9
95	2
61	3
78	1
16	4
79	6
9	9
50	3
55	8
66	2
32	1
19	2
3	2
3	20
52	2
65	1
87	2
73	1
96	9
51	2
8	3
47	1
31	1
34	1
85	10
80	3
62	1
35	2
29	2
57	1
60	1
94	5
84	2
45	3
20	5
41	5
27	2
42	3
34	5
46	15
78	15
87	6
75	1
55	2
9	4
36	7
88	2
65	2
99	1
1	1
55	2
96	1
32	1
90	4
16	3
35	10
64	2
37	3
93	1
94	1
6	3
20	2
61	5
15	11
45	13
80	3
7	1
32	1
16	2
7	3
60	1
28	1
66	1
65	16
59	2
63	3
38	4
60	1
70	1
9	26
40	40
66	9
15	2
88	1
70	23
13	6
38	1
55	20
56	1
17	14
77	12
81	75
64	1
65	8
65	3
100	5
65	13
53	1
61	9
9	2
37	2
10	1
65	15
81	1
36	10
37	1
27	16
78	1
8	1
76	1
19	122
27	1
91	1
62	1
71	24
33	1
47	1
33	1
10	35
82	2
62	1
9	2
86	2
79	6
32	3
16	44
80	2
84	2
73	1
72	119
72	2
1	20
2	2
29	3
51	101
60	6
80	1
100	2
9	1
10	1
35	14
93	17
19	62
87	9
74	3
37	7
66	1
14	3
74	2
34	2
56	11
40	1
64	19
55	37
73	54
16	2
93	1
25	8
84	1
5	293
21	1
5	1
29	2
57	2
64	1
82	29
34	1
9	13
64	1
21	2
79	2
42	1
43	11
33	1
29	1
39	1
77	1
87	4
66	18
12	4
33	1
52	30
66	1
15	1
75	3
64	1
74	16
76	1
75	5
99	1
97	3
51	2
32	27
83	1
33	2
78	2
90	1
35	16
92	5
35	13
88	3
72	2
7	1
82	1
7	3
87	2
68	2
29	1
26	16
96	11
8	2
27	3
5	5
4	1
62	41
63	1
88	20
63	2
84	3
30	4
27	1
46	8
4	9
45	3
36	1
91	1
65	1
91	1
30	1
66	11
32	1
92	131
17	1
68	15
1	14
90	1
12	1
25	3
60	1
48	3
9	4
89	3
7	3
47	1
25	2
79	2
43	4
78	30
28	1
10	1
93	1
59	3
38	2
23	3
3	1
96	2
60	4
89	2
68	3
54	1
98	2
100	4
58	16
50	1
74	4
16	1
62	2
74	1
60	2
49	2
17	2
26	4
80	21
95	3
48	3
91	28
84	5
36	2
18	1
77	11
47	1
61	3
70	1
8	2
33	9
91	4
51	4
77	2
81	1
81	1
71	2
76	3
60	22
98	5
99	1
72	9
17	3
6	1
69	1
67	1
24	1
50	5
77	2
8	2
49	1
89	1
59	19
24	16
79	2
52	3
46	1
26	1
59	2
100	1
99	31
28	2
26	2
48	1
6	2
11	5
95	30
24	3
14	1
76	8
71	44
73	1
53	3
82	2
85	4
38	1
50	11
57	1
45	10
77	4
10	2
56	2
37	41
10	10
30	100
46	1
63	2
68	2
71	3
78	5
33	3
90	11
83	1
56	51
1	3
80	1
70	1
14	57
66	2
60	6
59	7
98	21
78	1
40	1
65	4
3	3
83	2
78	2
89	7
43	26
69	49
98	2
9	13
96	4
38	2
72	1
63	1
21	5
86	4
88	12
28	5
51	3
85	1
78	2
65	1
65	2
94	2
24	2
77	1
79	1
26	1
63	2
22	1
80	11
95	9
61	4
60	2
36	4
42	1
72	3
85	14
92	10
49	10
31	17
85	6
92	1
62	3
2	1
36	1
42	1
99	7
56	19
16	2
57	3
55	1
15	1
15	4
68	1
24	215
40	3
58	1
22	3
36	2
2	5
55	26
5	19
48	5
66	4
2	3
71	1
53	43
47	1
95	2
34	3
64	7
31	1
8	6
92	2
27	219
66	9
39	46
90	57
34	2
100	1
81	9
96	3
8	3
4	5
8	1
24	1
13	1
45	1
58	33
15	14
81	6
68	1
54	1
57	1
64	8
75	2
78	6
80	20
63	1
91	7
71	10
46	2
20	4
55	2
29	26
12	10
53	1
80	49
88	6
45	7
43	53
50	3
92	1
9	59
64	19
29	43
17	14
69	2
19	16
64	3
96	34
8	1
57	33
6	1
26	2
98	2
25	3
40	12
28	16
74	1
51	3
76	4
79	2
54	2
72	1
96	1
43	1
19	7
93	23
95	4
77	3
89	1
43	1
69	1
81	2
12	2
96	1
98	4
36	1
75	9
20	1
77	1
28	1
13	3
70	9
41	1
4	1
99	1
9	2
68	2
13	21
72	31
70	1
85	4
23	1
63	1
32	2
56	4
86	3
30	1
79	4
54	8
51	3
32	4
75	1
52	2
81	83
46	1
95	1
55	2
41	1
63	10
9	2
35	2
89	1
1	20
38	4
53	2
62	2
2	2
86	16
22	3
27	1
69	3
100	5
42	3
44	37
16	6
25	20
98	4
17	1
32	6
56	10
97	1
20	1
52	1
3	53
24	1
95	6
54	60
66	1
86	1
2	110
13	85
54	5
91	1
12	2
80	3
10	9
35	1
26	6
39	5
14	1
62	2
5	4
1	1
62	6
83	3
90	2
41	3
57	5
17	1
4	2
86	2
75	2
47	1
9	1
33	1
98	2
29	1
60	2
27	10
19	1
88	1
5	9
3	4
10	1
33	21
70	1
30	8
42	1
49	2
12	3
72	67
26	1
66	2
33	1
10	2
54	1
12	13
76	213
22	18
37	23
49	4
76	298
54	14
6	1
18	2
34	2
82	9
93	1
96	4
92	1
76	2
53	1
54	1
5	8
64	1
85	1
50	1
42	2
80	1
5	32
69	1
90	7
49	7
1	2
58	16
52	1
88	6
24	1
35	1
72	3
20	1
10	12
67	2
25	3
2	2
46	29
19	1
72	7
20	12
15	22
16	24
67	1
22	1
100	17
70	1
6	12
78	11
62	3
70	1
45	2
67	6
93	14
29	1
4	4
87	3
29	1
85	4
9	3
89	2
66	5
30	1
2	2
38	9
54	24
1	10
78	5
39	3
4	10
85	1
19	3
77	63
77	1
46	1
23	16
44	2
95	2
59	1
83	6
59	26
55	8
85	12
30	6
5	39
42	3
92	5
64	8
10	1
85	20
76	1
40	11
94	37
95	14
82	45
53	3
16	62
3	1
95	9
74	57
17	1
92	1
78	1
32	15
46	2
94	1
22	13
95	2
19	18
71	1
69	17
92	3
86	4
83	2
30	10
82	8
75	7
58	1
79	2
91	59
4	4
100	1
22	2
92	2
34	24
44	116
41	2
85	79
32	6
57	1
27	4
60	3
63	5
56	1
6	5
17	12
35	1
38	1
62	4
47	3
94	1
97	3
76	1
11	18
52	16
21	14
57	45
82	8
48	8
59	1
35	4
18	3
95	4
76	7
35	2
50	2
16	8
62	1
83	259
3	4
91	1
15	3
6	5
17	7
32	2
62	1
54	2
87	1
85	55
55	1
37	1
46	2
6	3
95	11
83	1
25	1
23	1
71	3
34	1
85	1
65	15
83	6
28	6
69	42
32	5
30	1
31	4
71	3
86	34
27	2
66	8
44	1
89	3
68	2
52	2
90	8
1	1
38	1
94	3
91	2
81	2
96	10
99	7
50	1
35	2
55	4
30	1
41	6
63	2
43	4
64	2
33	4
4	2
96	2
28	1
73	6
58	8
70	2
86	20
43	11
50	4
72	5
46	1
100	2
24	2
77	1
73	7
54	1
83	6
77	4
87	6
17	1
21	53
3	10
60	94
30	96
45	11
91	3
17	2
1	236
31	15
78	61
37	1
35	1
32	3
80	4
65	3
65	1
37	1
47	2
63	1
8	4
80	19
100	4
87	2
39	5
28	1
24	2
99	4
87	1
21	2
99	2
14	2
26	2
81	1
98	1
99	1
53	1
3	18
30	1
3	1
10	8
84	9
97	13
42	2
63	9
49	15
51	1
75	2
15	4
99	3
1	3
69	9
31	1
56	2
63	14
27	3
39	4
4	2
95	25
18	2
12	2
69	2
83	1
42	3
49	1
9	4
41	5
1	1
99	3
82	1
65	1
85	2
74	3
90	4
85	2
77	1
76	28
10	1
40	6
6	1
94	12
89	1
42	2
56	1
49	2
5	2
1	3
68	1
28	2
93	3
67	21
12	3
18	2
3	2
75	1
48	18
74	5
54	1
77	2
11	2
50	1
89	7
7	10
75	2
16	1
50	1
40	3
27	1
86	1
17	1
37	11
29	7
52	2
80	2
95	1
4	2
56	2
98	1
52	6
48	38
44	8
49	1
62	5
92	4
56	3
60	2
24	8
5	2
73	4
55	1
26	2
16	1
3	2
47	3
37	2
73	2
47	1
63	7
49	8
7	4
13	1
100	22
57	3
12	10
92	1
1	1
28	2
3	2
80	1
88	1
47	3
96	2
33	3
52	5
63	1
89	1
28	10
64	4
95	2
70	65
96	8
56	86
37	14
5	7
10	6
32	1
52	4
100	16
89	1
69	1
14	4
31	1
96	1
29	2
24	2
28	8
19	5
94	2
92	17
23	1
42	2
61	1
85	20
81	1
16	2
29	16
57	2
25	1
56	2
93	2
3	172
1	1
55	2
80	3
45	2
52	6
12	9
31	2
24	2
73	3
11	3
23	1
63	51
22	38
53	1
52	2
86	3
80	49
47	1
91	2
17	1
28	2
5	1
76	2
20	6
71	4
53	3
100	5
93	19
89	1
87	1
51	4
92	1
16	3
94	1
80	44
99	21
90	4
17	1
36	1
16	7
70	11
3	2
87	2
42	1
91	9
66	21
52	3
76	2
47	1
25	5
82	1
38	1
30	2
87	1
94	1
23	3
74	19
37	4
24	3
38	2
58	2
59	2
13	1
27	142
6	3
41	1
78	4
62	3
84	1
72	5
55	2
44	3
74	8
92	10
58	9
63	1
36	1
27	1
7	8
11	1
8	8
3	1
81	3
43	3
65	1
44	14
63	4
50	3
19	1
33	33
74	1
94	5
68	7
9	14
25	10
37	111
21	9
20	4
56	11
68	2
80	3
42	2
51	1
78	1
84	3
97	1
57	3
17	18
10	12
49	1
47	11
69	2
81	20
20	88
49	12
59	1
51	4
22	43
90	1
21	1
13	1
81	17
59	37
97	33
26	6
5	3
87	1
92	2
60	67
54	3
50	2
40	8
11	2
4	11
63	2
25	1
45	8
49	2
6	1
74	1
42	5
4	1
2	2
46	1
57	1
73	3
10	1
10	6
76	1
24	2
94	4
13	1
56	1
45	1
58	1
45	2
100	1
31	6
94	1
18	2
75	46
60	3
5	12
8	6
87	6
17	1
30	4
69	2
42	23
98	21
35	1
2	2
41	1
38	4
59	16
88	1
96	61
21	1
68	2
79	2
62	2
85	2
29	43
79	1
70	5
73	1
22	2
41	1
57	2
100	7
85	4
52	3
34	1
84	8
3	1
7	1
62	16
58	15
96	2
63	6
16	1
21	6
60	262
52	4
92	1
35	1
38	1
60	2
61	1
23	16
10	3
30	1
72	7
12	1
26	6
84	6
61	1
31	5
18	4
92	12
32	5
36	10
15	21
91	5
43	5
41	2
94	3
74	6
60	5
32	1
14	1
78	2
71	1
98	2
89	5
48	1
66	5
93	2
83	10
6	4
1	8
28	2
67	16
59	27
41	2
62	17
8	2
32	6
99	3
70	1
69	8
64	1
5	10
17	6
91	1
15	6
67	3
85	2
46	1
62	11
36	4
43	1
14	3
77	5
54	1
56	1
68	1
59	1
74	71
62	16
96	1
59	2
69	2
50	3
89	98
55	1
86	1
23	1
75	1
15	84
97	38
2	2
88	1
39	2
87	2
30	3
27	11
100	6
83	3
60	10
12	2
99	3
63	33
47	3
71	2
16	4
35	6
87	1
81	3
88	2
29	1
4	1
8	6
50	1
4	1
65	2
27	5
11	3
87	1
29	1
22	4
80	1
65	1
83	3
44	66
15	1
42	3
79	1
21	1
91	8
42	4
90	1
21	4
61	8
61	1
67	7
85	1
42	1
65	3
46	1
49	2
31	1
79	2
91	6
42	1
27	1
39	3
2	4
68	3
69	1
3	2
13	3
85	1
36	4
82	3
8	2
94	1
72	1
52	2
74	1
94	1
27	1
68	3
94	1
94	1
18	2
53	132
34	5
88	1
38	4
3	2
4	1
87	4
19	35
89	18
34	2
96	2
18	3
92	1
1	1
77	8
84	21
99	11
17	1
38	3
8	2
51	5
87	41
37	1
79	5
49	3
11	1
24	16
58	2
90	3
51	1
79	30
46	1
2	1
15	1
68	2
31	1
36	2
59	2
74	1
1	3
100	2
69	2
38	1
37	6
39	4
45	4
24	1
46	3
57	1
17	1
38	22
94	1
68	1
97	2
40	2
67	9
8	3
14	1
65	1
77	2
93	4
20	2
15	1
45	1
81	3
47	1
12	4
90	2
95	1
24	41
36	51
76	1
78	1
44	9
43	1
97	1
45	2
2	1
85	1
34	10
59	1
34	2
23	2
53	1
14	3
6	6
18	1
95	3
74	1
41	4
10	3
54	2
5	6
65	3
53	2
58	4
29	1
37	2
19	1
19	1
17	2
84	3
8	3
33	10
68	1
48	3
61	2
83	1
8	4
59	8
44	4
27	7
11	16
74	2
4	1
12	1
67	1
58	3
25	2
7	2
66	16
73	1
59	6
95	2
2	3
30	5
73	2
69	3
19	3
64	2
86	3
94	1
74	1
83	3
44	114
93	22
47	1
39	2
21	2
23	1
42	2
71	2
60	24
100	23
86	3
52	5
42	1
79	1
100	3
16	1
50	12
4	4
77	3
53	18
31	6
23	4
31	2
37	1
36	2
20	2
3	12
44	1
20	21
62	62
83	34
15	4
88	12
31	2
16	3
13	1
63	2
17	1
80	3
35	3
92	3
88	1
76	1
41	1
4	1
19	2
82	17
73	1
6	2
86	16
91	2
66	20
85	1
97	2
38	1
82	1
84	2
27	3
51	2
11	68
21	1
44	10
65	3
24	2
72	19
43	1
10	2
66	1
42	7
13	2
93	11
64	13
15	8
91	1
10	1
24	6
81	2
36	7
35	1
19	1
71	2
71	2
68	1
78	3
2	1
44	187
37	6
73	1
1	1
68	1
16	2
96	2
10	1
45	1
42	4
54	7
75	2
96	1
64	13
7	2
16	35
10	21
61	4
54	6
49	5
75	106
64	3
13	6
52	1
69	9
24	1
61	6
49	72
44	49
81	8
28	1
4	73
3	109
23	16
77	3
82	1
87	3
24	1
70	1
60	14
72	2
63	1
84	12
39	31
27	1
30	5
19	9
43	9
49	4
82	10
87	1
31	1
59	4
24	2
80	1
69	3
17	3
34	3
46	5
80	7
44	4
77	1
45	4
39	31
87	1
21	5
82	2
51	3
56	3
20	42
9	8
90	1
75	3
29	2
100	4
43	5
68	3
60	12
42	13
57	8
18	57
6	22
32	15
44	2
81	20
27	92
55	3
18	1
95	48
1	2
58	69
40	4
15	20
41	2
50	7
36	12
79	1
70	2
48	2
49	5
80	1
69	27
47	6
15	2
36	8
87	2
63	29
69	2
77	5
36	1
59	2
97	3
16	1
98	8
83	2
44	8
73	50
47	10
54	1
12	4
29	1
33	3
75	3
19	1
14	1
33	3
77	2
60	1
99	5
8	1
56	8
94	2
66	134
51	38
5	3
59	22
11	13
75	3
96	4
92	164
51	57
33	1
5	1
23	2
1	1
39	3
84	1
88	1
76	4
20	8
51	4
65	1
73	13
49	14
36	1
29	1
65	2
16	1
56	1
28	1
72	3
64	1
2	1
57	1
40	1
56	62
6	15
50	4
63	7
98	4
91	1
35	1
90	7
79	160
40	1
54	2
24	4
19	2
20	1
53	2
2	1
49	27
32	20
90	6
100	2
43	1
17	8
96	1
78	2
3	2
32	15
33	2
73	3
31	1
77	4
2	5
95	8
89	8
52	58
71	6
17	1
93	27
41	17
42	2
62	1
39	1
100	2
100	9
25	118
67	15
17	35
83	49
22	21
88	24
49	25
76	2
70	77
1	20
7	2
80	1
38	5
66	6
93	2
13	18
99	1
22	5
100	2
78	4
74	8
98	6
23	6
42	11
44	38
2	4
88	2
22	1
3	3
14	1
4	5
63	9
58	52
69	16
39	5
81	7
12	1
90	35
6	2
78	1
25	1
3	16
64	6
89	9
63	1
12	2
28	2
19	1
62	6
93	1
86	1
17	6
55	1
82	242
89	13
61	2
43	6
29	3
39	2
24	8
19	1
18	5
61	2
35	2
75	1
27	1
4	2
8	171
52	1
23	2
53	1
58	1
50	10
52	2
55	5
40	7
14	2
74	1
44	2
100	42
87	1
78	2
20	10
4	279
79	2
64	2
65	16
77	99
10	1
53	5
59	122
40	4
52	1
97	2
73	1
13	1
74	1
5	2
32	14
65	6
38	3
92	1
52	1
15	6
51	1
77	4
62	3
32	41
33	38
59	1
29	10
20	4
66	2
47	13
84	1
58	27
42	1
74	1
20	23
6	4
10	1
83	6
1	3
87	3
46	2
95	1
68	76
80	2
90	4
33	6
41	1
97	6
42	2
27	1
61	3
35	1
17	6
92	1
34	1
54	8
74	2
57	4
14	14
78	2
14	5
31	3
56	4
87	1
100	14
10	1
96	40
33	36
64	88
81	36
5	3
29	2
86	34
23	4
73	1
5	1
67	3
91	9
65	2
19	1
42	1
27	1
76	5
1	9
34	1
89	1
18	2
19	11
1	295
5	4
94	5
10	1
95	1
81	4
77	11
74	2
32	2
58	1
10	1
50	22
94	3
84	3
54	2
18	2
96	77
79	5
83	1
52	4
88	14
40	2
35	1
37	16
65	14
29	11
56	1
21	26
68	1
13	5
59	1
79	2
4	54
46	2
98	1
68	1
80	1
53	1
24	7
84	4
35	4
67	90
94	36
92	11
43	18
33	7
37	1
6	1
21	9
31	5
47	9
54	112
8	3
45	6
47	2
24	5
44	1
23	6
28	5
49	21
69	3
75	1
96	1
98	1
83	6
33	1
77	2
12	7
96	1
67	1
87	1
75	30
31	16
70	1
63	3
81	30
3	1
40	14
87	2
14	2
16	2
55	19
88	1
28	1
73	4
25	2
36	7
41	13
48	10
76	15
80	10
96	4
15	2
79	2
24	19
26	12
94	17
35	2
45	25
16	1
60	1
28	1
91	1
64	4
29	2
3	2
99	18
89	1
86	3
18	6
15	1
52	2
23	1
93	17
52	1
88	2
100	1
9	3
82	1
32	1
64	2
70	2
37	2
27	6
29	4
82	4
86	1
7	6
20	3
79	69
59	3
34	6
80	7
100	2
66	1
22	2
70	9
95	1
1	1
79	1
64	1
28	2
93	1
61	19
85	11
87	3
4	2
53	20
65	3
95	42
35	1
15	4
11	2
13	1
29	42
43	1
51	14
45	11
9	5
11	1
95	2
88	1
20	3
32	76
91	1
18	7
93	3
85	1
93	1
65	2
40	2
69	2
82	4
37	5
21	5
34	3
95	9
64	1
60	2
1	2
20	8
32	47
55	7
19	2
65	7
72	4
47	16
46	1
5	4
21	13
80	2
92	2
27	1
39	4
50	1
40	1
10	2
38	5
91	14
62	38
95	11
11	2
26	3
20	1
90	2
59	2
46	2
95	1
58	1
61	1
25	59
32	8
75	2
49	18
29	1
72	3
95	1
16	6
42	7
54	2
79	2
5	6
14	16
99	1
36	3
82	1
11	1
97	9
34	1
54	1
59	1
88	1
11	1
77	2
94	3
87	20
93	1
51	9
46	1
29	1
59	1
45	54
75	1
59	2
38	2
25	1
89	1
52	4
19	3
54	1
9	2
39	1
87	2
8	30
89	8
65	17
50	1
68	1
53	2
35	6
90	30
89	39
22	1
80	1
20	3
55	17
77	66
30	1
85	2
99	13
28	9
72	37
75	7
100	3
69	12
69	3
44	2
87	1
98	10
57	1
2	5
97	2
60	1
46	6
66	1
17	2
59	1
22	1
31	1
12	4
7	1
56	15
38	5
68	37
11	1
55	2
91	1
42	24
29	39
47	3
35	2
92	3
55	3
77	1
86	15
83	1
21	1
47	5
83	2
48	3
93	17
56	4
5	4
38	3
40	1
84	8
98	2
18	1
39	4
88	1
87	1
21	2
11	1
68	5
84	9
89	3
68	3
63	22
98	1
10	3
35	2
63	3
19	5
88	2
26	105
33	1
49	3
70	15
23	1
56	4
3	3
86	2
45	1
95	1
100	2
82	4
48	3
70	4
24	1
74	2
37	7
13	1
63	1
48	2
71	18
47	2
52	1
95	2
84	2
41	1
44	5
20	2
18	1
8	2
51	19
41	96
40	2
23	1
35	29
43	1
26	3
29	9
73	2
76	4
64	2
42	2
89	10
2	1
55	12
46	2
43	1
43	3
91	2
39	1
35	11
81	12
71	1
88	3
85	51
3	17
78	24
59	6
61	4
24	1
74	13
71	1
60	2
1	1
78	2
27	3
72	1
24	1
68	2
89	1
74	4
52	1
38	1
21	6
74	1
65	1
70	1
14	1
100	8
30	2
57	7
93	1
15	2
22	3
78	3
86	6
52	16
6	1
50	5
39	1
74	4
22	1
43	3
23	2
53	1
23	5
12	1
41	3
34	2
60	9
23	1
14	149
33	2
66	11
48	1
57	1
12	6
64	49
66	2
47	9
43	2
31	27
35	23
32	1
36	2
31	1
87	8
35	18
66	11
52	2
8	1
34	10
39	7
24	190
40	2
73	11
43	94
35	5
77	4
49	9
8	20
73	13
74	1
16	1
11	11
4	11
28	3
89	3
38	2
21	1
86	21
10	1
52	1
10	1
14	6
44	2
89	4
19	4
75	1
5	1
54	2
54	2
96	2
50	2
58	16
14	7
18	1
75	20
72	1
1	1
42	1
58	14
63	1
95	3
63	5
73	1
