***********CONSTRUÇÃO**************
ANTES | DEPOIS
0.224859   0.105196
0.218905   0.101415
0.219759   0.103274
0.223147   0.102217
0.221824   0.100906
0.220941   0.101395
0.219878   0.103537
0.22131   0.102293
0.220316   0.099235
0.217917   0.101395
0.218071   0.102081
0.223508   0.101556
0.222754   0.103251
0.226313   0.102338
0.220935   0.100723
0.218049   0.101795
0.222063   0.103627
0.221896   0.102246
0.219846   0.099364
0.220946   0.101155
0.21882   0.101987
0.219941   0.101402
0.221183   0.103166
0.218013   0.102266
0.219852   0.100763
0.220735   0.101719
0.220612   0.103626
0.219461   0.102188
0.218622   0.0993
0.21931   0.101352
0.216629   0.101828
0.220905   0.101639
0.224642   0.102954
0.217052   0.102224
0.222375   0.100791
0.219422   0.101797
0.217506   0.103743
0.222147   0.102179
0.222054   0.099267
0.22316   0.101248
0.220505   0.10204
0.222727   0.101509
0.223843   0.102989
0.223817   0.10248
0.219954   0.100722
0.219016   0.101889
0.222799   0.10332
0.217613   0.102309
0.221094   0.099185
0.216418   0.101296
***********BUSCA LOCAL**************
ANTES | DEPOIS
0.114399   0.114646
0.125057   0.121658
0.115614   0.109398
0.110802   0.12565
0.238133   0.111782
0.11309   0.115624
0.113978   0.132386
0.102828   0.10604
0.110552   0.120046
0.123549   0.124921
0.101411   0.116969
0.105526   0.123013
0.216687   0.126258
0.104627   0.124713
0.116808   0.114974
0.222471   0.123118
0.111819   0.116668
0.0935   0.118205
0.106368   0.117857
0.100023   0.121589
0.121319   0.115153
0.102133   0.119919
0.106619   0.122411
0.108331   0.120945
0.11139   0.121007
0.109368   0.121374
0.117253   0.112326
0.098277   0.117058
0.111859   0.122149
0.103415   0.119312
0.107579   0.119318
0.119703   0.115011
0.113701   0.116657
0.101837   0.127934
0.099353   0.117494
0.098412   0.122863
0.118598   0.130017
0.108675   0.119457
0.109047   0.125845
0.120954   0.109224
0.108733   0.123709
0.11587   0.124582
0.112974   0.12398
0.100487   0.130827
0.104374   0.117148
0.108057   0.122775
0.116763   0.115727
0.119566   0.115459
0.115366   0.127138
0.110259   0.123146
