Tamanho    Peso
290  8553
289  8617
282  8509
284  8173
251  8369
287  8521
281  8387
288  8357
288  8286
277  8223
282  8408
288  8262
248  8248
296  8449
283  8297
249  8398
285  8793
283  8352
284  8218
285  8459
286  8569
281  8272
288  8416
284  8375
284  8523
290  8348
290  8606
286  8607
280  8294
282  8416
282  8582
288  8417
293  8402
281  8209
289  8516
285  8458
288  8663
289  8485
287  8469
286  8285
285  8460
290  8456
288  8526
288  8450
277  8278
283  8261
292  8476
284  8514
288  8539
284  8361

Time taken: 16
