Tamanho    Peso
1105  36054
1094  36093
1101  35844
1101  35882
1100  36199
1098  35935
1092  35889
1096  36075
1110  36232
1105  36105
1103  35945
1112  36137
1107  36031
1101  35773
1102  36007
1105  35959
1099  36006
1116  36168
1096  35934
1101  36067
1094  36070
1111  36128
1099  35747
1100  35797
1097  35866
1098  36200
1099  35872
1105  36019
1100  35970
1102  36036
1104  36302
1102  36070
1092  36267
1100  36096
1109  35990
1096  36028
1100  36190
1097  36098
1101  35788
1104  35879
1100  36073
1103  35861
1093  35839
1095  36282
1104  36050
1087  36108
1096  35826
1104  36087
1102  36217
1102  35674

Time taken: 64
