***********CONSTRUÇÃO**************
ANTES | DEPOIS
0.481996   0.290309
0.483183   0.292874
0.482932   0.292959
0.48343   0.287441
0.482407   0.293979
0.482829   0.291194
0.483496   0.293417
0.482418   0.292171
0.482786   0.290663
0.484536   0.291246
0.481782   0.290009
0.481947   0.291202
0.48289   0.295259
0.481525   0.287504
0.484032   0.295569
0.483308   0.290435
0.481817   0.294373
0.483932   0.292664
0.482396   0.289351
0.483027   0.290703
0.482437   0.287937
0.484073   0.292127
0.483986   0.294688
0.482687   0.288189
0.483158   0.295581
0.48379   0.29077
0.482416   0.293075
0.482094   0.292672
0.483476   0.289994
0.482197   0.290772
0.48214   0.289146
0.483811   0.291725
0.483563   0.296089
0.483301   0.286733
0.482322   0.295089
0.484088   0.291493
0.483095   0.294445
0.484093   0.293348
0.482953   0.289947
0.483434   0.290086
0.483621   0.288856
0.484312   0.291762
0.483057   0.293982
0.483154   0.286736
0.482034   0.294461
0.483299   0.292442
0.482698   0.294185
0.483182   0.291107
0.482972   0.288833
0.480934   0.289682
***********BUSCA LOCAL**************
ANTES | DEPOIS
0.998995   0.250735
0.495677   0.251929
1.23906   0.371489
0.733047   0.372183
0.745386   0.365995
0.986859   0.252054
0.870195   0.247735
0.614351   0.37455
0.744044   0.49637
0.498544   0.746557
1.11907   0.251286
0.744755   0.249109
0.610137   0.371951
1.2369   0.248345
0.499714   0.249729
0.857774   0.248167
0.62223   0.372563
0.868221   0.489609
0.616141   0.25038
0.610617   0.504822
0.495972   0.253161
0.491395   0.249583
1.60577   0.371746
1.58823   0.253279
0.622894   0.247718
0.496012   0.251486
0.490273   0.365329
0.729319   0.247343
0.993631   0.248142
0.620337   0.36779
0.487767   0.252931
0.621014   0.741585
0.492796   0.257142
0.615308   0.251256
1.36475   0.503761
0.734603   0.247068
0.749346   0.253175
0.501412   0.252334
1.23843   0.24721
0.745813   0.250416
0.617146   0.610907
1.11083   0.252681
0.986354   0.377514
0.37002   0.253164
0.741783   0.247041
0.50095   0.248043
0.622816   0.372543
0.483607   0.249529
0.749483   0.24908
2.35335   0.24678
