9877
60	3
5	2
82	7
16	1
12	1
13	4
85	2
19	2
77	2
2	1
90	1
98	1
34	6
43	14
80	1
55	2
12	5
61	1
54	1
15	1
63	2
82	3
18	1
96	1
81	1
12	1
58	2
27	1
8	6
54	1
85	2
30	2
19	4
41	8
18	2
36	1
82	1
83	2
72	1
97	1
28	2
26	1
69	3
80	4
73	1
67	1
93	1
53	1
91	1
82	1
100	2
44	1
89	2
83	3
57	1
16	3
87	3
72	3
97	2
86	2
85	1
78	1
1	4
40	5
75	1
2	1
94	6
6	1
72	2
46	1
19	2
63	2
58	3
15	3
37	2
75	13
53	1
2	3
34	10
47	1
65	3
86	4
45	2
44	4
84	1
47	1
54	1
11	1
95	2
17	3
25	3
4	1
95	1
85	3
49	9
92	1
31	5
75	2
73	3
95	3
58	2
61	3
2	4
75	1
48	3
30	1
34	2
5	5
41	1
7	1
20	1
54	1
28	1
28	12
97	1
59	4
15	3
69	1
94	4
67	1
86	1
68	3
33	1
98	1
61	1
66	1
6	1
85	3
50	1
84	2
86	1
55	2
17	4
71	4
18	1
54	1
36	5
25	1
93	1
45	2
30	1
88	3
32	3
20	1
83	5
30	7
49	5
23	4
59	1
26	1
33	1
35	1
99	9
88	1
85	3
47	1
93	2
1	6
5	6
8	4
74	3
11	1
73	6
90	1
78	2
11	5
93	1
31	2
57	8
86	2
2	1
7	9
18	3
22	1
78	1
14	1
18	1
25	2
9	10
24	11
81	1
1	5
84	5
68	1
100	4
84	1
38	1
47	2
48	3
29	10
48	1
28	9
70	1
58	1
69	2
68	2
72	1
74	2
2	5
46	1
46	1
54	1
71	1
90	2
71	1
47	1
64	3
87	2
77	1
62	4
30	5
94	2
49	1
55	2
59	1
4	2
32	3
39	1
9	2
76	1
98	1
49	1
95	61
45	4
32	7
15	1
35	1
61	1
78	3
86	3
70	13
93	1
97	1
7	3
11	1
36	1
55	1
20	2
23	1
71	14
21	1
18	1
97	2
91	2
96	1
62	3
16	19
18	2
37	1
69	6
9	1
6	1
43	1
11	1
92	2
23	9
69	4
19	1
22	3
91	1
88	1
34	2
10	1
19	10
78	8
96	1
94	6
100	1
29	4
53	1
94	2
83	1
20	1
79	3
62	1
10	1
77	2
56	1
50	4
35	4
64	3
17	5
34	1
97	1
30	2
33	2
28	2
86	11
68	1
92	1
37	1
83	1
48	1
50	9
16	4
29	2
17	1
88	2
13	10
63	6
84	7
18	1
61	4
62	1
18	1
62	2
6	2
18	8
33	2
54	1
54	2
79	2
31	1
19	3
1	3
37	1
79	1
99	1
8	3
72	1
65	1
35	1
80	12
27	9
23	4
64	16
18	1
98	2
59	1
42	4
1	2
46	7
36	2
71	1
9	2
25	4
78	1
47	1
63	1
72	3
8	3
66	6
28	1
24	5
31	1
48	5
48	18
63	2
94	6
82	7
78	2
26	1
17	2
15	4
48	3
68	6
21	2
80	1
48	3
86	2
21	2
13	5
82	4
6	1
11	1
76	1
45	1
46	3
77	3
44	6
46	1
80	3
48	3
17	1
66	1
76	4
39	3
9	5
15	2
47	1
2	2
65	2
79	2
11	1
22	1
32	2
68	3
36	2
73	1
13	1
6	3
28	2
77	2
68	1
3	1
68	1
91	1
53	1
95	2
77	3
68	1
87	1
70	8
6	1
26	1
32	1
59	1
31	7
100	3
29	8
15	2
57	5
81	2
27	1
76	1
42	11
62	1
82	8
2	1
72	1
58	4
62	2
67	2
2	5
42	2
67	1
78	1
66	1
35	2
84	2
46	2
5	4
5	1
37	2
77	1
37	2
15	2
1	2
94	1
98	2
36	2
96	4
90	1
23	1
56	14
86	3
83	1
59	3
80	4
97	1
6	1
42	1
87	1
53	2
48	6
19	3
18	5
47	2
78	3
36	1
27	1
85	3
15	3
48	1
89	2
1	1
81	1
19	7
88	1
99	1
25	3
69	2
83	3
2	3
88	8
45	1
9	2
26	3
72	15
68	2
22	4
58	5
14	6
69	1
51	5
87	1
35	1
17	1
22	1
81	2
6	20
26	1
53	1
89	1
76	2
40	14
29	1
99	1
25	2
95	6
37	1
1	1
40	1
92	2
39	1
73	1
48	5
63	2
100	3
28	11
59	2
24	3
15	19
81	1
44	1
17	1
59	15
55	1
87	1
62	1
69	15
21	2
83	6
67	1
86	1
10	2
64	1
83	1
7	3
21	5
93	1
82	2
7	1
53	2
33	1
69	2
48	1
68	1
76	2
12	14
32	1
57	1
6	1
25	1
5	4
13	1
87	1
99	2
81	1
37	1
65	1
65	1
98	4
93	1
18	6
86	1
77	1
95	1
32	2
45	1
69	2
36	2
3	1
99	1
37	2
100	2
43	3
16	1
48	1
66	1
17	1
17	1
45	4
27	4
35	2
16	1
32	1
61	3
37	1
22	1
45	2
78	2
85	5
31	6
6	2
1	1
51	2
66	1
81	1
22	4
67	1
21	1
92	1
84	1
91	3
53	5
78	1
73	1
28	2
98	11
51	1
6	4
68	2
47	7
15	2
18	1
61	1
30	1
70	7
80	5
22	4
46	3
66	1
13	5
25	1
77	2
60	7
80	2
5	6
30	2
51	15
51	7
36	7
63	2
49	1
16	1
77	1
69	8
35	7
87	1
43	7
90	3
97	2
33	2
100	1
71	2
9	1
60	1
57	1
1	7
15	1
27	3
33	4
86	1
28	5
29	3
39	2
76	4
40	2
40	3
21	3
88	11
35	1
77	4
21	3
48	4
48	1
78	5
21	2
98	5
39	1
70	1
45	1
16	5
4	4
22	1
18	1
5	1
59	1
95	1
61	1
18	4
67	1
40	1
62	12
88	2
16	1
80	1
54	5
95	2
3	7
33	1
28	1
23	1
22	3
21	2
10	1
95	6
36	1
68	2
23	2
52	1
63	3
49	2
79	1
25	1
10	1
100	1
98	2
79	3
91	1
54	1
88	2
80	4
33	1
76	1
1	1
97	2
10	2
83	3
40	1
20	3
68	2
42	2
45	5
36	2
70	1
86	5
40	2
84	1
12	14
32	1
89	1
80	3
77	7
38	6
21	21
22	5
80	12
4	1
35	2
58	1
80	10
13	1
61	4
44	2
58	8
88	3
6	1
48	9
81	1
3	4
47	1
92	4
38	21
50	1
34	1
28	1
6	3
85	2
39	6
42	6
54	2
45	1
48	4
45	1
30	4
84	15
22	4
53	1
69	2
83	1
65	5
68	1
53	1
88	2
31	3
42	3
57	8
98	7
83	2
87	3
41	1
91	5
44	1
26	1
49	3
67	2
22	1
82	1
89	1
21	1
97	2
58	5
52	2
13	9
49	2
49	3
69	6
56	1
34	1
77	3
92	1
46	1
32	1
91	1
48	1
42	1
76	2
1	1
5	2
13	2
65	2
95	4
4	6
97	2
30	17
70	1
19	10
86	1
94	1
73	6
90	3
88	4
64	1
44	1
54	4
74	2
74	2
2	4
17	1
14	1
75	2
70	3
50	1
47	3
86	1
35	2
85	5
92	2
62	1
21	1
47	3
36	4
61	1
97	1
40	1
26	1
96	2
11	3
54	1
91	4
77	1
66	1
99	5
13	1
95	6
31	1
78	1
13	2
7	2
70	1
70	1
64	1
42	2
14	2
31	1
85	11
33	1
24	1
10	1
95	1
73	20
98	3
42	1
44	1
71	1
46	2
60	1
9	3
35	1
99	5
31	1
28	1
37	1
98	1
90	3
2	2
16	2
16	1
61	1
57	3
23	1
22	1
15	2
86	2
9	1
18	2
19	2
5	1
47	1
52	4
45	1
50	2
4	2
69	2
27	4
46	5
31	9
83	24
54	5
46	8
4	1
4	5
11	6
28	3
62	3
45	1
32	18
18	2
62	4
3	1
14	4
88	9
20	2
94	1
42	9
86	1
6	20
18	1
48	8
77	4
75	1
19	3
18	5
46	2
25	1
70	1
48	2
86	5
83	3
91	1
22	4
72	1
68	4
46	5
85	2
28	1
46	1
69	6
33	3
45	1
66	1
47	1
27	1
32	1
15	2
84	1
2	1
66	16
95	6
36	3
37	6
93	1
61	2
49	1
79	2
2	1
11	1
57	1
84	3
97	1
61	2
37	2
38	6
83	2
68	4
14	1
85	1
90	3
71	6
43	1
82	4
45	1
96	4
80	1
92	9
32	2
7	1
18	1
25	1
27	8
22	1
100	1
50	12
55	5
78	2
21	1
45	1
55	1
18	2
74	1
10	5
14	1
24	1
12	3
83	3
91	12
82	1
61	2
30	1
2	2
64	1
70	11
40	2
51	1
57	3
18	2
80	6
38	10
66	5
2	2
90	29
3	1
34	21
5	1
30	10
74	23
81	1
5	3
18	4
28	1
83	1
44	6
28	1
17	1
81	3
92	3
15	1
45	2
9	4
15	2
8	21
83	1
83	1
59	2
47	1
27	18
83	4
43	2
55	1
55	2
82	3
9	3
44	2
47	18
55	4
42	1
54	2
1	9
63	9
40	1
96	1
42	2
40	3
41	4
47	1
32	5
45	1
27	1
98	5
92	4
39	2
65	5
9	1
31	1
79	1
84	1
88	1
56	2
60	5
72	3
95	3
86	2
48	1
31	1
38	1
96	1
7	1
71	1
80	3
90	1
71	2
83	5
1	1
89	1
86	1
18	1
68	2
75	1
68	5
59	2
31	1
84	1
69	1
56	8
54	2
57	1
21	7
87	1
81	1
33	1
39	9
50	1
57	2
20	2
33	1
32	5
35	19
52	7
20	9
2	14
56	2
54	1
1	6
49	3
18	1
99	1
35	7
62	2
76	3
19	2
15	4
23	2
69	1
56	1
33	4
65	2
67	3
17	6
9	3
100	5
98	1
35	10
50	2
26	4
81	2
33	3
98	2
97	1
81	2
5	2
61	5
53	6
87	3
98	4
86	1
26	1
99	2
70	1
7	4
25	3
43	4
35	2
16	2
57	1
34	4
13	9
30	1
78	7
38	1
16	3
76	1
9	1
52	6
73	2
76	3
45	1
7	2
9	1
13	10
70	3
78	1
45	3
98	2
75	2
48	2
61	2
34	2
48	1
50	1
95	1
22	1
95	1
22	1
53	4
72	9
32	4
55	1
8	2
49	5
91	2
28	2
71	2
72	1
98	1
95	1
99	2
34	6
95	1
52	3
89	1
21	2
24	4
48	2
31	5
17	6
96	2
77	1
56	20
41	2
21	5
48	1
50	3
68	2
36	2
94	1
94	1
48	1
93	2
100	3
46	1
48	3
11	2
12	4
24	7
71	2
86	1
19	12
52	3
34	1
4	1
15	3
93	2
67	14
12	1
11	3
86	1
50	7
86	6
14	1
12	1
57	2
55	4
87	1
12	2
96	8
99	3
16	1
75	2
27	8
52	1
47	1
99	2
84	2
9	1
45	1
34	1
21	1
79	1
45	3
79	1
9	1
54	8
67	2
58	2
18	21
33	5
49	4
59	1
16	6
81	3
91	1
13	2
53	1
69	3
85	1
41	2
23	7
68	4
73	1
85	3
89	2
53	7
53	1
69	8
82	1
31	1
15	2
34	1
38	1
68	1
49	4
66	2
53	1
64	1
14	1
15	1
70	6
91	3
82	1
93	10
59	1
87	1
18	1
44	1
75	3
28	1
18	3
98	1
29	1
46	6
62	2
96	2
31	1
56	2
96	12
79	2
22	5
31	2
90	1
93	9
36	4
38	1
64	3
74	1
97	19
86	2
83	6
44	1
18	1
28	1
50	1
23	1
76	1
62	1
30	5
28	2
78	2
69	1
52	1
85	2
64	1
9	1
55	2
10	2
54	1
41	2
96	3
78	3
19	1
87	7
44	2
64	2
82	1
66	2
77	1
33	2
24	1
86	2
97	4
55	1
85	15
57	1
10	20
2	1
24	2
28	1
53	3
92	1
75	1
19	3
11	1
91	4
49	5
64	7
76	3
99	1
13	1
91	4
93	1
1	6
79	1
36	1
71	3
68	4
88	1
47	1
42	2
83	1
18	2
86	1
16	1
56	1
92	2
53	2
37	13
52	1
85	1
49	1
18	1
51	1
2	1
6	2
39	3
84	1
38	1
52	10
6	6
33	1
4	1
32	2
43	7
6	4
22	1
86	2
69	9
99	6
37	1
17	1
96	3
34	3
22	1
86	1
43	4
75	3
60	6
37	2
41	2
32	6
47	1
57	1
57	4
42	2
63	1
72	2
62	2
91	1
42	1
13	1
50	6
82	1
97	1
14	1
64	1
55	1
14	2
29	2
19	6
67	3
80	1
91	2
94	2
76	1
12	2
23	3
27	1
22	6
25	1
63	4
33	2
50	9
81	5
20	3
48	2
83	4
75	7
67	5
57	5
55	2
34	4
82	2
84	5
86	1
90	2
48	2
17	1
72	1
26	1
99	3
80	1
51	4
6	2
73	15
63	5
83	1
59	4
7	1
18	2
2	8
92	4
33	1
97	1
9	4
98	2
95	3
92	1
34	1
66	7
64	3
37	5
76	2
61	1
89	5
26	5
41	5
90	4
29	2
33	5
8	1
47	1
11	4
50	3
88	1
3	4
96	1
48	1
38	3
5	1
41	3
68	1
3	2
59	3
43	3
71	3
73	2
7	2
56	1
28	1
24	11
45	2
20	11
93	3
3	3
36	2
84	3
76	1
60	6
69	1
25	1
8	9
8	1
32	3
23	4
57	1
88	4
68	1
44	10
69	1
61	10
41	1
6	1
82	3
2	1
24	2
92	14
74	1
45	4
14	6
16	3
16	1
75	1
15	1
95	1
68	3
38	1
3	6
28	1
12	1
85	1
54	2
70	1
79	1
84	2
85	1
67	2
7	1
35	1
15	3
55	1
87	3
94	2
86	1
72	4
49	2
36	8
36	14
85	1
71	1
58	2
71	1
6	4
69	2
97	2
20	1
17	1
42	9
95	1
83	1
77	1
78	6
89	1
69	1
79	3
93	1
45	4
64	1
92	10
42	2
66	2
91	24
19	5
97	1
63	6
84	1
14	1
55	1
26	19
27	1
65	4
43	6
86	1
10	1
89	1
16	1
64	1
89	2
90	2
47	1
67	2
43	2
91	1
87	3
23	1
71	5
88	1
47	3
71	1
1	4
11	1
65	2
22	3
59	1
41	1
66	2
87	1
40	2
8	1
96	1
42	5
68	2
31	1
1	6
74	1
11	1
17	4
13	2
80	1
4	3
80	1
28	1
29	2
47	2
44	4
18	2
60	1
14	7
3	2
94	1
19	2
15	1
80	2
28	1
49	4
31	1
99	1
47	25
76	1
15	1
87	1
8	8
20	3
92	1
38	2
49	1
90	2
94	1
41	1
31	1
51	2
22	2
71	6
28	8
64	3
69	2
77	22
1	2
48	1
18	3
29	2
45	2
33	6
90	3
63	2
67	1
34	4
15	1
7	2
2	3
88	1
72	5
50	2
12	4
68	1
87	2
52	2
66	1
25	2
9	1
27	3
53	1
14	4
64	21
64	1
42	3
91	1
19	1
41	1
42	1
63	8
3	1
62	2
50	4
75	8
78	4
85	1
13	2
100	2
70	3
44	1
66	1
27	2
79	1
17	1
26	2
99	1
97	7
100	4
50	4
8	1
27	2
8	2
89	1
18	7
70	1
20	1
99	5
74	1
65	1
96	1
73	1
23	2
6	1
71	2
100	1
34	1
69	2
68	1
48	5
19	5
97	1
7	1
37	2
24	1
21	1
95	15
65	2
19	1
91	26
77	9
67	1
67	13
2	1
48	2
18	1
21	7
5	6
61	9
58	1
93	1
56	1
28	1
56	4
94	2
86	2
35	4
83	2
43	5
34	5
89	5
56	1
69	1
88	9
52	1
65	1
79	1
36	4
44	9
3	3
37	1
10	1
44	1
76	2
79	1
76	1
64	1
28	1
43	3
64	1
63	2
42	4
52	6
99	1
20	3
35	7
42	4
30	4
35	3
23	1
66	1
32	2
80	1
64	1
73	2
20	2
7	3
29	1
42	17
57	1
80	5
20	2
35	1
58	1
6	2
87	2
29	1
3	14
77	2
34	3
44	1
88	5
17	1
61	1
47	5
70	1
60	1
51	4
90	1
68	2
39	2
69	1
23	11
78	1
40	1
52	1
19	1
37	1
59	2
97	1
18	1
34	3
7	3
23	1
43	4
94	2
47	1
51	2
36	8
20	1
95	6
14	1
62	7
1	6
99	2
80	2
15	4
44	1
1	24
21	1
60	1
28	1
80	3
28	5
10	2
94	3
70	1
70	1
57	6
54	2
70	1
22	1
49	1
58	5
83	4
44	3
44	1
53	2
52	7
91	7
78	1
70	12
43	2
29	3
12	1
9	2
18	1
65	1
46	1
15	2
4	1
27	4
32	1
74	1
58	2
49	1
52	1
82	10
8	2
96	1
96	1
99	6
85	1
79	1
37	2
14	2
7	8
91	4
18	1
26	1
80	2
62	14
91	3
76	5
8	1
16	1
78	3
68	4
29	3
47	2
43	2
9	1
52	1
92	11
15	1
48	2
90	2
76	1
55	4
29	1
73	1
17	1
61	2
15	1
82	1
11	2
73	2
77	1
22	2
46	2
84	4
81	5
2	5
56	4
58	2
22	1
83	1
83	1
22	3
37	4
9	1
79	1
17	2
58	3
23	10
25	1
95	1
83	1
64	1
56	2
74	1
2	2
15	2
51	4
32	1
91	1
37	3
26	1
76	1
43	3
85	2
7	2
28	3
79	7
79	2
64	2
10	4
59	2
1	1
65	2
52	1
29	2
28	5
42	2
88	5
4	3
7	1
54	2
51	7
30	7
65	1
32	1
10	2
55	10
3	2
47	1
77	1
43	1
80	1
10	36
23	2
42	4
75	2
68	5
27	1
5	1
41	1
21	1
77	3
13	1
45	1
86	7
33	2
29	4
67	1
82	3
3	1
70	3
69	5
5	3
37	1
42	3
96	2
80	1
89	1
56	1
50	1
58	1
24	8
49	3
29	1
30	1
4	1
12	4
40	2
19	2
77	1
58	1
73	7
100	1
80	1
98	2
51	1
66	8
45	2
15	2
95	1
8	1
96	2
69	8
86	1
67	17
50	3
38	2
12	2
87	4
96	1
23	2
43	1
24	7
53	1
12	3
34	1
96	1
89	1
68	1
55	4
88	2
10	1
83	1
17	17
68	1
5	1
62	2
82	1
85	3
74	4
33	4
18	2
88	1
44	5
32	5
41	1
59	12
99	2
26	1
61	1
79	1
35	1
63	2
76	2
49	1
95	1
56	3
61	5
70	1
50	1
58	1
23	2
95	1
8	1
36	1
65	4
85	1
57	1
66	2
95	8
32	1
99	1
5	2
35	1
67	3
27	3
30	5
44	3
22	4
96	2
71	1
74	1
11	2
55	2
65	2
43	1
93	1
88	2
4	3
24	1
57	2
97	1
3	1
62	1
43	2
85	23
69	1
24	1
92	6
60	2
30	1
57	20
46	3
72	4
65	1
22	1
96	5
59	1
62	1
27	1
28	12
73	2
73	3
80	7
26	1
25	23
44	1
29	3
24	5
42	2
46	2
12	1
85	2
96	1
89	9
2	2
84	1
65	12
22	1
73	4
86	3
53	1
29	1
21	2
33	1
43	2
77	11
76	2
76	8
7	1
44	2
32	1
86	4
35	15
91	1
53	1
59	1
56	2
39	5
42	2
38	1
5	2
42	2
75	1
54	9
80	3
93	1
76	2
59	1
37	2
73	2
77	2
99	4
22	1
13	1
63	5
51	2
16	1
51	4
60	2
74	1
1	5
54	9
1	3
90	1
66	6
82	1
96	2
78	2
20	3
32	1
92	3
54	7
25	3
100	1
8	1
74	13
95	1
88	5
92	1
84	5
42	1
50	5
97	2
54	5
69	2
2	1
18	9
18	1
59	4
25	2
42	2
78	6
78	2
83	6
94	1
77	2
82	1
25	2
5	2
98	2
67	1
85	1
6	2
78	3
19	6
33	2
4	3
100	11
28	1
53	2
99	1
8	2
59	1
62	2
62	14
88	3
61	4
63	1
27	5
85	22
94	6
9	1
80	1
82	3
41	14
79	2
67	1
74	1
18	1
39	5
97	3
58	4
3	2
75	1
12	9
25	2
29	9
6	2
44	4
18	1
72	3
26	4
34	1
14	4
86	2
86	17
83	8
92	1
68	1
65	1
29	1
36	3
74	9
68	3
79	3
5	3
85	3
92	14
33	2
73	3
61	1
53	8
54	5
31	8
13	4
51	1
88	8
2	2
30	1
81	2
58	3
62	1
67	2
64	2
61	1
21	32
98	2
68	5
20	1
75	1
97	1
78	1
15	4
48	17
100	1
56	22
65	1
51	1
21	1
34	2
2	2
55	2
79	3
54	2
24	6
34	2
5	1
8	1
42	1
68	16
36	1
50	1
92	2
35	1
66	3
45	2
73	1
70	1
25	3
53	1
50	8
72	6
49	1
78	4
35	1
82	1
19	1
21	23
84	1
26	1
74	1
20	8
73	2
49	5
11	5
96	5
39	7
18	2
47	1
80	3
91	1
54	1
96	3
23	6
33	1
32	2
70	4
4	2
91	2
90	1
57	1
64	1
56	5
33	2
80	4
38	1
25	3
32	9
69	1
3	14
54	9
10	2
88	3
68	1
70	2
82	11
45	1
73	5
30	1
6	1
69	2
32	1
86	1
16	1
68	2
58	5
55	3
47	10
33	6
71	1
22	3
79	2
49	3
71	2
8	6
39	1
71	1
72	2
84	1
14	1
61	14
28	4
91	1
9	1
88	1
76	1
83	8
80	5
9	1
12	10
77	4
95	1
24	3
60	2
8	1
63	9
96	9
35	1
16	2
60	1
25	1
65	1
93	19
41	2
45	1
68	1
7	1
72	1
31	1
89	1
56	2
58	1
45	1
89	2
38	16
15	2
35	2
73	1
74	1
27	1
69	11
91	2
59	1
57	6
45	1
78	1
52	4
2	1
78	2
7	6
90	2
29	2
4	6
2	1
13	1
99	5
77	14
60	1
3	1
75	6
65	7
98	32
39	3
63	4
89	6
83	1
42	10
5	2
11	2
27	2
89	3
8	5
14	2
51	1
35	2
66	3
28	3
66	1
61	6
86	1
97	1
30	1
78	2
87	1
95	1
14	1
38	15
47	6
41	7
70	1
73	1
78	5
97	1
70	7
71	9
10	3
22	3
60	16
77	1
90	3
11	3
6	4
77	1
2	1
53	1
95	1
9	1
29	2
67	1
66	1
53	29
7	1
17	1
29	3
16	1
68	1
74	9
78	9
76	1
70	5
6	2
57	4
88	2
23	1
83	1
94	4
18	8
66	2
69	1
31	1
12	1
15	5
22	1
38	1
75	2
29	1
23	1
99	1
70	3
67	1
13	2
91	4
63	2
16	8
2	7
19	3
96	2
2	2
77	2
67	4
98	1
83	2
80	15
33	1
54	17
52	1
62	5
51	2
2	4
6	1
17	1
20	1
9	1
81	1
63	1
88	11
94	2
31	1
3	7
25	3
13	2
77	2
22	2
97	1
45	1
30	6
31	1
25	1
73	3
76	3
4	3
47	1
84	1
25	4
40	2
45	1
76	1
26	1
100	5
77	3
81	6
57	4
59	3
1	1
37	7
18	2
38	2
92	1
94	9
59	2
64	13
37	6
28	2
93	1
89	1
23	1
78	1
31	1
11	2
71	1
59	3
91	3
56	16
69	2
98	1
34	2
83	1
56	2
84	1
89	4
20	2
44	2
41	2
85	6
9	1
49	1
47	1
62	11
73	6
3	3
10	4
86	2
5	4
5	1
41	1
16	1
55	1
10	1
37	1
97	2
53	1
63	1
88	11
52	1
59	2
85	2
89	20
63	7
12	2
38	1
64	10
64	5
64	8
65	1
71	1
97	21
10	3
73	1
36	2
61	4
30	4
13	1
68	4
15	1
45	3
34	5
57	1
78	3
74	4
24	2
54	2
66	3
32	1
13	10
14	1
64	1
22	3
64	8
54	1
71	3
34	2
10	3
6	8
14	1
80	9
23	1
9	2
48	9
82	4
62	5
37	3
41	1
4	2
3	2
34	1
59	1
81	10
9	1
58	9
17	22
11	5
21	1
82	1
15	1
80	1
9	6
53	14
78	1
53	1
17	4
4	10
5	1
46	7
22	1
39	5
43	8
28	1
72	5
83	2
24	8
65	25
82	8
33	1
25	3
42	5
23	1
67	2
34	1
44	1
18	27
97	1
35	12
26	1
37	1
95	1
75	8
45	8
28	1
71	2
14	5
44	1
13	4
66	3
77	10
5	1
96	3
57	1
28	1
88	3
43	5
77	1
93	10
76	3
97	1
72	2
10	2
97	2
29	2
20	1
76	3
3	15
28	1
52	5
94	1
71	7
25	3
4	1
67	21
37	3
77	4
25	5
28	1
11	5
36	4
65	1
57	3
85	4
79	1
43	1
79	4
59	1
12	3
19	1
92	2
93	2
68	1
57	1
91	1
54	4
1	1
40	1
90	2
45	4
11	4
91	1
52	4
91	1
62	2
92	7
69	1
73	1
6	1
82	1
100	3
25	1
57	1
58	4
39	2
65	1
41	1
38	3
55	1
54	2
41	9
69	1
33	1
96	1
25	18
85	13
16	1
25	1
24	2
70	2
87	1
63	1
41	35
70	4
83	3
11	1
72	1
36	1
75	2
94	3
12	1
23	2
39	5
51	2
32	1
28	1
53	4
97	1
93	1
40	1
41	7
2	2
32	4
68	2
73	2
56	1
90	2
11	1
77	3
94	1
32	1
79	1
62	2
81	1
93	1
32	1
73	2
49	2
75	1
13	1
80	1
82	1
50	2
1	1
56	1
39	2
14	1
75	5
43	1
84	3
26	8
73	1
53	1
57	3
93	15
77	1
40	1
97	2
6	1
68	2
43	1
52	11
74	1
35	2
80	2
55	1
38	7
58	3
4	2
20	1
34	2
23	3
9	3
62	1
69	2
79	6
86	1
71	1
55	1
79	5
28	2
94	1
12	2
6	1
16	1
14	1
24	1
21	13
7	6
50	1
15	2
38	1
57	3
63	1
65	1
48	1
74	1
8	6
91	1
3	5
89	2
6	2
3	24
48	6
12	8
36	3
24	1
83	5
33	3
42	1
86	17
41	1
29	1
99	2
13	3
28	2
20	1
17	3
10	2
35	2
12	3
4	1
95	5
66	1
30	1
76	1
99	1
29	1
67	14
49	7
31	1
84	1
60	2
24	20
15	1
94	10
80	6
12	1
34	7
5	2
87	1
82	4
99	3
63	1
41	1
48	1
90	1
73	11
82	1
21	1
58	6
73	2
63	1
15	1
64	3
64	10
51	5
86	1
59	16
71	1
62	2
71	1
53	1
51	1
91	3
34	4
38	1
36	3
94	2
100	3
22	1
59	1
60	1
25	3
44	2
69	2
17	5
8	3
34	1
54	1
33	1
75	1
97	2
74	4
12	2
98	2
40	2
57	3
4	1
20	1
28	2
3	1
79	4
64	2
72	4
39	1
56	4
26	1
23	2
45	3
75	1
19	6
2	1
16	5
7	7
3	2
76	3
29	1
19	4
70	4
61	10
93	16
21	1
71	1
16	3
32	5
60	1
56	1
76	2
69	1
11	1
20	1
80	2
91	1
44	6
87	17
20	2
23	7
49	3
38	6
11	4
58	1
71	1
87	1
89	3
32	2
30	1
36	5
4	1
10	1
38	1
55	4
79	2
48	5
74	1
94	13
53	2
10	2
69	3
21	1
56	7
59	4
7	1
50	3
23	1
61	3
7	2
68	1
95	3
63	1
51	8
8	1
59	1
30	1
17	1
87	3
6	4
13	2
42	2
26	1
20	5
76	6
4	1
14	4
10	2
70	2
84	2
68	1
49	2
73	1
51	2
41	1
8	1
71	1
66	1
17	2
85	1
15	1
88	3
90	1
4	1
61	1
39	4
81	2
77	1
4	5
63	9
86	1
49	1
23	2
56	1
52	1
35	1
80	3
98	1
23	9
79	1
92	3
63	1
55	4
76	1
69	1
7	2
12	3
13	2
73	2
77	2
60	4
94	1
85	3
59	1
44	2
41	1
57	4
59	2
93	10
25	3
77	17
18	1
38	1
26	7
50	6
86	1
16	2
51	1
21	4
10	2
49	1
52	1
53	1
20	2
48	12
10	4
75	1
64	4
10	4
25	1
46	5
72	2
92	2
65	2
83	1
81	1
76	1
40	1
97	1
30	1
2	5
20	1
18	2
43	15
27	3
90	2
81	2
85	1
34	3
89	3
78	2
51	1
56	1
86	2
48	2
96	1
5	1
81	1
2	1
53	1
94	1
100	22
2	1
99	1
88	2
55	1
59	2
71	2
46	2
17	2
74	3
46	5
80	10
4	3
52	2
9	1
50	1
20	1
48	4
39	2
8	2
53	1
50	6
31	1
82	9
40	1
11	6
36	7
66	6
23	2
48	1
62	1
43	1
100	3
54	3
78	2
35	5
78	1
56	2
82	2
59	1
43	2
9	1
63	2
69	2
43	17
19	8
17	1
89	1
56	2
58	1
55	1
66	1
79	3
96	1
9	4
33	1
74	1
80	1
67	3
24	1
20	1
64	1
8	2
4	1
98	1
99	5
56	2
87	3
36	1
93	1
87	4
46	1
18	1
100	1
29	1
44	18
70	1
88	2
63	2
43	11
55	2
63	1
8	5
43	1
35	1
90	1
12	1
85	1
15	6
64	5
60	1
96	3
18	1
57	1
78	2
91	3
43	8
94	1
57	11
96	2
75	1
64	3
75	3
67	3
84	2
84	1
41	1
75	1
66	10
41	3
33	1
78	1
39	1
28	3
59	2
86	3
11	1
71	3
97	1
26	2
20	1
27	2
44	3
22	1
84	9
55	2
97	2
43	3
55	1
82	6
45	1
49	1
68	3
44	4
9	1
48	4
81	1
91	1
26	2
84	2
78	1
77	1
22	1
12	1
40	2
40	5
13	3
43	3
59	6
96	1
6	1
46	2
68	2
62	1
100	1
2	5
35	1
54	10
48	2
83	2
59	4
75	2
61	1
50	4
6	1
38	1
91	1
52	4
72	1
51	3
10	1
100	4
33	2
3	1
70	12
22	5
58	4
50	2
16	1
41	2
48	1
87	1
14	1
96	1
51	5
7	2
53	1
7	26
63	3
68	1
45	1
12	5
37	2
24	1
12	3
25	4
46	4
50	1
2	5
95	1
95	1
16	1
11	1
84	2
83	5
9	1
92	2
33	2
32	1
81	1
23	6
7	1
20	1
79	2
4	1
25	1
79	1
97	1
13	1
66	2
82	3
26	2
97	2
2	10
17	1
75	1
90	1
59	1
40	2
82	2
15	4
93	2
97	1
85	1
20	1
8	2
27	6
27	1
94	3
55	12
13	3
1	1
14	3
15	2
52	1
48	3
58	2
10	1
81	10
68	3
48	1
6	7
60	1
1	1
63	21
63	1
88	5
80	1
25	1
57	1
47	1
94	1
49	1
10	1
2	1
33	5
4	19
27	2
73	1
15	1
34	1
61	3
43	1
25	1
39	1
48	2
38	1
40	3
48	7
18	10
78	1
2	9
44	3
43	4
59	2
3	10
90	1
17	4
56	5
56	1
75	5
82	3
95	2
1	1
22	9
95	2
72	4
32	2
80	1
32	4
36	2
86	1
1	7
13	3
48	4
53	4
22	1
34	2
17	1
85	1
28	2
9	2
26	1
59	1
88	3
76	1
72	1
15	1
62	1
13	1
16	2
74	15
2	1
73	1
65	1
84	1
14	1
19	2
100	1
83	1
65	1
16	2
71	8
88	2
98	12
4	2
31	1
53	3
88	3
5	2
85	2
44	2
80	10
41	3
43	3
18	4
33	6
47	1
14	1
38	1
37	3
27	2
70	8
55	1
7	1
8	2
99	7
92	14
18	2
61	1
7	3
71	1
62	1
45	10
55	1
41	1
22	1
63	1
49	1
99	6
28	3
49	4
62	2
56	4
76	4
90	2
45	16
24	1
82	5
84	7
49	1
79	1
42	1
17	1
10	1
48	1
25	1
15	1
40	3
16	1
86	2
100	3
70	1
40	1
90	3
86	4
99	5
63	1
61	1
34	1
46	3
59	2
81	2
60	1
43	1
38	1
84	1
63	1
59	2
3	2
29	2
89	1
9	2
72	2
82	3
39	2
42	7
49	5
73	5
46	2
34	4
48	2
20	6
22	17
67	3
82	1
65	7
75	1
74	1
41	2
6	1
34	1
31	1
22	2
41	1
71	26
2	1
95	1
83	1
4	1
41	3
44	1
7	7
81	4
19	1
39	1
56	1
24	2
5	7
41	1
15	5
22	3
80	1
90	3
33	2
11	15
29	2
81	3
28	2
19	1
85	1
70	1
28	2
78	1
41	14
28	3
81	2
72	2
18	7
74	3
57	5
74	2
93	3
72	2
18	9
66	1
99	1
98	1
84	11
62	1
96	6
31	3
43	1
88	12
66	10
61	1
48	1
59	2
91	2
12	6
24	2
65	1
67	16
1	3
88	2
78	2
55	3
11	1
66	1
8	30
10	7
57	3
53	1
1	1
96	1
54	3
44	1
94	3
32	1
64	4
7	1
55	1
52	7
10	1
63	2
100	3
85	7
85	6
70	2
32	1
100	1
88	1
56	1
56	1
26	7
58	1
63	1
98	1
77	3
31	3
76	1
66	12
85	1
2	2
86	1
23	9
70	1
31	2
95	1
64	3
9	1
8	1
85	2
38	1
16	1
3	3
98	5
55	1
70	1
40	4
41	3
44	4
27	2
39	10
64	1
45	2
26	1
96	2
9	2
22	1
52	2
18	4
44	1
35	1
80	1
19	1
91	6
34	1
88	1
90	2
29	4
75	2
37	2
16	2
6	1
72	3
13	2
58	6
14	3
20	3
69	1
17	2
52	3
28	2
77	1
93	1
2	5
10	2
41	1
87	1
62	9
56	1
99	2
81	1
9	1
61	4
89	1
88	2
30	1
34	3
35	2
62	1
46	2
25	5
48	8
36	3
21	1
34	3
8	1
87	1
17	1
44	11
75	1
1	7
1	4
61	2
60	3
22	1
96	3
47	4
13	3
3	4
77	1
56	4
53	1
3	2
88	1
78	3
33	10
17	2
11	1
20	5
2	3
31	1
43	1
92	1
11	1
40	1
34	1
74	5
88	1
7	6
73	1
88	1
13	1
90	1
84	1
97	5
53	1
34	4
56	2
51	1
70	3
56	2
37	1
41	13
56	1
51	1
82	3
37	2
46	1
20	3
38	5
66	1
96	3
38	1
75	1
69	2
81	8
99	2
5	1
45	9
37	4
44	1
36	2
15	1
10	1
62	14
2	1
42	3
77	19
100	1
22	3
46	1
43	2
23	6
34	1
11	1
65	2
43	2
86	4
85	4
95	4
47	2
24	3
97	7
70	1
2	1
67	3
44	1
43	1
8	2
36	1
50	5
23	2
56	6
53	3
8	8
89	16
94	1
93	2
63	2
89	24
4	1
10	1
16	2
65	2
32	5
92	1
56	5
76	1
26	1
54	1
74	5
90	3
53	1
13	4
95	1
30	2
8	2
97	3
43	1
49	5
16	2
58	2
58	1
33	1
61	1
20	6
79	1
57	3
95	3
49	2
23	1
91	2
69	2
57	7
51	3
88	1
97	2
89	1
29	1
40	1
11	17
27	1
72	1
24	9
52	2
58	1
54	1
56	1
86	1
84	5
68	1
54	11
67	4
21	14
66	5
36	1
71	1
21	1
44	1
11	2
19	1
21	1
16	27
93	1
91	2
89	3
50	3
74	4
87	1
63	1
7	1
84	2
59	4
23	7
47	2
49	1
53	3
89	4
49	1
74	1
61	1
50	2
8	3
78	5
69	6
50	1
89	3
56	1
37	1
53	2
14	1
53	3
22	1
87	9
26	3
62	2
73	2
1	3
85	11
26	1
22	2
32	5
8	2
9	1
16	3
32	4
13	2
48	4
76	3
9	1
45	1
92	6
32	3
49	2
21	3
73	2
100	2
4	11
43	3
56	4
76	3
92	11
22	1
78	1
76	3
50	2
7	2
40	1
32	2
58	2
17	5
98	2
38	1
28	3
16	6
43	3
73	1
35	2
76	4
90	6
50	3
26	1
32	1
98	1
9	2
20	1
88	1
93	1
70	18
58	1
58	3
32	1
37	2
23	6
77	4
18	1
56	2
86	3
59	2
2	7
41	1
44	2
90	1
5	1
60	9
99	2
13	2
99	1
95	1
16	5
37	1
1	1
75	1
31	7
20	1
4	1
57	1
40	1
35	2
8	1
58	2
62	6
36	20
75	1
85	2
5	2
23	1
17	2
43	5
34	1
82	2
26	4
36	1
35	1
61	1
15	2
100	1
43	1
92	1
68	1
7	1
1	1
82	1
29	1
67	4
42	2
4	1
38	1
84	11
61	4
70	1
17	1
7	1
7	4
28	1
26	6
2	2
66	1
94	2
11	2
61	12
60	4
71	15
2	4
24	10
2	1
41	1
13	1
30	3
97	3
97	6
95	3
48	6
33	20
58	2
1	22
98	4
81	5
8	29
75	1
100	4
76	4
98	2
39	17
59	19
88	1
9	5
5	7
93	18
50	5
31	1
68	2
14	1
48	9
87	1
56	2
54	6
30	1
72	1
30	4
54	2
37	1
50	3
71	13
29	19
44	2
73	3
90	4
64	1
11	28
63	1
39	2
49	2
19	1
87	2
2	3
16	1
7	6
82	5
58	2
48	2
72	2
65	2
10	1
2	13
81	2
37	1
32	1
39	1
57	1
49	1
69	6
99	8
28	5
3	5
93	31
87	2
74	2
29	3
30	5
54	3
46	1
32	3
27	2
79	2
99	4
93	12
91	4
46	1
75	1
8	1
50	1
83	6
48	1
9	2
93	2
90	2
55	1
67	1
43	1
69	7
73	2
63	1
8	1
85	1
56	2
50	1
37	3
83	4
47	4
12	3
56	2
28	1
74	2
47	2
92	2
12	3
80	1
30	1
82	2
69	3
58	1
45	10
54	1
82	1
21	2
90	1
98	2
89	1
15	1
90	12
2	1
73	1
27	6
72	1
21	2
48	3
62	1
76	3
22	1
66	2
3	2
69	1
75	4
75	1
44	2
47	2
69	6
78	1
26	3
6	29
41	10
27	1
100	2
20	3
60	1
66	3
43	2
65	1
42	1
58	2
55	1
83	2
28	1
21	4
13	1
50	2
82	1
10	12
30	3
5	1
17	6
54	10
55	1
79	1
61	2
85	3
45	2
41	1
83	2
76	1
86	1
51	1
4	1
99	1
92	2
74	1
24	1
70	1
2	1
78	3
88	1
29	2
85	5
55	1
30	3
13	6
58	1
86	1
26	2
47	2
91	2
76	1
51	6
44	3
96	2
14	5
38	2
67	2
14	2
40	2
55	1
62	2
18	3
26	1
82	1
63	16
91	8
38	2
86	1
45	1
57	1
69	2
55	2
16	7
60	1
63	5
59	1
79	4
70	6
75	4
75	4
27	1
79	1
10	6
48	8
49	9
16	3
50	1
4	3
39	1
71	3
29	1
25	1
61	1
62	3
1	2
23	1
53	16
95	2
17	2
68	1
50	1
34	8
54	1
15	1
51	6
44	1
70	1
90	1
66	2
64	12
87	6
45	1
39	3
53	2
86	3
72	2
55	1
38	1
93	4
51	4
41	3
26	1
62	3
40	1
67	2
45	8
42	1
48	9
32	6
87	2
71	1
8	3
14	1
85	3
48	2
52	2
82	13
51	3
93	18
74	2
97	3
67	2
10	5
22	2
65	2
14	2
17	2
65	1
17	10
39	1
88	1
9	11
19	1
16	4
52	11
73	3
10	1
90	1
5	1
64	1
70	2
57	2
2	6
19	1
73	1
39	5
51	2
81	1
57	5
32	1
88	1
60	2
95	1
68	2
12	10
21	3
12	1
71	1
1	1
36	1
50	2
37	6
72	3
21	19
17	1
87	2
7	2
1	1
48	4
5	1
51	1
92	1
53	4
79	1
56	1
29	2
39	3
57	2
35	2
89	4
32	12
7	17
22	2
91	8
27	4
79	2
71	14
43	1
85	1
79	7
87	3
96	12
25	5
87	4
84	1
61	10
50	1
5	6
75	3
43	1
94	1
34	1
44	1
91	3
48	1
71	1
28	2
11	2
22	1
62	3
23	1
72	1
90	4
99	1
22	1
20	2
15	6
31	1
80	2
89	3
41	8
13	3
28	21
24	1
23	1
58	1
60	11
74	1
1	1
72	4
29	4
87	10
31	1
78	1
71	5
80	2
42	8
63	1
70	1
38	1
12	2
79	1
86	3
34	1
66	2
53	1
22	3
94	4
30	8
44	1
72	1
50	1
17	1
31	2
53	2
7	1
46	4
76	3
96	1
16	4
65	2
60	2
10	1
42	1
75	3
92	1
63	1
14	1
9	5
16	4
63	1
28	3
64	1
90	3
63	3
24	5
76	1
17	2
87	2
77	3
98	3
10	2
12	4
91	4
19	2
32	2
84	2
41	1
13	3
58	1
39	13
6	1
68	1
52	1
83	1
67	1
47	5
91	2
3	2
82	5
91	1
55	5
76	2
25	1
29	10
67	28
66	1
34	3
45	3
39	3
12	1
10	1
32	2
71	10
85	1
8	1
69	1
52	1
60	2
87	1
61	2
60	1
24	4
59	1
77	15
46	7
53	2
49	9
7	2
23	3
23	1
69	1
43	1
90	2
100	14
94	2
29	2
86	1
97	2
24	3
45	1
12	1
76	2
86	2
31	2
76	8
89	1
99	3
19	5
36	5
15	9
78	4
34	15
51	1
63	1
55	2
94	2
57	1
30	9
54	2
1	2
16	1
28	1
71	1
5	1
64	3
87	1
66	1
8	5
3	2
89	5
29	9
27	3
3	6
78	1
68	3
89	3
18	4
1	15
63	23
94	2
25	4
71	2
52	17
58	45
51	26
15	2
32	8
16	2
1	17
95	14
75	27
4	1
51	1
32	1
61	1
43	5
57	5
79	5
94	2
66	1
85	1
23	2
24	1
3	1
36	1
97	1
31	5
54	1
7	4
46	6
62	1
4	3
4	2
30	1
69	1
93	3
78	2
22	2
57	11
29	2
24	3
6	1
28	2
87	1
96	5
2	1
24	5
31	5
39	4
76	5
6	2
12	1
87	3
88	1
12	3
39	8
45	1
41	6
54	2
6	1
11	2
63	1
64	13
66	5
57	7
60	1
13	6
49	8
8	3
45	16
55	1
54	1
30	3
23	2
73	10
37	4
39	1
69	1
95	2
55	2
79	1
65	1
37	1
41	1
52	1
16	1
72	2
9	1
15	1
36	1
62	1
21	2
74	1
53	8
27	1
23	3
25	5
47	1
3	6
57	1
24	1
12	2
93	2
47	4
2	9
97	2
58	1
15	5
58	4
4	9
78	1
41	3
17	12
14	3
26	3
73	15
46	1
47	4
55	1
48	6
28	1
22	2
13	1
20	4
7	1
58	5
53	6
37	4
38	3
87	2
24	1
64	1
46	10
59	1
55	4
59	3
2	2
19	1
20	3
88	1
65	3
13	1
47	9
37	4
51	4
99	3
86	3
95	1
23	1
83	1
12	1
11	4
73	17
31	1
71	2
22	5
18	1
55	1
35	23
100	1
69	3
63	1
11	1
37	1
10	6
63	3
11	3
38	5
6	1
80	1
41	2
14	1
39	1
22	1
62	2
62	2
71	2
88	4
33	3
67	12
94	2
67	9
53	2
43	8
75	2
85	1
27	1
24	1
17	1
90	9
71	2
12	4
27	1
26	7
74	1
5	2
20	1
26	1
26	3
82	1
42	2
70	1
64	2
33	1
42	1
62	4
25	2
9	1
23	1
62	2
26	1
66	4
88	9
21	4
60	5
68	1
69	1
21	2
82	2
16	3
78	1
39	2
54	1
58	9
32	1
76	1
89	1
6	2
37	2
93	11
80	8
100	10
97	2
84	2
76	2
52	2
80	1
12	2
40	2
14	3
43	4
32	1
34	1
59	2
63	1
17	25
10	12
94	2
88	12
87	1
79	2
73	1
32	1
96	2
8	3
99	21
1	2
81	6
67	11
4	11
41	1
22	1
41	1
60	5
43	18
47	14
36	1
84	1
6	4
43	2
39	3
15	3
22	1
25	7
85	1
68	1
53	1
78	5
56	1
24	1
83	2
72	4
41	5
89	5
85	3
63	1
23	1
65	1
23	15
84	6
22	3
35	2
41	6
70	1
49	8
98	3
63	11
53	1
27	1
54	1
24	1
37	8
93	2
94	3
95	33
74	2
81	4
41	11
72	1
20	4
54	1
55	2
38	1
72	1
52	35
27	1
92	3
76	1
69	4
3	1
99	1
30	1
87	6
51	2
83	2
31	6
39	2
4	3
48	1
93	6
3	10
77	4
86	3
30	7
25	2
68	1
11	5
5	3
18	2
56	1
29	2
88	5
26	7
47	1
70	9
75	11
62	2
18	1
7	7
53	3
31	1
6	16
69	4
91	1
17	2
90	2
35	1
63	1
71	1
37	10
100	4
64	3
14	5
60	2
80	4
50	2
35	7
56	5
17	5
93	6
95	1
77	1
62	11
92	21
52	2
24	4
91	1
16	1
67	4
75	1
90	1
9	1
31	1
79	1
61	3
31	1
4	1
35	2
49	1
49	2
6	1
56	2
10	1
51	5
50	6
74	1
100	1
15	10
97	1
80	6
68	4
63	2
68	2
88	6
27	1
21	11
59	4
79	13
50	2
96	1
57	1
90	1
55	1
42	2
1	5
12	1
83	1
92	1
75	2
22	1
67	1
36	2
69	1
97	2
46	1
69	2
64	1
61	5
14	5
73	6
75	8
34	1
61	1
10	2
56	5
39	2
25	1
50	3
39	2
16	2
41	2
89	1
94	1
26	2
55	1
72	3
33	1
41	1
34	2
80	5
86	2
66	24
44	2
7	16
65	1
70	1
58	4
14	1
12	1
9	1
89	1
51	7
89	1
18	1
45	1
15	1
20	6
92	1
48	1
49	3
72	4
21	1
81	1
31	8
25	11
13	3
70	5
89	3
58	3
85	1
8	2
84	1
31	7
93	3
76	5
94	1
12	3
27	2
100	1
87	1
47	1
40	1
14	1
79	2
38	1
76	3
13	5
23	7
37	1
25	1
57	15
59	2
84	2
63	1
46	3
58	5
99	9
61	1
28	2
34	1
53	1
10	2
20	1
12	1
100	1
69	11
6	2
27	21
16	1
23	5
89	14
6	7
28	2
51	2
56	3
73	2
45	2
76	2
66	1
73	2
76	1
72	1
71	1
22	12
90	1
100	2
76	1
69	5
22	3
62	1
54	8
88	1
20	3
15	3
2	1
54	6
31	9
10	2
27	1
91	3
78	1
98	2
46	1
60	1
84	3
47	13
59	1
39	1
1	7
14	1
43	2
79	3
44	5
78	1
22	2
89	1
10	15
4	2
3	5
26	1
87	8
27	2
10	5
22	3
70	2
63	2
54	1
89	1
80	1
70	6
33	3
52	30
96	6
49	2
69	2
36	1
49	1
100	2
79	2
19	1
8	3
11	2
74	6
62	1
16	3
58	12
90	3
94	1
15	1
35	2
19	1
90	3
84	6
29	3
13	2
61	1
81	10
38	2
74	2
63	1
30	18
94	2
29	1
56	2
33	14
78	2
64	3
74	7
11	2
61	3
2	6
48	2
45	3
39	1
35	2
11	1
74	1
35	2
43	2
97	5
84	1
81	1
97	5
94	5
57	4
83	1
28	2
91	10
18	4
41	1
34	2
16	2
7	1
61	1
92	1
79	3
87	1
74	10
14	1
43	1
25	1
31	1
10	4
75	1
5	4
30	1
71	1
97	1
100	2
30	18
18	1
70	2
19	1
39	15
13	4
57	2
9	1
41	1
11	2
48	1
35	10
54	2
79	3
37	5
59	1
72	2
78	8
31	3
87	2
32	1
54	2
41	11
27	1
32	1
48	1
52	4
61	2
90	1
59	1
68	10
96	3
96	1
84	1
21	1
47	2
25	2
39	1
15	1
46	1
54	4
29	1
79	1
14	1
79	4
98	9
92	1
37	2
66	3
12	1
45	5
89	1
63	2
34	8
96	1
26	4
24	1
6	3
95	2
73	3
94	1
71	3
16	5
71	3
30	1
71	4
44	6
96	1
90	1
82	1
8	6
34	4
14	1
36	1
61	3
37	2
82	10
38	1
18	1
82	1
42	36
26	2
14	1
43	1
49	4
89	6
35	3
42	2
65	2
60	1
37	1
83	4
55	2
67	2
80	1
24	1
3	1
9	1
69	4
19	1
27	1
77	2
33	1
61	4
47	1
25	1
19	5
4	1
79	2
98	2
69	2
82	1
21	2
87	2
45	1
57	2
64	1
35	1
55	2
44	3
18	1
87	1
79	4
14	1
12	1
66	1
83	1
3	4
92	3
43	1
97	2
58	1
36	4
59	2
91	1
94	2
74	1
49	1
21	4
60	1
24	3
64	1
75	1
60	3
58	2
54	2
4	1
18	3
7	1
32	1
30	1
58	1
8	1
6	2
19	1
12	1
41	2
51	3
92	1
84	1
63	6
59	1
52	2
57	2
3	2
55	2
17	2
38	16
21	4
4	1
59	1
84	2
42	3
69	2
95	5
86	5
93	3
75	2
71	1
54	1
74	4
57	12
24	1
66	1
41	1
87	1
36	8
54	2
56	2
63	1
79	2
59	2
96	1
67	1
67	2
91	1
79	1
82	3
46	2
50	1
67	6
89	5
9	4
80	23
17	2
66	2
93	6
65	2
8	1
54	1
2	2
65	5
95	1
34	8
96	2
30	1
70	1
17	8
60	4
94	12
41	1
22	17
82	1
73	3
69	1
66	1
73	3
51	3
80	1
11	2
19	2
90	4
10	5
18	2
5	1
97	1
22	1
81	2
56	1
44	8
34	1
47	2
92	3
78	3
84	2
98	2
32	4
94	1
44	1
9	3
26	1
48	6
27	8
3	9
85	2
58	1
7	1
77	1
4	2
73	1
45	1
93	2
61	4
68	2
1	2
56	1
85	3
25	1
35	1
45	2
25	6
90	3
10	2
85	1
23	3
4	1
82	1
47	3
86	2
50	2
42	1
64	2
11	9
89	4
19	1
17	1
87	2
77	2
75	1
60	1
73	1
67	1
12	1
48	1
79	1
35	5
53	2
50	2
89	4
61	1
75	1
53	1
82	1
60	1
94	12
4	3
35	1
73	1
87	2
46	10
17	1
88	1
81	3
36	18
28	2
80	2
72	2
15	1
14	1
60	2
45	1
25	1
37	3
80	1
69	3
39	1
57	1
57	2
15	1
59	1
40	4
96	3
70	24
16	11
87	1
42	2
90	1
14	2
67	1
52	4
71	2
75	2
20	2
64	3
27	1
80	14
12	1
78	1
88	1
68	1
20	1
9	1
78	1
39	1
68	1
34	3
32	1
16	6
91	3
37	6
5	1
83	2
94	1
1	2
5	1
10	1
80	4
85	14
93	1
5	1
66	3
1	1
98	1
100	1
99	6
4	3
7	4
71	3
50	6
84	3
90	1
30	24
63	1
30	2
41	1
70	1
75	2
55	2
90	12
59	26
45	1
91	1
53	3
2	5
84	2
8	1
29	2
94	1
2	4
98	6
60	5
100	2
89	1
6	2
63	2
66	1
79	5
61	4
69	1
84	7
50	1
78	1
79	1
22	1
98	3
27	3
90	1
91	1
36	3
8	1
13	8
9	1
85	5
25	4
83	1
57	1
3	1
62	1
57	1
65	3
6	1
62	1
69	5
25	5
53	2
53	1
61	1
11	1
82	9
50	1
46	2
47	3
92	1
81	1
43	5
5	2
88	1
47	1
22	2
63	1
7	2
42	3
80	2
64	2
90	3
76	17
23	8
35	1
82	2
65	1
12	1
28	9
86	1
6	1
97	1
33	4
86	2
22	3
30	1
77	2
54	1
7	2
26	2
41	8
8	2
87	2
25	4
69	1
40	1
70	2
45	2
91	2
80	1
95	1
53	3
81	1
75	1
34	1
79	2
62	3
83	14
56	1
67	8
70	4
49	1
94	1
44	3
75	1
99	2
37	1
43	2
10	1
7	1
20	11
21	1
23	1
34	1
11	6
54	2
57	2
22	2
99	2
85	1
92	1
93	11
87	2
48	5
56	2
42	1
39	3
60	1
66	7
90	36
92	3
59	7
49	1
50	1
48	1
19	7
22	1
19	1
49	1
7	3
20	2
31	2
62	2
22	2
83	1
6	4
58	1
26	1
47	1
4	2
66	1
86	1
36	1
98	3
22	1
88	1
55	1
3	3
8	1
95	1
92	1
19	13
68	4
7	2
24	1
13	2
84	1
79	3
53	1
3	1
83	3
68	1
60	1
53	7
50	1
12	5
4	1
42	1
27	1
89	1
9	4
90	3
50	4
63	5
95	3
29	12
59	1
65	1
21	5
89	1
21	7
15	1
83	3
94	2
55	11
58	1
87	1
59	1
18	1
43	1
38	22
92	1
22	4
66	2
77	6
16	8
59	1
20	1
38	1
49	6
52	1
60	8
56	2
26	2
39	3
40	1
42	3
23	1
90	3
57	1
95	1
15	4
54	1
93	3
52	1
36	1
50	1
92	1
64	5
81	1
89	1
81	2
54	3
45	4
92	3
13	1
25	1
42	5
66	1
73	2
78	2
71	2
6	1
83	9
31	2
75	1
38	2
2	4
59	3
37	2
99	2
91	2
29	3
4	7
69	2
14	1
88	1
76	2
97	1
67	2
24	1
51	1
48	1
55	1
97	1
59	1
92	1
21	1
84	4
17	1
5	4
53	6
65	1
89	4
37	2
93	2
48	17
24	1
46	1
53	10
21	2
41	1
64	4
36	3
41	1
3	3
86	5
89	7
83	2
15	1
84	1
35	3
53	1
25	2
40	1
92	1
92	2
75	1
96	2
1	2
66	1
33	1
58	3
52	1
2	8
62	1
25	7
67	8
58	1
27	1
72	30
8	2
53	5
69	2
44	1
89	1
24	9
59	2
98	4
76	1
28	1
87	1
37	3
34	5
99	7
42	2
30	2
84	1
82	2
82	2
73	1
37	4
95	1
32	1
9	1
42	3
95	1
92	3
32	3
28	3
37	6
52	4
69	2
47	2
91	3
31	5
2	1
62	1
14	8
87	1
51	1
62	2
7	6
80	5
30	5
72	2
76	2
83	1
13	2
50	13
61	3
17	1
48	1
10	5
74	4
35	1
28	4
73	10
100	1
76	2
10	1
98	3
73	1
33	5
61	2
88	2
14	1
35	1
38	1
26	1
45	1
39	4
59	16
6	11
14	2
39	2
80	6
60	8
68	3
38	5
26	1
100	5
33	1
52	1
83	5
34	1
40	3
98	3
35	1
55	4
89	4
71	1
33	1
24	2
74	1
79	1
90	3
42	2
64	1
96	1
73	1
24	3
5	2
9	2
29	3
38	1
60	1
88	1
91	3
95	1
76	4
67	13
2	1
91	1
52	2
15	1
19	8
87	3
12	1
13	1
9	2
60	1
58	1
15	1
10	5
16	1
33	2
2	1
41	1
56	1
30	3
19	1
60	1
70	1
99	1
14	1
31	1
31	1
72	1
40	1
6	1
18	1
40	3
76	1
11	2
75	3
53	1
39	1
49	1
87	2
41	2
58	1
25	1
64	2
84	1
28	5
14	1
79	7
17	1
85	2
37	1
19	1
56	1
56	1
17	1
3	2
46	1
80	9
99	2
17	1
50	5
23	2
93	3
67	1
6	1
88	1
14	1
34	1
66	3
24	1
83	2
91	1
89	10
1	2
17	1
73	1
65	1
32	35
47	1
18	1
53	4
50	1
62	2
38	1
24	2
61	3
91	1
90	3
24	1
70	3
11	1
61	2
88	3
36	4
42	1
41	3
57	6
63	2
25	15
48	1
64	2
58	1
62	1
37	1
90	2
29	1
99	5
79	6
33	11
75	2
66	7
71	1
5	2
95	1
84	3
28	2
2	4
5	1
37	1
100	1
98	1
77	9
70	2
85	3
20	3
80	4
26	1
62	6
35	2
10	4
98	2
69	1
78	1
13	2
66	3
91	2
41	3
63	1
26	2
15	4
58	1
34	2
96	3
64	1
51	2
51	3
14	5
98	8
45	1
5	10
75	6
77	3
66	1
28	4
91	1
89	1
88	8
83	1
17	2
68	2
71	1
19	2
89	1
26	7
31	13
99	2
29	1
71	1
66	2
89	2
91	1
56	1
51	2
16	2
35	1
38	1
53	1
92	2
25	2
78	2
51	5
11	16
2	1
25	1
30	5
27	2
42	1
2	2
71	22
62	1
100	3
62	1
8	2
44	2
23	4
90	1
100	6
4	2
32	4
73	2
44	1
32	1
81	2
80	1
50	5
60	1
45	1
4	7
79	4
35	25
72	1
77	3
75	1
76	5
59	2
66	4
99	1
91	1
30	1
33	1
16	3
31	7
66	1
63	1
32	2
48	1
72	1
78	2
4	1
51	1
53	1
20	1
64	3
81	3
85	3
27	1
57	1
11	12
42	4
69	1
73	1
32	1
92	14
41	1
66	3
60	1
10	2
72	24
42	1
70	2
68	1
29	8
5	1
50	1
15	2
75	7
38	2
82	1
19	5
75	6
16	2
5	1
18	5
49	1
31	1
88	1
18	1
27	8
58	1
23	10
98	2
62	2
56	2
64	11
16	2
62	1
77	1
7	1
46	3
56	3
77	3
26	1
14	3
19	2
80	1
46	1
90	1
64	3
1	10
71	1
22	4
98	8
1	1
95	2
62	2
74	4
48	6
35	2
55	15
83	5
98	1
14	2
34	3
84	20
9	4
1	2
89	1
79	2
5	1
35	1
26	2
60	4
58	1
85	2
51	25
49	2
94	3
86	1
92	9
12	3
74	5
81	1
13	2
51	2
87	4
38	2
96	1
88	1
95	1
69	3
90	1
96	1
79	3
13	2
2	2
21	17
39	15
41	3
15	11
23	23
79	1
64	8
9	2
30	5
74	3
51	12
15	3
97	2
78	1
67	1
84	1
58	2
92	1
24	1
40	2
7	1
58	5
95	1
73	2
72	1
22	1
9	4
71	2
32	2
66	8
31	1
37	1
71	19
37	2
85	2
92	4
45	3
65	1
18	3
62	3
34	5
14	3
22	1
51	2
83	2
3	6
64	5
52	1
18	6
32	3
63	3
45	1
75	1
49	1
97	4
84	2
97	1
76	1
32	3
76	2
93	1
79	2
69	1
94	1
70	5
92	11
3	2
95	4
49	1
72	3
5	3
80	1
55	1
24	2
33	2
4	1
80	1
85	1
67	2
38	6
7	4
72	1
17	2
90	1
60	2
15	11
72	1
70	2
48	1
16	1
95	2
9	1
56	2
74	1
23	11
10	3
91	10
43	1
98	1
29	1
49	2
26	6
36	1
51	2
91	1
19	2
89	7
62	1
19	1
18	1
49	4
75	3
60	2
3	1
4	2
19	1
73	9
77	1
42	2
46	1
44	2
72	1
90	4
28	1
72	2
54	1
76	1
63	2
48	1
97	1
95	3
7	1
62	3
78	5
9	5
38	6
39	5
88	1
45	2
89	2
64	3
88	10
73	3
78	2
15	4
74	2
92	1
80	6
15	2
7	3
84	4
80	2
56	5
3	1
34	1
68	1
36	1
39	1
57	1
79	2
42	1
83	2
84	2
86	22
23	1
26	5
92	1
32	1
23	11
52	12
28	4
56	7
26	1
22	3
63	1
56	1
56	1
37	1
56	1
41	3
71	2
87	1
22	8
13	8
4	1
52	1
35	1
98	15
6	3
97	2
23	2
23	2
93	1
69	4
38	4
77	2
75	3
73	4
86	4
92	1
1	1
72	1
55	3
98	3
41	3
31	2
97	1
93	1
68	3
89	1
21	3
16	1
33	1
95	1
74	2
58	6
33	2
61	2
3	3
50	2
4	3
9	2
37	5
93	1
65	2
13	16
51	2
36	2
16	1
52	4
68	3
67	1
42	2
91	1
88	4
90	10
24	13
95	3
3	2
67	3
20	5
57	1
7	2
4	4
74	1
15	7
68	2
44	1
11	1
5	3
26	6
93	2
96	1
12	1
77	1
18	1
9	2
18	1
69	2
40	4
32	2
86	2
90	7
60	2
15	1
2	4
61	1
92	1
84	7
55	8
33	1
8	1
1	4
7	1
3	4
15	1
56	9
85	2
81	7
97	4
11	2
39	19
43	1
27	5
33	2
89	1
8	1
57	1
26	9
29	1
65	1
65	1
94	2
64	5
44	2
74	2
9	4
77	1
94	1
80	1
88	1
95	5
17	3
3	2
18	1
73	6
25	3
53	1
38	8
44	2
80	11
87	1
81	1
43	3
17	2
56	5
95	7
51	1
6	1
56	1
87	2
57	12
68	7
28	1
77	5
38	3
40	2
97	2
38	2
98	43
65	2
62	1
7	1
21	16
68	3
87	2
7	2
64	3
51	1
79	18
14	2
88	1
43	6
25	4
26	12
38	1
79	1
1	1
62	1
49	6
1	1
86	1
77	5
34	3
43	1
10	4
84	1
14	3
32	2
58	1
64	1
100	8
93	1
30	4
77	1
38	2
12	1
89	6
23	1
19	3
89	5
25	14
77	1
98	14
28	2
65	3
1	4
84	2
68	3
2	5
43	3
25	1
61	3
94	1
38	3
51	2
43	3
50	3
13	3
27	1
57	2
30	7
59	1
1	1
30	1
73	1
40	6
77	2
14	6
86	1
37	4
82	16
64	9
50	1
34	4
68	1
23	2
47	1
14	3
10	4
1	1
70	3
83	2
96	2
72	1
52	1
21	5
91	1
15	2
12	2
20	44
90	4
27	2
74	3
86	4
38	3
69	2
82	1
5	3
99	3
9	1
35	5
34	2
65	3
18	26
100	2
6	1
83	1
28	1
28	8
43	2
3	6
24	1
65	1
12	1
55	6
17	1
54	6
19	4
3	2
98	3
76	1
43	1
39	2
18	2
87	1
84	7
74	2
77	1
87	2
5	1
61	1
86	1
24	2
35	4
91	1
79	3
87	3
28	1
95	1
43	5
56	1
74	8
85	13
71	3
91	1
15	1
100	1
68	14
4	3
52	10
86	1
65	1
7	6
48	5
89	9
86	3
20	21
77	3
13	2
78	1
77	1
57	1
45	1
3	1
78	2
46	5
89	1
86	1
54	2
48	1
27	2
89	3
95	1
54	2
15	4
62	8
76	12
20	1
42	1
19	2
28	21
33	1
78	1
63	1
55	1
76	3
94	2
31	5
81	4
47	5
20	10
91	1
79	2
18	2
83	14
43	1
4	1
30	1
97	1
16	1
53	2
83	2
8	2
38	2
54	1
87	1
96	2
71	1
38	2
98	8
79	1
83	6
18	3
68	2
56	4
68	1
26	10
10	1
68	1
73	3
34	1
97	1
36	26
7	1
58	9
45	2
95	2
22	4
43	1
30	29
76	2
61	4
52	1
86	2
68	1
91	10
20	1
83	1
57	3
80	9
45	6
53	1
7	3
55	1
67	1
50	2
86	5
95	2
32	1
7	1
41	3
52	3
87	4
67	2
27	1
60	1
73	3
61	10
38	3
79	2
4	1
98	2
42	1
77	1
23	11
75	1
31	2
75	1
64	13
11	7
90	2
12	2
33	2
45	3
40	3
27	1
55	1
35	2
16	4
24	4
45	1
5	9
28	1
95	1
23	5
81	1
26	2
77	8
17	1
28	2
48	1
2	14
82	1
1	1
50	1
38	6
73	1
72	6
24	1
44	2
22	2
61	2
20	3
4	2
62	1
95	1
89	1
62	1
35	3
18	2
37	1
29	1
1	1
62	1
17	4
74	5
80	1
84	1
76	4
87	8
71	1
50	2
29	1
81	1
25	1
47	2
57	2
22	2
27	6
86	1
39	4
81	4
97	3
70	1
4	4
13	1
37	2
36	2
24	4
81	2
70	4
9	1
54	2
87	2
17	1
24	2
31	1
25	2
20	3
51	1
2	3
100	1
28	1
7	1
55	1
99	1
66	1
2	2
40	1
99	1
60	1
63	2
78	2
20	1
85	6
72	2
36	2
27	1
58	2
14	3
72	5
88	1
22	3
56	9
29	1
21	2
80	2
81	1
73	11
57	1
22	2
94	2
51	1
24	1
58	4
24	11
52	1
70	2
52	1
37	1
82	2
71	1
43	1
69	5
3	4
24	4
5	4
84	1
42	1
19	1
95	6
83	1
5	2
22	2
28	6
40	3
71	2
74	3
61	2
81	1
20	1
90	2
25	4
35	2
32	1
20	1
46	4
28	3
54	11
11	10
12	2
95	1
60	1
47	2
62	7
87	2
83	1
61	1
2	1
77	3
99	1
15	2
98	2
46	1
44	2
89	1
58	1
88	1
54	3
41	7
13	2
100	1
56	3
6	5
54	1
93	4
77	1
48	2
50	3
30	1
53	1
99	1
52	1
78	2
24	1
72	3
50	4
87	5
31	1
65	4
25	1
40	1
16	2
28	1
84	1
13	1
78	1
97	1
1	2
85	2
96	2
64	1
80	1
53	1
94	3
98	3
26	2
72	2
76	5
62	10
11	28
46	2
37	1
68	1
20	1
64	9
60	3
64	2
30	1
53	2
85	3
93	1
39	2
6	1
18	5
77	1
45	2
15	25
68	4
21	1
34	3
6	2
11	1
36	1
36	2
67	1
89	2
33	1
27	2
46	11
9	1
24	4
100	1
85	3
72	5
58	5
41	1
1	1
83	1
95	2
23	1
42	1
23	1
43	3
69	11
97	2
65	1
82	4
9	1
84	2
75	2
36	1
56	1
17	1
24	6
60	1
75	3
62	2
80	2
50	4
43	8
76	1
17	7
71	1
27	1
57	2
99	1
15	1
33	2
43	3
94	5
54	3
56	2
17	3
70	2
34	2
64	4
71	1
18	3
10	1
99	8
96	6
10	7
2	1
44	2
50	4
98	1
57	3
70	24
87	3
43	3
51	6
81	1
39	1
65	1
45	4
65	3
11	8
1	1
68	2
8	4
85	1
72	3
58	3
17	9
79	4
68	4
18	9
53	2
49	1
7	1
32	1
84	1
97	5
58	2
31	1
33	1
22	1
7	2
96	1
26	1
87	1
7	1
44	4
63	3
81	4
36	5
91	4
58	1
54	13
4	4
80	1
51	3
44	1
31	2
37	3
65	1
53	1
30	4
87	1
92	4
64	1
82	2
50	1
93	2
55	1
92	2
36	1
39	10
3	1
21	1
29	1
13	2
61	2
82	1
37	3
17	3
4	2
6	2
37	1
9	6
98	1
81	8
93	1
15	1
91	3
86	1
72	4
5	11
44	2
82	2
10	1
32	2
48	6
19	9
87	4
79	1
30	2
20	2
81	1
21	14
72	1
94	1
61	2
79	6
87	1
36	1
62	1
14	2
4	2
45	2
62	2
77	1
85	1
16	2
81	2
39	1
99	1
48	1
82	1
62	2
90	21
69	4
17	2
60	2
17	2
14	2
78	2
20	6
38	2
78	1
75	2
22	1
1	1
83	1
99	2
54	5
94	1
91	2
55	2
33	1
58	1
100	2
40	2
1	3
10	1
98	1
47	4
9	1
92	1
32	3
87	1
82	15
59	1
45	1
26	2
88	1
27	4
23	2
10	1
46	3
53	1
55	2
15	1
49	1
57	9
100	1
70	2
79	1
4	2
97	4
5	7
65	5
76	3
1	1
61	1
56	5
41	2
16	1
28	3
17	1
49	1
83	2
48	2
97	8
89	1
32	8
30	1
27	1
34	1
41	3
25	3
60	1
9	1
76	1
91	4
76	2
59	1
8	2
71	1
60	1
2	1
55	4
91	6
87	3
60	1
23	3
75	4
53	1
60	5
75	1
23	7
41	5
7	1
38	7
57	1
40	17
40	4
40	11
28	1
59	1
4	5
23	1
14	5
17	3
6	1
75	17
92	2
60	3
68	1
79	9
97	2
85	3
65	1
19	7
53	2
78	1
9	2
38	1
78	1
46	4
96	11
14	1
40	1
36	2
73	5
34	4
33	2
58	2
45	1
40	4
56	1
4	5
21	1
37	1
98	2
37	2
54	20
79	2
27	1
99	3
81	1
72	2
53	1
13	3
8	3
97	2
72	3
78	1
45	2
94	7
48	2
87	1
83	1
94	2
84	1
12	4
28	1
80	1
16	2
33	2
95	27
90	1
33	2
62	1
33	4
72	5
88	6
80	2
75	2
31	1
69	5
73	7
76	3
79	1
95	1
18	1
44	1
11	1
25	1
5	4
30	1
88	1
38	3
38	2
44	4
74	1
61	2
59	2
2	1
31	2
52	1
89	1
58	2
23	4
22	1
91	2
55	1
71	1
50	1
7	12
80	5
9	2
78	2
80	7
8	1
78	14
62	3
6	2
16	2
54	6
7	1
43	1
26	1
56	9
25	4
72	1
94	1
47	2
98	1
53	1
41	1
17	2
48	2
73	1
2	9
52	1
74	2
20	2
59	1
26	1
88	1
90	3
80	1
3	2
14	5
34	3
37	1
60	1
24	2
98	2
10	1
84	1
47	3
33	1
29	1
91	2
10	1
49	2
19	1
18	1
10	2
90	2
53	1
81	9
33	8
52	1
79	4
28	1
89	1
81	2
22	4
84	1
54	1
20	1
87	2
56	1
39	3
41	2
46	1
70	1
50	12
23	2
59	2
56	2
62	11
67	4
10	1
65	1
34	1
87	1
24	8
67	6
91	1
57	27
31	7
66	4
51	1
12	18
38	2
8	1
7	1
85	1
77	2
31	2
85	1
34	1
63	1
75	2
59	1
41	1
61	1
21	1
47	2
73	13
52	4
87	1
6	1
74	3
72	1
96	11
77	1
69	1
80	1
44	3
77	3
79	1
94	7
1	9
31	2
76	3
56	1
92	6
84	1
99	1
25	4
64	1
26	38
40	2
26	1
95	1
71	2
43	1
24	1
56	1
19	1
40	1
96	1
40	1
99	1
38	4
84	6
25	1
84	17
66	2
51	3
15	2
37	3
40	1
52	1
66	17
81	2
48	9
87	2
59	2
77	1
60	3
49	4
20	12
100	1
45	1
2	1
26	1
19	2
2	2
64	2
44	4
75	1
72	1
30	2
97	1
77	6
17	1
92	2
9	1
25	3
44	5
67	1
68	1
38	1
59	1
87	1
44	2
44	1
73	5
96	1
78	5
29	3
49	22
82	1
63	5
13	8
36	3
79	5
16	5
23	1
16	1
27	1
73	2
78	2
95	2
69	2
98	4
18	2
18	2
7	3
8	3
38	1
2	2
49	2
32	1
94	1
83	4
63	12
41	1
55	5
65	1
11	5
73	3
60	6
30	5
69	3
36	1
84	1
75	2
5	4
55	1
57	3
69	1
48	1
11	2
48	2
77	1
37	1
89	1
90	1
13	2
59	5
17	1
37	2
25	1
48	1
43	3
72	1
75	1
24	1
72	3
12	1
33	1
49	4
95	24
43	1
49	1
6	2
94	3
59	2
87	2
53	1
14	1
95	1
94	1
77	1
94	2
66	8
87	1
3	1
4	1
39	1
98	2
68	1
90	2
14	8
36	2
60	2
42	1
41	1
25	1
52	1
57	2
47	1
83	1
76	1
47	1
90	1
63	14
87	3
87	2
80	2
70	1
74	3
45	2
49	1
36	1
38	10
69	4
87	1
86	3
89	3
29	7
27	2
38	1
94	1
17	2
49	9
16	3
52	1
89	8
29	1
5	2
67	1
2	3
76	2
68	1
70	8
45	1
38	1
14	6
58	1
8	2
20	3
80	1
82	1
75	2
91	4
80	1
4	1
63	1
72	7
46	5
77	1
89	1
75	2
48	2
84	4
90	1
77	2
77	1
89	1
24	2
30	1
40	3
36	3
15	1
83	1
99	8
53	1
76	2
93	1
11	2
78	2
82	4
21	2
17	2
10	1
91	1
95	3
76	1
36	1
88	2
2	22
29	2
25	2
81	2
28	2
45	1
43	7
63	1
85	5
75	1
23	1
36	2
100	1
98	1
53	1
5	1
70	4
7	1
90	1
64	3
31	3
77	3
34	1
40	2
22	2
15	1
83	3
12	1
13	4
69	1
93	1
70	1
10	5
61	1
68	1
19	2
31	10
74	2
87	1
86	2
79	3
4	1
3	5
47	1
76	2
84	1
91	3
82	1
33	5
51	2
17	6
49	3
17	7
64	3
87	1
62	1
1	2
30	7
32	5
22	2
94	6
26	5
9	2
88	4
53	2
93	1
12	9
69	8
16	5
34	1
32	4
71	3
64	4
39	1
31	1
53	1
16	4
11	1
89	1
70	3
89	2
63	1
55	4
79	1
62	2
76	1
10	1
29	2
1	1
71	4
31	2
6	1
53	1
75	1
14	3
34	2
57	1
53	4
26	1
85	4
46	2
36	2
9	3
32	6
35	1
91	1
77	6
64	8
64	1
74	2
33	1
83	1
7	1
4	7
70	1
75	1
100	1
74	1
77	9
69	6
12	2
81	2
7	8
73	1
33	2
51	2
56	7
57	1
67	2
98	3
1	8
3	3
85	2
60	7
37	1
24	1
40	2
40	4
99	8
20	2
61	1
99	12
54	4
34	1
68	1
60	1
54	3
67	2
41	10
50	3
59	1
29	2
81	2
47	10
83	4
62	2
39	1
15	1
16	2
64	1
30	4
2	1
36	1
24	10
98	1
57	1
98	2
5	2
57	1
10	4
21	2
86	7
83	3
51	3
99	2
32	3
88	5
14	3
5	1
55	2
62	18
10	3
48	3
89	3
69	1
96	2
21	3
1	11
85	4
5	3
69	15
15	6
21	4
35	4
17	7
78	1
51	2
36	19
5	3
55	1
26	1
14	2
34	3
53	2
17	2
5	2
44	1
96	4
98	1
92	2
18	2
91	6
60	6
19	1
7	7
37	1
74	3
82	3
68	1
29	2
42	2
72	9
3	1
53	1
97	2
66	2
17	1
86	1
86	1
92	4
28	2
76	2
82	1
12	1
90	2
84	2
76	1
19	2
25	3
81	1
67	2
39	1
54	3
63	1
80	10
83	1
34	2
60	1
14	3
67	1
62	13
37	2
8	1
66	5
26	3
5	6
92	1
78	5
71	2
87	1
47	1
56	2
26	3
51	1
85	1
93	1
71	2
34	1
36	4
62	7
45	3
8	1
65	3
84	1
29	1
84	4
39	1
59	8
6	1
55	9
77	1
40	1
80	1
77	7
24	1
79	3
8	6
7	2
22	3
7	1
12	3
29	1
34	2
17	1
47	3
85	3
22	2
22	1
50	7
19	1
88	3
93	1
34	3
19	5
41	6
9	3
72	6
53	1
76	1
47	1
92	3
50	4
56	1
17	1
21	5
81	1
83	4
6	1
76	2
26	1
54	2
71	1
76	1
81	1
43	2
77	1
58	1
50	1
49	1
73	1
52	1
28	2
30	1
53	3
9	1
24	23
65	3
90	2
68	1
42	3
97	3
100	1
44	2
71	2
67	1
12	2
48	1
4	1
24	12
38	5
87	4
50	4
59	1
90	1
9	3
41	5
49	1
62	4
41	2
88	4
27	2
30	2
42	1
7	1
41	1
1	1
58	2
29	2
88	1
46	2
1	1
4	1
78	1
97	2
1	2
29	2
88	1
5	2
43	1
46	1
7	1
66	2
47	4
32	2
64	4
86	1
15	6
68	6
58	1
65	3
1	5
89	2
55	3
68	1
8	3
36	1
10	2
30	3
94	1
94	3
41	4
24	2
71	1
50	8
8	20
91	3
60	3
47	3
76	2
63	6
79	2
100	1
98	2
96	1
45	2
52	1
71	1
40	1
70	1
21	1
56	2
88	1
94	1
28	2
100	1
55	1
39	6
17	10
87	2
31	2
4	11
16	1
12	2
67	1
49	2
62	4
2	2
18	2
35	1
15	1
39	2
63	4
26	1
69	2
95	2
95	1
84	3
24	1
69	7
80	1
81	19
72	2
91	1
28	1
38	1
11	2
14	2
56	1
56	1
51	4
74	1
1	7
58	1
56	2
18	3
99	1
28	2
83	5
11	5
47	2
55	3
27	6
33	2
6	2
10	3
91	1
56	1
44	8
66	2
44	1
38	2
36	2
64	1
35	1
31	3
26	1
89	1
56	1
91	3
9	6
21	2
87	8
41	3
94	3
81	3
93	3
30	2
35	1
50	2
72	1
1	2
69	1
5	1
61	3
38	5
47	2
20	2
38	3
63	1
71	1
19	2
65	5
95	1
46	3
19	1
29	1
17	2
59	1
73	1
68	2
41	4
24	3
47	2
24	3
44	1
8	2
9	2
14	5
75	1
99	9
79	1
16	1
76	2
69	5
46	5
62	3
2	10
49	1
97	1
60	1
18	3
54	8
92	18
33	7
26	1
11	1
10	6
51	1
53	5
36	1
59	9
87	1
33	5
59	1
59	2
21	1
89	3
6	1
41	2
50	3
21	1
73	16
38	2
66	5
98	2
91	1
50	1
67	2
16	2
63	1
47	1
2	4
61	14
19	16
97	2
70	1
79	2
98	1
22	1
62	3
16	3
27	10
33	1
50	1
22	3
74	1
100	6
6	1
86	2
65	2
43	1
3	2
80	4
42	1
67	1
24	5
59	2
50	3
94	2
91	1
16	1
38	2
43	1
78	2
19	1
14	6
28	2
39	3
21	1
12	2
86	14
73	3
36	1
88	2
25	2
100	2
46	2
10	1
80	3
67	1
81	1
16	3
53	4
19	4
85	5
63	2
68	2
66	1
61	1
87	1
35	1
81	2
23	32
19	1
29	2
56	1
69	2
21	7
76	1
97	3
72	4
34	1
46	1
45	1
56	6
47	8
69	2
21	9
16	1
97	5
75	1
58	2
27	3
20	2
69	2
66	1
28	2
31	11
1	1
83	2
58	2
49	9
55	1
21	1
59	15
18	17
21	1
33	3
5	1
100	1
20	1
64	1
67	3
72	2
21	1
27	1
82	1
8	1
96	3
9	1
97	1
92	1
57	1
67	2
79	1
85	3
35	6
97	1
94	2
21	1
73	2
44	1
26	6
41	1
83	10
28	2
32	2
100	3
98	8
1	1
85	1
26	1
85	1
72	17
42	2
92	1
43	8
20	6
42	3
41	1
14	4
55	1
42	2
84	2
21	1
67	1
21	1
23	2
66	5
83	11
90	11
74	1
13	1
52	6
5	2
30	2
64	2
66	2
90	1
44	1
85	1
66	3
5	1
62	4
87	3
30	1
22	2
12	3
47	8
40	3
6	2
73	1
57	3
26	1
40	2
56	2
82	2
81	5
61	2
8	1
37	3
75	1
43	3
45	3
100	2
97	4
57	1
78	8
59	1
58	3
75	8
74	1
86	6
93	1
95	48
45	1
89	5
41	1
8	2
77	1
21	7
15	6
93	1
41	7
46	4
49	1
63	1
79	6
27	5
97	1
24	1
56	1
63	1
47	7
33	21
28	3
47	1
81	3
34	4
91	2
18	20
55	1
65	4
31	2
5	4
16	12
20	18
91	1
18	5
4	1
64	2
2	3
74	1
50	1
54	1
42	2
30	4
55	1
30	2
37	3
65	2
13	1
74	1
70	25
96	1
41	2
5	8
70	1
28	5
36	3
10	1
56	6
26	2
37	3
100	2
40	1
28	12
3	2
10	1
43	3
46	2
65	1
81	2
79	2
56	1
92	2
95	2
7	1
14	14
74	1
71	1
32	1
68	2
2	2
6	1
35	1
31	1
52	1
88	1
22	1
96	1
59	1
65	1
62	2
12	1
42	7
52	2
32	5
58	3
100	1
29	2
66	1
88	21
22	2
47	1
69	3
9	2
36	1
96	1
2	1
35	14
40	7
19	2
9	1
8	8
91	1
98	4
47	2
26	1
12	1
64	2
18	1
11	3
48	1
53	2
64	1
95	4
77	3
30	1
92	1
48	5
24	3
91	3
82	1
91	3
39	5
28	2
29	4
64	2
95	2
76	2
7	2
17	2
86	2
71	3
82	1
63	1
15	1
27	7
20	2
44	1
74	3
18	1
9	2
29	2
49	2
65	1
77	1
41	1
78	2
91	1
33	9
15	18
58	1
98	2
10	1
39	1
63	3
37	2
42	1
78	2
21	2
49	2
74	2
11	1
56	1
61	3
58	2
38	9
68	1
95	3
79	2
65	1
94	1
64	1
18	1
76	1
82	1
88	1
17	1
57	2
3	8
63	1
43	12
78	2
38	53
92	4
9	2
56	3
60	7
88	3
59	2
20	4
91	2
98	3
8	2
30	1
22	5
21	1
43	1
27	2
22	2
99	1
29	2
84	3
25	4
17	2
86	6
79	2
46	2
35	1
82	15
15	1
8	1
72	3
85	8
86	1
19	1
88	1
91	1
86	1
93	5
2	1
42	7
7	1
9	1
93	5
57	1
97	3
94	1
71	3
17	4
88	1
40	1
33	1
49	3
97	7
25	2
24	3
78	2
5	6
74	1
28	1
56	6
99	2
92	4
31	3
24	5
47	1
97	2
45	1
49	2
43	1
91	3
39	3
99	2
6	1
92	16
54	1
8	2
47	10
72	1
11	3
48	2
15	1
87	2
45	11
4	3
60	3
4	2
13	1
45	2
74	2
2	2
34	27
83	1
12	2
9	2
53	12
30	7
4	1
78	1
4	2
87	1
26	1
17	1
92	2
8	1
48	5
95	1
70	1
12	1
83	1
7	1
80	1
54	1
57	2
35	7
63	2
26	3
10	8
77	2
54	1
17	1
45	1
33	4
40	8
99	5
17	2
9	2
94	4
83	1
44	10
61	1
37	1
45	2
80	1
51	1
5	1
86	19
82	4
66	6
14	17
95	2
22	2
30	3
16	3
68	4
80	1
16	2
17	2
17	2
33	3
33	1
86	2
37	1
39	2
40	2
18	1
86	3
41	4
57	1
30	1
67	2
55	5
80	1
94	1
71	2
15	12
14	3
24	12
71	1
4	11
19	1
96	1
12	1
23	1
45	4
44	4
17	1
45	1
21	2
96	2
64	4
50	1
62	2
79	2
40	4
94	7
7	13
13	1
29	3
37	3
91	5
36	1
82	1
6	2
70	1
49	2
64	2
15	1
24	1
9	1
79	1
24	2
46	5
54	1
75	1
51	1
74	1
75	1
18	4
60	1
33	1
24	4
59	7
73	6
35	1
96	3
38	1
1	3
58	1
61	9
47	2
100	8
49	1
78	14
6	2
57	1
98	5
38	4
22	1
89	2
94	1
72	1
6	1
17	9
77	1
95	1
89	5
95	2
20	14
7	2
61	12
18	1
46	2
65	1
68	2
74	5
40	5
95	1
68	1
60	2
41	4
19	2
99	3
69	5
88	5
98	6
89	1
58	2
22	5
53	25
79	1
2	1
75	1
67	9
12	3
90	13
31	2
84	1
76	2
51	2
79	1
12	1
68	1
53	2
47	27
30	1
84	1
48	5
32	4
4	1
40	1
46	1
5	1
51	4
32	1
96	5
54	2
77	1
79	1
61	1
86	1
3	1
26	1
83	2
63	1
51	1
31	1
24	4
76	1
20	1
31	1
17	3
73	1
56	5
77	1
28	4
11	1
35	2
31	2
92	1
55	1
47	1
41	1
76	2
48	1
74	2
61	10
66	1
38	1
88	1
41	1
29	1
97	2
86	1
84	1
72	5
22	2
26	1
44	2
29	4
48	1
73	7
48	1
45	2
10	1
52	10
99	1
1	5
46	1
73	3
67	5
70	3
19	23
54	6
1	2
5	3
89	1
12	5
14	2
73	1
92	1
25	4
7	3
88	2
16	3
85	1
9	1
26	3
54	1
88	2
14	3
5	1
68	2
41	1
25	1
8	2
89	2
58	4
9	12
100	1
57	4
10	1
42	5
43	3
14	6
52	1
74	1
32	9
25	4
78	1
38	1
68	5
17	1
25	3
74	1
1	1
12	2
99	1
96	1
52	1
23	1
40	5
11	3
94	2
48	7
87	1
56	1
66	1
83	6
100	1
18	1
38	2
65	1
86	2
28	17
22	1
39	1
3	1
88	3
36	2
66	7
23	1
29	2
48	1
31	3
19	8
3	4
81	1
43	20
28	4
54	2
24	1
65	4
45	1
21	2
87	1
55	1
11	2
50	1
45	1
10	1
31	9
18	1
79	1
80	1
34	7
58	1
77	5
35	1
27	7
53	1
45	1
26	1
41	4
18	1
58	1
48	3
90	1
3	1
29	1
26	1
67	3
23	16
10	7
68	1
63	1
100	2
79	24
67	2
52	2
56	1
14	2
50	3
25	6
71	4
86	1
71	4
84	1
99	1
49	1
80	6
38	1
22	1
4	2
38	12
27	1
17	2
53	2
43	2
21	1
85	6
13	1
11	3
47	2
92	5
79	3
10	3
50	2
35	1
23	1
12	1
21	2
41	3
45	1
53	1
51	3
76	6
44	4
15	1
98	10
89	3
77	1
43	2
81	2
35	9
5	4
55	7
26	1
2	7
33	1
39	1
95	1
51	6
51	1
33	3
23	1
76	1
19	3
81	1
51	9
5	3
61	1
32	1
10	1
59	3
90	20
29	2
63	5
75	6
48	19
66	3
27	1
73	1
63	1
47	2
68	3
20	1
66	2
17	1
35	5
20	2
77	1
61	1
31	14
56	1
93	1
52	1
62	1
20	2
29	1
89	1
21	1
28	3
59	16
12	2
24	1
22	1
83	1
42	2
68	3
95	1
18	2
34	10
22	1
55	1
71	2
50	5
3	3
28	3
26	3
59	1
73	1
4	4
61	4
21	5
42	4
91	1
13	2
42	6
29	1
87	6
91	5
93	4
18	1
6	1
10	1
47	8
95	2
37	5
94	5
86	1
24	2
99	2
4	6
73	1
88	2
34	1
99	1
74	1
97	1
62	1
95	1
39	1
9	2
48	3
36	1
42	1
61	1
46	6
31	2
99	4
81	3
99	4
9	1
47	1
4	2
62	2
68	2
39	17
80	3
30	1
72	3
78	3
62	4
100	1
45	3
62	19
34	6
55	1
33	14
51	1
61	1
85	2
68	1
55	1
14	3
66	1
7	5
68	5
69	1
61	6
21	5
89	6
34	2
99	2
48	2
53	2
17	3
39	2
65	1
83	2
30	2
62	3
90	1
4	1
52	1
23	1
90	6
77	1
10	1
41	1
28	6
69	1
34	3
27	1
53	2
75	1
56	3
17	2
21	1
7	1
88	1
43	4
43	1
4	1
45	1
62	1
40	1
15	10
89	2
23	6
2	5
22	5
89	1
6	1
15	1
80	6
44	1
83	2
92	3
43	6
81	1
60	6
85	2
97	1
20	3
66	1
21	1
82	1
30	1
70	1
3	4
49	13
75	1
37	1
16	2
6	1
86	12
20	2
96	5
47	2
87	31
39	1
52	1
20	1
60	1
28	1
89	2
60	1
7	7
33	1
78	2
74	2
59	1
85	5
12	4
72	1
43	1
9	7
31	1
78	4
16	1
55	1
81	1
71	3
62	1
12	10
97	8
2	1
29	2
61	1
69	1
91	2
42	3
9	3
79	2
17	6
91	2
2	1
86	1
9	1
79	1
90	1
57	3
82	1
81	10
25	14
25	9
64	1
66	1
94	8
61	2
89	1
34	3
25	3
15	1
69	5
57	1
72	1
54	1
97	1
46	1
87	3
88	2
92	1
25	1
48	3
100	1
88	1
79	1
3	2
49	5
89	3
33	1
17	3
64	2
72	1
38	1
83	10
59	6
82	2
63	3
71	2
18	2
94	2
74	27
40	2
71	2
26	2
40	1
93	2
58	1
16	2
