9877
96	2
35	2
7	1
93	1
99	1
84	4
22	2
64	1
91	1
51	1
11	1
24	2
13	27
92	13
23	1
44	1
12	2
25	1
11	6
63	1
1	3
25	7
73	1
12	1
9	1
89	1
48	1
80	4
96	4
69	1
4	1
88	2
90	3
85	3
33	1
62	1
93	1
54	3
77	3
33	1
79	1
59	1
85	2
89	12
9	1
2	2
69	1
78	4
54	2
10	1
9	2
19	5
60	1
70	3
41	2
76	4
27	1
1	3
72	1
94	2
46	2
95	1
37	1
76	11
38	1
79	1
8	6
51	1
73	1
7	1
78	1
88	2
68	2
66	8
30	2
75	10
6	3
93	2
46	12
83	1
4	2
81	6
10	1
82	3
6	1
51	4
73	2
86	2
30	1
84	2
62	3
38	1
79	3
61	4
1	31
59	1
56	8
19	2
73	2
51	17
43	2
61	1
43	3
59	1
1	2
83	2
52	2
32	2
5	10
58	4
87	1
60	2
58	1
11	2
81	3
59	4
14	2
90	1
69	4
80	2
42	1
34	4
85	1
78	1
9	1
93	1
54	1
40	4
34	3
92	1
64	1
37	3
73	1
85	2
73	1
61	4
29	1
62	2
11	1
53	4
78	1
65	7
100	4
94	1
6	1
47	8
92	4
98	1
60	1
5	2
49	2
50	1
11	9
93	1
54	1
91	1
93	2
63	5
10	1
77	4
97	1
84	2
9	8
4	1
66	1
3	8
24	2
94	4
67	6
6	3
30	2
51	12
2	1
66	1
25	2
31	1
20	1
13	2
99	2
47	12
23	1
30	1
5	4
32	3
9	3
42	3
85	1
64	1
9	2
1	1
74	1
6	3
97	1
72	1
85	3
10	6
70	3
4	1
14	4
96	1
76	1
63	1
30	1
97	1
6	1
23	1
32	2
75	2
49	1
74	11
15	21
91	2
74	2
10	4
33	1
12	2
95	3
19	1
52	2
13	1
16	5
92	1
66	58
27	3
12	18
46	1
88	3
15	3
82	3
52	4
33	10
73	3
89	3
2	3
9	1
2	1
53	1
24	1
11	1
32	6
54	1
53	1
65	1
6	1
42	1
11	5
71	14
53	1
73	1
4	9
21	2
58	1
1	1
91	1
86	2
86	10
52	4
84	2
4	2
14	4
97	1
23	1
59	1
79	3
82	3
16	2
38	2
74	1
9	1
1	2
39	1
38	1
75	1
9	1
62	2
79	4
50	2
25	1
28	4
42	4
36	3
10	7
34	1
15	3
52	1
89	1
5	2
83	6
46	1
61	3
69	1
17	1
91	1
77	1
96	5
27	3
79	1
8	5
24	3
7	2
92	3
16	3
20	4
27	2
92	1
76	2
77	2
29	12
84	1
85	1
27	1
14	2
4	2
69	2
98	2
53	1
69	1
37	1
17	2
9	2
5	1
20	4
27	6
99	4
57	2
93	12
99	1
91	8
82	1
32	5
86	3
19	12
3	1
46	3
73	1
30	1
89	1
57	1
1	1
29	7
91	4
43	1
82	1
46	1
44	1
41	6
60	14
88	1
18	5
36	4
91	5
67	1
18	1
98	3
30	2
78	4
2	2
64	1
4	3
45	1
85	2
29	11
95	4
61	1
52	1
54	1
13	1
73	1
94	2
51	1
99	4
99	4
99	3
34	1
23	2
53	22
14	2
55	10
100	1
24	1
63	2
45	1
96	3
8	1
90	1
16	2
89	4
91	1
29	1
93	2
53	3
10	3
30	2
78	1
84	4
32	1
29	1
77	1
45	2
64	4
46	1
74	1
46	2
73	1
92	1
76	1
13	2
62	9
54	2
23	1
43	1
38	4
30	3
46	2
50	3
13	2
41	1
28	6
54	2
63	1
68	1
90	2
75	1
22	11
46	3
68	1
50	2
11	1
71	2
57	6
65	2
14	1
7	1
46	3
45	1
57	3
46	5
45	2
1	2
100	2
14	2
85	3
24	3
45	1
51	1
14	3
74	3
76	3
25	4
92	1
81	1
85	4
46	3
49	1
51	6
95	8
67	4
30	1
26	3
84	7
79	2
46	2
81	2
84	1
46	1
25	1
75	2
3	5
42	1
69	1
51	4
7	3
93	2
58	2
14	10
49	1
95	2
44	1
19	3
79	2
6	4
41	3
64	4
51	1
98	2
97	1
33	1
68	1
43	6
47	1
70	11
100	2
42	2
90	5
74	2
76	12
23	1
11	4
63	1
91	2
32	1
59	1
95	1
94	2
2	1
45	3
87	4
39	3
90	6
40	4
48	2
95	6
34	16
56	1
18	1
7	2
85	5
18	1
94	3
20	3
2	12
71	2
11	9
20	1
89	2
15	1
77	3
6	1
18	3
58	3
59	1
36	3
33	3
26	1
67	1
26	1
12	1
61	1
8	2
73	20
91	1
37	6
100	1
29	2
55	9
4	19
7	1
11	1
96	3
69	1
32	2
34	4
93	3
68	1
74	1
1	1
32	1
34	1
78	1
52	1
53	2
100	1
97	3
1	1
98	2
58	5
15	3
76	1
37	2
12	4
36	2
77	1
48	7
49	11
24	1
61	4
6	1
38	3
22	1
98	1
60	2
53	1
98	4
37	10
75	3
95	1
59	2
76	1
80	2
83	7
28	1
83	3
6	1
92	1
11	3
51	4
96	1
99	1
34	9
78	6
83	1
70	9
46	6
99	5
26	2
32	1
75	1
90	1
87	1
64	3
22	1
70	3
20	1
13	3
3	1
65	2
65	5
79	5
32	1
86	2
10	13
61	12
84	1
68	1
35	2
70	1
48	1
76	17
6	7
72	1
29	1
98	3
22	1
54	2
4	1
13	3
61	1
1	1
28	1
17	3
3	4
22	7
24	2
17	2
37	5
93	3
27	1
62	5
17	1
5	5
58	1
37	18
43	2
13	2
57	2
35	4
66	1
60	2
5	1
22	6
19	2
9	1
56	2
98	5
37	4
96	4
71	1
12	1
21	1
86	2
5	4
91	1
28	2
11	1
30	4
76	2
49	1
98	1
6	1
80	1
48	4
88	1
59	1
87	1
26	3
12	3
45	2
4	11
53	2
8	2
1	1
34	1
71	2
5	1
25	1
22	2
62	1
47	3
11	9
4	1
5	1
22	1
17	1
25	1
42	1
55	1
66	1
95	1
71	1
17	2
86	1
71	10
51	7
19	1
54	1
53	2
37	1
11	3
51	2
78	1
18	15
38	2
71	1
23	3
34	5
88	3
81	19
18	5
31	11
47	1
10	2
93	1
26	37
2	1
37	4
24	1
62	6
41	14
97	1
25	3
54	1
1	3
26	1
20	18
6	5
91	2
17	1
12	1
38	3
74	1
44	7
32	3
10	2
41	2
86	5
89	2
33	1
76	22
11	2
17	1
65	1
82	3
94	3
27	1
57	1
8	5
48	2
61	3
14	10
16	8
70	2
90	6
48	1
12	3
64	1
25	1
39	3
61	2
98	1
66	3
38	1
10	2
16	3
94	10
23	2
81	7
68	2
46	2
39	3
25	2
90	1
82	3
55	1
64	2
32	1
63	3
54	2
58	1
46	4
51	1
64	3
11	1
4	2
50	2
66	1
45	3
76	31
86	2
20	3
86	1
30	1
72	10
24	2
4	5
83	1
36	2
88	8
81	1
54	4
34	2
56	1
77	2
7	1
13	3
63	3
81	2
50	1
27	2
84	3
93	6
36	2
64	1
77	3
14	2
25	1
53	1
28	1
63	1
96	1
64	3
25	2
54	2
47	2
50	2
61	6
48	1
21	6
71	1
54	1
31	2
87	2
62	1
17	1
52	1
51	2
73	4
11	1
52	1
57	1
39	1
94	1
65	1
96	25
15	3
75	3
31	1
32	1
26	1
68	3
63	3
45	1
97	34
61	1
12	1
53	2
35	3
40	2
64	1
90	2
88	1
27	4
76	2
14	2
10	1
82	1
3	2
7	3
81	2
52	9
37	4
46	2
2	3
25	1
73	2
47	2
29	1
82	1
35	2
9	7
79	20
19	6
16	2
33	1
97	3
91	6
39	3
7	1
26	1
10	16
97	2
9	4
33	1
81	2
88	9
14	3
30	1
52	14
9	2
44	11
71	1
89	3
75	2
53	1
78	2
49	2
22	2
50	4
51	1
24	1
22	6
8	1
20	2
100	3
46	1
37	1
34	2
29	2
24	1
59	3
47	13
26	1
67	1
25	4
9	4
11	1
36	1
34	1
81	1
87	1
32	21
94	5
1	1
24	8
6	1
77	2
40	1
23	2
29	3
27	1
46	1
20	3
7	1
40	1
41	1
64	2
49	1
89	1
82	1
25	1
46	3
91	5
54	1
96	6
64	1
24	2
63	2
46	13
99	1
59	1
11	1
11	1
83	20
60	1
64	1
51	8
84	3
98	2
11	1
23	1
19	1
87	2
40	1
5	5
69	2
77	1
36	3
90	2
38	17
34	1
84	1
62	1
81	1
7	1
56	11
17	2
75	1
58	2
39	1
4	2
76	8
38	5
19	2
33	17
27	2
9	22
53	1
28	4
32	10
76	5
16	9
64	4
99	1
56	1
86	9
96	2
91	1
76	2
12	5
65	1
77	1
100	1
46	1
66	19
14	4
68	1
85	1
70	1
56	5
72	3
89	2
54	1
4	1
88	3
40	4
10	6
80	12
48	1
88	1
5	2
59	3
33	6
7	1
78	3
84	2
54	3
71	2
2	1
39	9
46	1
44	1
49	7
15	9
99	4
14	13
59	1
79	1
66	1
98	1
98	1
47	2
4	4
62	7
96	1
98	2
34	1
47	4
68	3
31	1
67	1
25	1
67	2
69	1
92	2
79	6
98	2
45	1
94	7
9	3
10	1
33	1
51	1
26	1
44	2
87	1
3	3
35	4
67	1
52	15
20	8
99	2
7	1
69	1
1	2
45	1
35	2
5	1
60	1
6	5
37	19
12	3
56	5
59	17
5	2
31	1
44	1
93	3
76	1
54	2
43	8
90	1
26	1
66	2
76	1
39	1
15	1
55	1
53	6
43	1
27	1
81	6
55	3
72	1
91	1
10	9
26	1
13	3
96	3
88	6
1	1
87	1
29	1
37	1
5	1
89	3
4	3
2	5
47	1
92	1
2	3
21	1
55	11
30	1
63	2
73	2
96	1
81	1
99	4
8	7
48	1
86	6
17	3
13	3
16	1
3	2
8	1
95	3
56	1
63	1
94	2
32	1
93	13
68	1
81	1
98	3
22	5
82	3
26	1
57	4
49	3
57	4
82	1
21	1
27	1
58	4
70	1
12	1
53	11
5	5
57	1
16	2
41	1
21	1
43	2
6	4
88	1
51	1
16	1
10	1
58	3
14	4
8	4
90	2
8	2
48	2
52	5
95	11
12	4
9	5
95	3
96	12
79	1
56	18
73	1
40	1
84	6
57	2
83	1
55	1
96	1
58	1
17	3
90	2
22	5
33	3
15	1
3	1
78	1
90	3
22	9
32	2
35	1
1	2
38	1
10	1
61	15
83	1
23	5
9	8
73	5
13	4
74	1
31	1
24	1
5	4
1	5
54	2
75	7
55	6
61	1
100	3
36	3
2	1
57	2
54	3
56	1
19	1
84	1
83	1
73	1
52	1
74	1
12	1
11	3
64	3
34	1
43	2
49	9
79	1
59	3
38	19
2	5
46	1
9	1
92	2
15	3
10	4
51	4
40	1
38	9
83	6
71	1
92	6
74	1
28	5
54	4
49	2
26	1
39	2
73	2
71	1
76	1
79	1
100	3
39	2
25	3
60	2
99	3
66	2
73	4
59	1
62	1
80	9
4	1
25	1
52	1
15	3
74	13
54	1
14	1
13	2
65	1
85	13
76	7
38	2
47	4
26	7
6	4
47	1
27	1
85	1
17	1
58	13
47	10
14	1
54	5
98	3
2	1
85	2
84	9
29	1
70	2
90	2
10	2
84	2
58	9
19	4
22	6
15	2
38	1
28	1
57	1
13	1
59	1
87	2
72	1
72	1
20	1
68	1
48	3
22	4
75	2
82	22
15	3
16	6
27	2
94	1
72	1
46	1
8	2
72	2
51	4
71	1
8	14
55	2
94	20
16	1
67	2
16	1
97	6
84	4
78	1
11	1
40	1
79	4
91	4
25	3
49	2
15	3
37	1
68	1
49	1
2	7
32	1
48	1
52	1
56	3
12	1
82	1
25	3
49	1
14	1
60	1
72	2
22	1
46	4
42	1
24	11
61	1
15	1
35	1
90	1
100	1
59	2
56	1
93	2
50	6
29	1
23	1
86	4
60	1
37	1
77	1
99	3
67	2
44	1
83	1
95	18
38	3
15	4
88	1
98	3
68	9
49	2
78	2
86	4
64	1
41	1
34	4
76	1
55	8
5	1
56	2
71	3
55	1
86	1
95	2
30	3
61	1
52	1
11	1
26	7
11	1
66	2
60	1
96	1
64	1
51	4
2	1
12	6
10	1
50	1
84	1
66	2
9	2
85	3
58	2
50	1
31	6
12	1
60	4
3	2
59	9
94	7
31	3
69	1
58	1
44	6
1	1
88	2
30	2
85	4
85	2
7	4
100	1
56	3
29	2
87	1
67	1
100	2
41	5
37	1
89	3
42	2
93	2
3	4
4	1
13	3
72	1
6	1
41	13
34	21
22	1
8	1
4	1
37	1
78	4
93	1
57	5
60	4
14	1
75	4
100	1
8	1
10	5
93	3
25	2
23	2
98	3
38	1
41	1
96	1
51	4
40	2
25	1
8	3
64	1
58	1
73	3
37	1
29	1
36	1
8	1
51	1
92	1
58	4
66	2
53	1
45	1
23	1
43	9
11	2
16	7
21	3
33	3
74	3
39	1
66	2
71	2
54	1
7	1
45	7
68	1
41	9
90	5
84	1
97	2
38	2
62	2
51	1
20	6
58	1
38	2
7	3
90	1
70	2
75	7
73	2
63	2
57	3
27	4
84	2
86	1
86	1
35	1
44	4
65	2
15	1
76	1
9	3
85	1
65	1
96	1
4	1
49	1
10	1
3	1
50	1
69	1
38	3
76	1
9	3
34	2
41	4
48	2
25	1
31	4
94	2
78	1
35	1
8	3
54	2
40	5
2	2
90	1
64	3
20	1
56	6
99	1
13	1
49	1
30	4
31	1
8	1
72	5
38	2
38	4
94	5
98	7
85	5
34	1
56	26
24	6
10	1
59	6
20	1
64	1
89	6
25	19
5	1
89	4
27	5
89	1
3	1
67	2
25	1
39	1
57	2
42	2
87	1
93	2
10	7
8	1
53	2
93	1
79	4
3	2
59	8
29	4
29	1
52	1
47	1
36	4
55	1
21	1
81	1
47	5
20	1
88	1
89	1
33	3
66	4
25	1
30	4
37	1
100	1
15	2
81	2
100	2
32	3
27	1
37	2
2	1
31	2
80	2
26	1
39	4
51	3
66	1
67	1
90	2
93	2
15	5
7	4
59	2
39	7
1	1
11	21
83	1
48	1
64	1
26	1
15	2
16	2
8	4
38	1
52	1
53	2
55	1
85	1
48	1
50	5
1	6
55	8
57	4
98	2
74	19
22	1
51	1
71	2
71	2
6	3
90	5
93	1
17	4
8	1
55	7
17	1
73	1
90	3
72	1
49	3
62	1
36	5
58	2
73	2
18	9
55	1
36	2
2	1
79	3
21	1
70	1
39	37
7	1
23	1
67	2
78	1
92	1
95	3
22	6
82	3
45	1
97	4
38	4
84	2
59	1
100	12
92	2
74	4
70	2
79	1
71	4
68	1
72	1
16	1
29	1
36	11
36	7
5	13
82	3
40	5
44	1
72	1
32	13
85	1
45	1
90	17
23	1
82	1
71	1
91	1
97	2
76	1
63	4
8	2
72	1
36	1
89	2
1	4
7	5
73	1
4	1
71	2
71	1
23	4
52	28
96	2
44	1
31	20
55	6
49	3
88	2
44	1
46	4
99	1
33	3
56	6
33	6
13	1
81	1
48	2
1	3
31	7
66	2
49	1
2	11
98	1
85	1
16	6
38	4
34	1
37	2
58	7
18	1
76	2
57	2
33	3
70	6
52	3
75	1
7	4
1	2
68	1
50	1
18	7
1	1
60	2
96	2
58	1
91	2
15	4
8	3
56	2
10	1
64	9
11	1
64	2
30	1
99	2
66	3
69	4
71	6
55	1
49	1
32	2
97	3
38	2
45	3
85	1
3	1
95	2
22	1
27	2
93	3
82	3
93	1
28	10
30	1
81	2
46	1
17	4
62	2
50	1
50	3
16	1
34	1
69	5
72	1
58	2
72	7
74	3
40	14
31	2
35	2
48	1
27	1
26	2
22	2
97	1
61	3
27	2
74	5
53	2
95	1
9	2
52	2
34	6
87	3
13	8
26	11
5	2
27	11
91	2
57	2
23	2
100	1
63	1
48	23
70	3
77	1
64	2
11	8
72	4
64	2
23	3
95	1
93	1
61	7
21	3
22	1
37	1
43	1
46	4
67	2
88	3
44	1
23	4
51	6
55	4
29	1
55	7
60	5
48	3
81	1
40	2
14	1
75	1
27	2
2	2
38	1
88	4
92	1
39	1
8	1
60	2
26	2
63	3
12	1
8	1
81	3
47	12
74	1
1	1
45	1
45	3
44	2
15	8
98	1
81	1
97	5
44	1
6	10
58	1
19	1
14	1
63	1
92	5
32	3
89	1
99	2
62	2
21	1
28	16
80	2
22	1
53	2
2	1
23	6
79	1
76	1
92	2
51	10
78	1
79	1
14	3
55	1
70	1
50	2
92	1
10	5
9	5
81	2
71	4
20	3
96	1
41	1
37	1
21	2
30	1
84	1
28	1
18	3
64	2
47	9
100	1
71	1
69	8
17	1
6	1
40	2
83	1
39	1
76	3
36	3
62	1
99	1
8	1
39	1
87	3
77	5
92	2
93	3
98	1
2	1
96	6
55	6
74	2
100	3
55	1
5	2
6	1
58	5
23	2
88	3
84	2
46	1
63	3
38	5
50	7
66	1
80	1
27	2
68	5
53	1
65	5
43	1
16	1
88	3
99	38
50	3
43	3
8	5
36	4
69	1
35	1
81	1
10	1
71	7
37	2
4	1
36	1
23	2
97	3
40	1
37	2
28	2
35	9
36	1
83	2
6	1
95	1
87	2
45	3
37	2
85	1
34	1
85	1
23	4
18	1
27	1
3	1
84	1
92	1
59	2
80	2
95	2
2	1
33	8
90	1
31	1
9	4
46	1
72	18
78	2
81	1
94	1
62	1
72	1
100	13
79	1
97	27
56	3
6	1
49	1
58	5
69	1
95	2
15	1
81	7
54	1
1	2
48	1
75	1
19	9
52	1
57	5
74	4
98	1
53	1
74	16
77	2
31	1
7	2
88	2
90	1
3	1
39	2
55	4
20	1
91	5
75	1
71	5
64	12
79	10
18	4
81	1
97	1
16	1
8	1
45	1
95	1
38	1
97	1
49	1
70	1
39	2
91	1
43	1
80	1
73	1
76	1
94	5
15	1
26	1
63	1
71	10
69	1
93	1
5	1
80	2
85	2
69	1
78	1
32	1
36	3
6	1
60	1
83	2
60	2
100	3
82	3
35	1
31	1
66	3
73	2
12	1
15	4
87	1
94	1
53	1
25	2
92	27
62	2
9	1
37	1
99	1
31	2
19	26
13	3
99	4
81	3
97	2
93	7
90	1
52	1
19	1
5	8
59	2
39	1
90	2
79	1
45	5
22	1
21	2
99	6
74	1
32	3
77	4
4	2
62	1
64	1
82	4
93	2
37	16
10	7
9	11
15	1
49	1
20	2
25	1
40	1
100	2
71	12
47	12
45	1
80	1
91	2
28	1
52	5
69	6
43	1
1	1
82	2
96	2
71	3
70	2
21	2
85	1
48	1
16	1
43	5
53	5
55	1
20	2
96	2
70	5
18	6
98	1
72	3
52	1
16	6
55	5
94	1
30	1
23	5
85	1
39	5
50	1
21	5
2	2
62	1
58	8
94	1
29	5
100	3
10	1
5	1
55	4
55	6
42	3
81	1
94	3
67	11
16	3
16	3
7	1
40	7
55	2
18	1
1	2
67	4
36	2
78	2
24	4
25	2
61	6
96	5
76	2
100	5
53	1
59	6
44	1
74	1
83	1
86	3
12	2
93	4
79	1
40	3
54	3
71	4
21	2
23	2
32	3
90	6
89	2
46	3
46	1
83	1
13	1
12	5
23	7
22	2
78	1
7	1
77	9
100	1
43	5
96	1
95	1
61	1
84	11
68	2
24	5
10	2
73	1
12	3
80	3
100	5
98	1
43	2
82	4
22	2
15	12
1	3
5	2
97	1
18	2
69	4
69	1
81	2
2	3
87	13
28	12
42	1
43	1
50	1
78	1
52	18
91	3
54	2
17	1
83	6
17	3
79	1
81	3
25	8
2	2
67	9
49	10
6	5
45	7
19	1
78	7
14	3
27	1
15	3
20	1
29	1
52	2
72	3
18	2
17	18
11	4
1	4
44	1
53	1
13	4
9	1
94	5
11	13
41	4
14	21
26	1
48	3
2	1
60	24
67	1
90	3
11	2
87	2
48	6
41	2
63	2
54	1
24	1
75	2
93	1
28	6
34	2
46	1
47	1
6	2
84	1
42	5
85	1
100	2
71	4
95	3
94	1
88	1
64	1
32	2
54	1
25	18
39	1
74	1
78	1
1	8
25	2
8	9
74	3
44	1
51	7
29	1
87	1
60	3
82	2
6	2
7	3
73	14
4	1
81	2
28	11
42	2
75	1
13	1
60	4
95	1
47	2
6	3
39	3
34	1
12	4
58	2
73	1
62	2
80	10
56	2
75	3
63	1
2	1
100	14
36	1
75	6
69	6
66	2
48	1
30	1
90	2
29	1
68	2
89	7
36	4
58	18
93	4
62	1
99	3
7	5
59	1
19	3
12	2
37	1
35	1
71	2
4	2
89	1
93	4
22	6
20	2
90	1
2	1
11	4
16	8
38	6
2	2
4	7
40	1
24	2
9	3
1	2
45	1
35	1
17	4
17	1
38	1
53	1
62	1
43	1
35	21
7	1
37	1
1	1
2	1
54	1
70	1
74	2
47	2
54	1
19	1
51	1
29	12
46	3
21	2
70	9
21	4
91	1
38	1
36	1
67	3
52	3
47	4
53	1
36	1
7	1
28	2
61	6
16	3
1	1
99	7
92	1
50	9
27	9
77	7
29	6
3	1
82	5
9	5
93	34
91	1
2	1
60	1
78	1
73	8
64	3
53	1
41	1
92	2
89	4
80	4
62	1
1	2
34	2
28	3
6	1
29	1
41	1
73	5
67	1
100	1
67	1
88	1
54	1
77	8
99	4
62	1
42	1
55	1
24	18
53	1
5	2
39	11
73	1
66	9
8	16
73	3
69	3
85	4
91	2
67	1
70	1
54	1
95	1
86	2
94	16
50	1
23	2
94	24
3	1
86	3
77	3
89	2
69	1
19	5
86	12
53	1
65	4
18	2
65	3
80	5
97	1
8	1
21	6
66	10
13	1
89	2
12	1
85	1
54	16
96	1
40	1
98	2
5	2
67	1
73	2
79	1
27	2
89	1
92	3
73	2
9	5
96	2
90	4
4	1
87	3
86	1
98	1
81	1
1	1
23	12
45	1
42	17
43	1
69	2
36	3
41	1
54	2
67	2
72	1
90	1
73	2
35	1
9	4
24	1
14	1
82	19
3	2
80	1
57	1
83	2
92	2
39	1
63	4
93	1
79	1
43	3
9	3
26	3
43	1
30	1
99	4
65	1
37	1
49	1
43	1
36	7
6	1
32	2
83	6
53	12
57	1
64	1
71	1
86	1
90	1
21	11
77	2
44	1
81	1
58	3
75	16
9	1
19	2
51	4
67	1
65	3
97	1
92	2
69	6
31	11
95	2
1	1
88	1
88	4
40	1
90	1
89	2
97	1
42	3
11	3
1	5
84	2
56	1
15	1
56	8
86	5
100	2
25	4
34	1
54	2
8	2
90	1
45	2
55	1
84	1
47	1
92	4
32	10
8	1
23	8
46	1
17	2
97	1
31	20
56	5
6	2
31	1
58	13
84	3
65	4
81	3
54	1
44	10
19	5
34	1
18	1
52	4
76	1
30	1
82	2
42	1
47	6
86	2
99	1
20	2
88	3
26	2
76	1
30	4
72	1
38	5
46	2
27	1
88	2
28	7
41	1
60	5
93	1
96	5
65	9
5	1
19	4
97	2
51	4
39	7
40	2
63	3
16	2
7	2
98	1
76	2
6	2
29	1
31	11
44	1
43	1
51	9
82	5
58	1
72	2
58	1
75	1
48	7
13	12
96	1
91	5
52	3
57	1
50	2
56	2
86	1
94	10
14	6
34	1
11	3
70	1
67	8
39	5
85	7
72	1
13	4
55	5
63	4
96	1
2	1
57	2
52	19
26	2
29	27
39	4
15	1
58	4
3	16
99	5
47	1
70	1
85	7
75	1
39	3
62	1
24	12
30	1
72	3
43	3
65	1
90	1
88	9
11	1
43	3
80	3
32	1
100	2
25	12
18	3
96	3
54	1
49	3
46	25
41	3
72	1
21	1
87	2
60	3
50	1
11	18
95	3
31	2
61	6
72	1
70	5
8	3
39	1
10	9
81	4
76	1
11	1
17	3
9	1
98	1
30	1
91	2
1	3
70	3
28	1
90	1
60	1
23	3
6	5
38	2
38	3
41	1
13	1
48	3
86	1
31	4
53	6
91	1
94	2
66	10
100	1
73	1
5	1
61	1
31	2
99	3
63	1
19	3
48	3
48	1
63	1
100	4
2	2
73	10
49	3
71	18
45	12
63	1
90	1
10	4
73	2
91	1
51	1
14	19
30	5
35	1
90	1
12	4
75	3
90	2
73	2
26	2
3	2
18	5
64	4
15	1
91	7
75	3
69	6
43	1
48	1
42	7
62	1
83	3
88	4
62	1
32	1
82	1
27	1
29	1
82	1
78	1
51	1
65	2
39	1
68	1
35	1
78	2
66	2
83	5
32	1
18	2
35	1
52	3
53	1
3	8
26	3
11	1
31	8
50	1
34	2
58	1
30	1
16	1
46	4
1	6
98	1
43	1
20	3
92	1
77	2
58	6
25	9
33	1
95	1
27	2
51	1
99	1
70	4
27	2
16	1
96	1
96	3
44	1
36	1
39	3
33	7
18	3
68	1
64	1
36	5
41	2
26	1
18	1
57	1
14	2
23	2
36	2
52	10
37	5
69	1
51	2
26	1
10	4
75	1
6	1
14	1
48	1
89	18
38	1
60	5
68	1
12	2
56	7
85	1
2	2
70	1
54	2
24	1
40	6
87	1
60	5
43	2
91	7
23	1
75	4
30	3
68	2
96	4
56	1
18	2
32	2
13	2
85	2
51	1
38	1
69	1
89	1
55	1
93	1
10	5
10	1
64	1
84	1
3	19
90	1
100	2
10	6
10	2
100	7
70	2
49	3
85	2
4	25
71	1
19	1
18	2
22	1
9	13
39	6
49	1
87	2
53	3
64	2
94	2
25	2
51	13
5	5
13	3
29	7
8	1
66	1
26	1
6	1
49	2
1	2
76	1
48	1
34	5
93	1
25	4
43	2
42	1
65	1
7	3
41	1
91	1
92	4
50	1
6	1
93	1
46	1
44	3
100	1
56	2
57	3
10	4
59	8
97	3
9	1
68	2
22	2
12	2
78	1
9	2
58	4
41	2
74	5
99	1
62	2
65	2
38	1
68	6
29	1
70	4
71	9
90	1
51	1
4	1
13	3
63	1
18	10
76	11
40	1
15	1
32	3
22	12
57	1
16	1
4	2
26	1
78	1
66	1
68	2
56	12
86	6
2	12
25	1
97	1
3	3
68	5
42	3
55	1
77	1
35	1
60	1
7	2
27	2
65	6
45	1
73	1
93	1
36	2
3	3
33	2
95	1
43	16
89	2
34	5
72	2
50	1
32	5
71	3
31	1
3	3
58	1
9	4
53	1
20	1
28	5
16	1
4	10
58	1
59	1
14	3
15	1
64	2
70	3
56	1
21	2
27	1
38	1
33	4
32	3
49	4
59	1
33	2
25	2
59	2
84	4
65	1
38	3
97	1
63	2
10	2
14	1
65	1
24	1
45	1
52	1
17	1
60	1
77	9
90	4
19	1
10	1
76	4
12	7
5	2
79	1
12	6
2	1
95	5
77	1
83	3
35	1
43	4
100	1
82	4
5	3
19	4
83	2
60	1
69	2
23	1
77	2
91	1
11	1
55	2
28	1
19	2
41	1
12	3
79	2
33	5
93	1
96	20
96	3
73	7
70	1
15	1
29	6
77	1
94	1
30	3
20	2
88	4
61	1
52	1
44	1
26	2
39	2
14	6
80	4
2	1
33	1
47	8
24	1
4	5
54	3
91	3
84	1
37	1
80	4
87	1
27	3
62	1
84	1
51	3
65	1
12	2
19	12
10	2
81	7
11	1
49	6
62	11
82	3
80	2
41	2
88	1
77	2
84	5
77	1
23	4
37	1
90	1
95	1
1	1
15	23
12	1
64	1
98	1
27	1
10	1
42	3
87	2
99	2
30	1
56	7
19	7
89	2
51	2
10	3
10	1
13	1
38	1
98	4
77	2
64	1
44	2
35	1
75	12
51	5
11	7
7	6
50	4
41	3
30	1
2	1
74	3
63	2
46	4
51	1
37	6
7	1
71	2
61	2
26	2
53	1
69	1
70	2
58	3
69	10
60	4
29	1
87	3
49	2
4	3
5	1
16	1
71	1
57	1
88	3
45	1
22	1
51	1
82	3
1	1
99	2
23	2
45	2
19	1
93	1
47	6
65	3
61	1
53	1
69	1
50	4
79	1
78	1
62	1
94	1
61	4
74	1
71	3
44	1
67	1
14	1
38	5
27	3
64	23
66	1
70	1
97	1
90	6
34	5
84	8
17	1
70	3
31	1
64	1
81	1
14	2
46	2
24	1
100	43
55	2
71	7
84	1
29	3
40	5
28	3
40	2
71	1
38	1
1	3
79	1
34	1
80	1
43	1
56	3
94	2
11	2
38	1
31	9
70	1
27	3
50	1
46	2
27	3
25	1
88	9
12	1
46	3
52	1
98	1
34	3
69	1
55	1
89	2
72	6
12	1
59	5
68	1
32	3
39	2
24	2
10	2
98	3
78	1
95	2
60	1
66	6
23	2
86	2
61	1
73	1
58	3
84	1
35	1
70	1
75	2
2	14
81	1
44	1
52	2
85	2
70	1
43	2
73	1
55	9
36	1
57	3
9	3
70	5
8	1
67	5
85	4
70	3
19	1
22	1
55	10
85	8
59	8
67	2
7	1
17	1
51	1
40	1
17	2
2	1
100	1
10	3
40	1
48	17
44	3
32	2
79	1
73	3
47	2
21	1
12	1
100	3
65	12
21	1
99	4
57	1
47	1
82	1
97	1
96	2
55	2
41	4
98	3
22	1
3	1
50	1
34	2
28	1
91	3
32	2
26	4
87	1
6	1
10	1
2	2
45	1
35	3
40	1
49	2
28	14
59	1
17	1
29	5
95	5
95	1
8	3
65	1
44	2
66	2
75	1
9	1
74	3
7	3
27	2
79	1
58	10
83	1
33	6
21	1
82	3
56	1
39	1
38	1
94	1
87	12
22	1
91	1
90	4
13	1
56	2
70	11
31	1
90	4
14	2
94	2
77	1
39	2
22	1
49	1
80	2
35	1
31	5
100	42
27	2
88	6
54	1
95	1
12	13
4	1
46	7
76	1
98	2
88	5
42	4
38	1
72	11
26	4
1	2
25	1
89	5
9	4
24	10
30	1
90	5
64	3
82	1
8	6
4	6
54	2
32	1
18	3
14	1
8	16
68	1
41	1
100	2
49	1
3	3
58	1
15	1
79	1
63	4
87	1
66	1
84	2
17	1
81	4
39	1
30	1
42	1
46	2
12	1
50	2
1	1
44	1
46	1
23	1
30	11
76	1
94	1
10	1
84	2
80	2
64	4
79	1
74	3
58	2
21	2
23	3
90	1
17	22
85	2
33	2
52	1
13	1
18	1
7	2
11	1
26	6
99	2
83	4
79	3
61	6
51	3
24	1
53	1
80	1
32	1
55	4
71	1
28	3
88	2
40	14
73	4
75	1
21	1
47	1
2	3
2	1
93	12
44	1
18	1
86	1
86	1
83	1
6	3
43	3
49	8
94	2
99	5
95	5
29	1
69	1
99	1
86	5
100	8
40	1
4	2
69	1
64	1
97	1
65	1
17	1
25	1
89	2
82	1
41	1
76	1
44	3
31	1
70	3
9	4
98	4
34	4
5	1
21	3
22	2
43	1
2	8
100	7
89	1
25	1
94	1
90	1
79	6
17	4
54	2
8	6
41	1
21	1
94	2
97	3
29	1
4	8
58	6
72	1
39	3
79	2
100	1
73	17
44	2
77	1
19	1
99	1
81	1
4	2
11	2
40	2
43	1
21	2
2	1
51	16
92	1
25	1
1	6
73	1
38	2
92	1
37	8
67	4
13	1
43	1
73	1
66	1
30	8
68	1
34	3
23	2
98	1
20	1
96	2
45	3
92	4
93	1
82	1
50	3
80	3
72	2
30	8
19	1
28	1
94	1
55	1
38	1
15	3
54	7
100	5
94	1
38	1
23	1
96	1
16	2
68	1
31	1
29	9
60	1
87	4
68	3
20	1
45	13
13	4
95	7
49	1
55	2
78	2
61	3
53	2
52	8
67	3
20	4
83	1
50	1
31	4
61	1
74	3
36	7
8	3
50	1
71	1
45	2
33	1
73	1
85	1
8	1
58	1
46	2
6	1
60	1
16	6
90	2
30	7
80	1
8	2
44	4
85	2
77	2
97	1
53	1
26	1
31	3
38	9
75	2
27	1
83	1
58	4
35	4
49	1
75	10
43	4
85	2
10	2
95	1
63	2
38	2
58	4
22	2
100	1
42	1
34	2
19	3
99	1
30	2
67	6
7	1
26	7
35	6
5	1
44	1
27	1
58	11
52	2
83	1
79	1
28	2
51	2
54	1
100	1
100	3
39	1
27	1
50	2
2	3
94	1
76	1
29	1
8	1
15	1
35	2
17	1
8	2
60	1
67	4
96	3
77	3
25	3
1	2
15	2
31	2
50	2
80	2
90	4
10	3
28	11
1	2
57	1
62	2
73	7
75	2
46	1
6	3
5	1
47	3
12	1
27	4
86	1
91	2
44	1
35	1
95	1
18	5
94	2
20	3
11	1
87	1
49	10
30	1
54	1
72	8
57	2
79	11
56	6
73	1
21	4
22	1
93	9
18	5
70	3
4	4
35	4
40	2
38	1
35	9
96	1
8	2
57	12
50	2
7	2
63	4
28	1
45	1
28	1
57	1
3	2
81	1
54	1
19	5
88	1
34	6
12	1
91	7
79	1
83	1
61	1
67	2
82	2
59	3
25	1
57	1
79	2
68	1
56	1
27	10
44	2
82	1
53	3
26	2
63	2
71	1
53	3
14	1
47	1
46	1
38	1
55	2
91	5
1	2
60	1
93	2
39	3
9	1
49	1
25	1
94	3
37	7
83	1
84	3
73	17
4	1
83	3
79	1
32	2
72	1
57	1
94	2
42	3
41	2
40	2
5	5
63	1
82	1
43	1
26	2
46	2
77	1
91	4
53	1
37	2
64	2
92	1
92	4
63	1
78	7
49	3
86	10
27	35
8	9
84	1
35	1
18	30
60	1
70	1
33	1
92	1
52	4
5	1
71	10
79	1
20	1
82	1
91	5
23	1
28	1
35	1
38	1
30	2
11	2
14	7
57	1
90	1
92	2
7	4
12	2
62	5
64	1
87	6
55	3
56	2
67	15
1	2
93	1
54	2
28	3
49	9
75	1
96	1
84	2
80	2
39	2
30	1
88	10
8	2
77	1
29	5
56	3
48	1
10	1
54	2
71	1
25	7
91	5
63	9
74	4
21	14
86	4
66	1
17	4
68	1
39	1
89	2
76	1
93	1
40	27
73	1
51	2
58	5
22	3
67	5
65	1
11	1
88	1
76	2
52	4
49	3
90	2
35	1
24	2
53	5
28	1
76	1
26	1
18	2
5	3
94	2
22	2
72	3
31	1
17	1
41	2
75	1
54	1
98	3
91	1
96	3
78	6
95	1
56	1
2	1
100	1
82	1
50	5
34	5
51	4
17	2
18	3
24	1
51	1
52	1
74	1
58	1
69	1
6	2
20	2
89	2
54	4
91	2
74	4
87	4
77	3
18	4
46	3
17	9
65	1
89	1
66	6
88	7
54	1
63	4
53	1
91	2
72	6
61	2
61	1
72	3
3	5
84	1
33	2
96	2
72	2
34	1
35	14
75	1
18	1
13	1
39	2
28	1
88	3
6	2
87	1
90	1
21	1
41	1
76	1
1	5
24	3
36	1
11	2
98	2
51	2
50	7
64	1
51	1
16	1
4	1
37	5
95	1
17	7
62	1
23	4
43	2
100	1
8	2
91	1
89	8
18	3
82	1
18	1
36	9
87	2
40	1
35	1
84	4
21	23
99	1
58	1
92	1
70	1
70	1
7	10
53	1
100	2
9	4
17	1
55	1
39	2
30	2
79	3
28	1
9	1
97	2
66	1
27	1
91	1
46	2
58	2
25	7
35	1
79	1
81	13
6	1
78	1
43	1
47	1
11	2
47	2
72	12
99	3
50	5
98	1
91	1
97	7
64	5
100	7
82	2
26	3
50	1
73	1
15	2
66	1
77	1
83	1
76	1
50	2
23	5
72	7
54	11
79	3
52	4
11	18
9	1
72	24
95	4
54	2
67	21
85	39
82	1
43	4
52	9
34	19
43	2
38	1
77	2
65	1
98	4
13	3
66	1
68	6
31	1
20	1
43	1
92	4
75	1
33	7
30	6
52	10
27	1
20	1
9	3
83	1
14	17
65	1
82	2
91	1
57	1
9	1
66	1
27	4
85	4
18	2
29	5
39	1
61	1
10	5
46	2
80	7
38	1
42	4
79	1
30	3
95	1
38	2
89	4
4	7
27	6
92	3
45	38
62	2
91	1
78	7
66	7
99	5
52	1
25	2
72	9
69	1
96	2
82	6
74	2
14	1
9	1
7	1
86	3
9	1
43	1
64	3
95	4
15	2
1	1
81	4
46	1
94	1
7	3
81	1
11	1
31	1
98	1
23	1
58	3
11	4
22	4
12	2
87	1
66	7
18	3
15	1
47	1
7	3
83	1
36	1
33	2
64	2
55	3
65	9
74	2
68	2
100	2
62	1
57	2
29	1
25	2
40	21
3	1
75	1
86	6
83	2
28	2
100	2
36	1
50	1
43	1
55	1
47	3
32	1
48	4
81	4
3	2
95	1
19	6
42	1
31	4
73	36
22	17
95	1
41	1
70	4
12	1
77	2
92	1
18	3
68	1
63	3
70	1
79	4
29	9
43	4
48	1
20	2
92	1
29	9
10	4
66	1
26	2
84	3
51	1
60	1
50	2
44	1
82	5
59	3
45	3
21	2
21	2
12	1
6	1
47	1
42	8
89	1
54	3
88	1
24	1
78	2
20	1
96	4
94	7
62	1
8	4
82	2
26	3
95	1
37	1
98	1
4	1
49	1
61	2
17	3
82	2
61	4
66	1
5	1
10	1
1	1
100	5
100	2
26	5
8	2
38	1
45	9
43	2
55	1
81	1
39	1
17	1
67	7
54	2
45	6
37	2
84	1
78	1
65	4
81	3
17	2
29	3
64	1
6	3
25	8
40	2
51	7
61	3
42	1
88	3
82	2
82	1
16	1
4	1
13	1
4	5
7	2
94	1
6	22
39	1
88	1
93	1
86	1
55	6
24	1
64	2
70	1
25	2
7	2
17	1
65	1
52	5
56	1
92	1
96	2
92	2
59	2
74	1
93	2
22	2
74	4
24	1
33	3
79	3
77	1
10	4
20	3
15	1
58	1
36	7
39	12
89	1
67	1
41	3
41	1
27	3
99	2
8	2
50	7
22	3
86	13
70	1
95	1
79	8
45	3
58	11
45	3
32	2
59	1
22	1
37	3
65	2
1	1
18	7
62	1
28	1
73	7
51	2
37	1
71	3
48	1
16	1
25	2
7	3
70	7
34	4
79	1
93	2
25	2
81	1
52	3
85	3
10	1
95	2
17	1
79	1
45	11
59	1
41	3
4	1
96	2
69	1
90	3
57	1
23	2
52	15
97	1
54	1
24	3
4	1
64	2
7	1
28	2
81	1
34	4
31	2
24	1
55	3
11	2
30	1
99	1
11	2
70	8
5	14
63	1
36	10
42	13
38	1
58	1
89	2
5	1
20	6
21	3
44	14
88	6
16	3
6	1
37	9
93	2
71	1
1	2
85	1
47	2
15	1
43	1
47	1
78	1
78	2
95	2
81	1
45	1
24	3
26	1
29	1
53	11
25	1
57	1
99	1
34	5
12	1
72	2
26	2
28	3
46	1
75	24
8	1
27	1
74	1
42	15
22	1
95	1
99	1
62	4
50	1
97	2
80	1
38	4
2	3
68	8
35	1
31	3
49	1
39	2
75	1
72	2
16	2
81	2
17	1
77	2
58	2
85	1
48	1
77	2
11	1
5	1
86	1
58	3
88	1
16	4
42	2
89	1
57	6
75	1
10	1
91	3
23	1
7	2
96	3
71	1
28	2
3	3
13	5
50	4
11	4
13	1
55	8
62	2
70	3
36	1
87	16
50	2
1	11
35	7
92	2
6	2
84	19
83	3
71	1
48	3
100	1
85	1
62	2
69	2
34	1
14	1
81	1
84	1
72	1
81	1
76	1
33	2
45	7
7	1
50	11
47	1
67	1
58	2
77	26
14	1
33	6
33	8
43	3
46	1
35	2
80	6
15	10
68	2
30	1
25	1
33	1
31	2
55	1
82	1
66	1
45	1
22	2
11	9
93	12
33	3
38	6
88	2
75	2
63	3
34	1
34	1
11	3
68	16
4	1
99	1
43	2
66	1
72	1
32	1
89	2
95	1
28	2
78	2
41	7
10	1
80	3
43	4
11	2
58	11
10	3
34	8
3	1
21	1
80	2
41	2
20	2
45	7
21	2
54	1
67	3
91	1
58	1
39	1
47	1
34	1
55	3
12	4
67	3
82	4
88	8
17	3
61	9
10	1
39	2
46	1
78	5
2	6
72	18
55	8
91	2
26	1
56	21
54	12
21	21
23	4
62	8
18	1
3	6
55	1
42	14
98	1
39	1
6	2
95	1
28	12
100	14
31	3
89	1
80	1
23	1
20	2
92	1
58	2
69	1
88	1
15	4
81	1
88	9
62	6
97	1
68	1
45	1
55	3
37	1
46	2
40	8
95	1
55	5
78	2
15	1
32	3
53	1
33	2
1	3
75	1
87	5
98	2
43	2
17	4
90	2
90	1
27	3
13	1
40	1
55	2
10	1
35	3
2	2
54	2
14	3
52	1
73	12
83	2
4	12
98	1
61	2
27	7
75	3
20	10
32	1
21	2
64	1
54	3
74	11
72	4
39	1
91	1
75	2
82	1
72	5
27	1
18	2
70	1
43	1
58	1
19	2
18	1
37	1
51	1
31	2
1	2
48	1
36	9
63	1
4	6
96	2
69	1
35	3
61	1
31	1
55	3
48	2
35	4
95	4
45	4
59	1
98	1
35	2
80	3
2	2
35	5
16	13
14	4
94	8
31	14
44	1
77	2
60	2
78	7
99	1
31	1
19	1
67	7
65	1
6	8
32	6
15	6
96	3
1	1
6	1
16	1
19	6
43	2
6	2
36	3
94	1
65	1
98	3
20	2
28	4
80	2
18	1
10	6
26	3
53	1
92	5
32	1
64	1
91	1
46	1
25	6
97	3
54	5
72	1
60	1
51	1
10	1
84	26
32	1
80	1
41	2
3	1
36	2
98	2
87	3
57	3
34	3
4	1
98	1
65	2
75	1
95	1
86	1
7	3
40	1
4	2
61	12
55	6
24	4
74	11
48	10
24	2
82	1
72	2
55	3
88	2
6	1
16	1
65	1
11	2
12	4
87	1
72	8
67	1
45	1
8	1
74	2
77	1
10	2
39	3
88	1
96	2
60	1
36	4
89	1
31	2
60	2
71	1
62	2
77	1
34	2
2	4
66	1
14	6
77	1
43	1
30	4
57	1
54	1
17	1
89	2
94	1
16	10
82	2
5	2
86	2
45	2
97	1
16	3
38	10
62	13
56	2
22	1
31	1
7	3
69	1
94	2
99	2
77	9
89	1
42	2
23	1
61	1
97	1
29	3
20	6
17	3
84	1
91	1
17	2
13	4
49	1
50	2
18	1
79	7
12	2
31	5
59	6
5	4
71	7
44	1
26	1
17	5
50	35
74	18
61	1
3	2
43	1
7	2
31	3
69	3
10	2
79	2
94	1
26	3
67	4
6	4
80	2
52	1
33	1
100	2
63	7
53	13
6	1
69	2
49	2
81	1
89	8
29	4
94	2
98	2
26	1
4	3
76	4
38	1
85	7
53	2
91	1
4	2
69	1
36	1
62	1
30	1
27	16
83	2
15	5
33	6
34	4
100	16
95	1
22	2
26	1
30	1
83	3
16	1
9	3
23	1
18	6
23	1
61	1
17	1
89	7
70	2
36	1
36	4
59	1
13	2
34	1
4	2
79	7
71	3
25	2
61	10
97	2
90	1
92	8
36	3
6	3
59	1
75	4
76	3
54	7
20	1
34	4
55	15
97	2
50	1
23	1
15	1
45	1
28	21
62	3
72	2
21	1
60	2
75	1
31	1
27	1
67	5
77	12
71	3
50	5
46	4
30	4
43	2
15	2
13	4
33	2
95	5
14	1
51	1
93	9
20	5
83	1
30	2
59	1
31	2
71	4
32	2
87	2
77	1
95	2
81	1
26	4
84	5
33	3
31	1
15	1
47	3
40	1
7	2
27	1
10	4
65	2
49	1
18	1
57	1
18	1
91	5
64	2
86	3
61	2
72	1
70	1
76	3
45	2
59	23
71	1
67	4
12	6
91	2
96	1
93	1
87	5
8	3
61	1
97	3
60	1
100	1
89	1
91	1
56	1
3	1
21	1
14	2
40	2
17	2
54	3
100	1
95	7
42	1
51	2
80	5
10	8
91	1
5	1
83	13
34	3
91	1
10	2
89	1
63	2
36	1
65	2
59	3
93	2
19	1
42	3
5	4
81	1
100	20
28	5
1	9
71	1
66	1
98	4
33	1
63	1
27	1
55	1
90	1
37	4
42	1
10	1
80	1
41	2
78	2
65	1
28	6
73	5
19	1
50	3
82	5
71	11
91	1
46	1
25	4
40	2
12	2
12	1
90	1
22	4
71	1
49	4
25	1
94	2
44	1
98	1
7	1
85	1
93	1
76	2
64	1
35	5
15	5
17	6
49	8
27	1
29	1
72	13
100	1
100	1
59	1
20	1
64	1
13	1
86	2
77	2
55	3
75	2
60	3
77	1
33	1
30	1
30	5
18	1
17	13
24	1
13	4
44	7
50	7
88	7
45	3
87	2
79	2
72	1
8	1
98	1
3	2
53	2
80	4
65	2
38	9
76	2
86	2
29	1
27	5
74	9
85	1
74	1
77	1
53	3
45	8
23	1
30	5
83	11
48	2
9	3
86	5
86	1
7	3
58	5
87	1
56	3
94	11
85	1
25	3
53	5
40	2
69	2
6	1
81	1
50	1
90	2
77	1
58	1
94	1
20	5
49	2
2	13
7	2
12	1
75	3
4	2
95	2
34	1
27	1
6	3
8	10
62	7
22	26
71	1
37	3
98	3
20	5
79	1
37	2
60	1
57	1
77	1
39	1
4	2
28	1
44	3
55	14
71	2
28	1
95	1
34	1
53	1
43	1
30	2
72	2
94	1
56	1
32	1
83	1
63	3
95	1
97	9
64	1
77	1
59	3
11	7
68	2
48	4
94	6
93	1
70	8
98	4
59	1
71	3
15	1
55	2
92	1
57	4
18	1
1	3
9	4
24	2
75	1
37	6
52	5
37	1
18	1
98	2
14	6
21	4
5	1
88	1
78	1
54	1
82	1
76	1
66	3
65	1
26	2
63	2
86	1
2	1
37	1
83	1
71	1
82	5
81	1
75	1
66	1
6	3
34	4
88	1
35	1
42	1
8	33
90	5
8	1
48	1
42	1
46	2
36	2
90	14
49	4
26	7
92	4
12	1
15	1
76	7
54	2
62	1
73	1
6	1
93	2
76	4
34	4
97	11
100	1
36	7
50	1
13	1
44	20
70	3
26	1
12	1
13	1
92	5
75	2
69	2
1	1
53	1
69	7
54	1
87	1
68	1
2	13
81	22
8	1
8	2
46	1
16	1
95	3
100	1
55	1
39	4
16	1
40	3
44	2
55	3
33	2
70	2
6	1
32	3
4	13
97	3
13	1
64	7
70	2
31	1
82	2
82	1
64	6
84	1
13	1
40	4
12	3
32	4
64	1
29	1
5	1
68	1
41	41
27	1
45	1
86	1
29	4
27	8
40	2
50	3
53	2
2	1
51	1
81	1
47	2
32	1
90	1
23	1
34	3
93	1
57	3
9	3
97	1
29	2
1	1
93	6
71	1
17	3
78	3
38	1
61	2
30	2
25	1
81	1
52	2
40	3
2	1
96	3
87	1
39	1
6	1
40	3
28	1
53	1
56	2
84	3
63	2
18	1
16	1
97	5
74	3
78	1
36	2
78	1
49	2
60	1
2	1
81	5
58	1
37	1
75	1
33	1
36	3
28	2
52	1
21	1
63	1
52	2
74	1
23	1
100	2
27	1
85	1
33	1
44	6
59	1
92	1
11	1
93	1
29	8
65	1
20	1
50	6
29	2
56	2
97	1
37	2
60	2
35	2
68	17
65	6
48	1
21	2
83	2
47	1
60	4
64	7
89	7
54	6
89	1
72	1
17	1
8	4
33	12
20	1
72	1
30	1
41	1
80	2
66	1
90	2
88	1
55	2
19	3
49	1
70	1
91	4
31	1
13	1
92	3
15	9
69	1
85	10
45	4
35	4
41	10
86	3
30	4
60	13
53	2
6	1
79	2
59	2
98	2
72	11
55	7
56	1
34	1
83	1
56	11
92	5
46	9
76	1
22	12
26	1
94	2
99	2
30	2
81	1
79	7
73	3
94	2
60	2
20	4
58	5
64	2
24	1
30	1
87	1
38	1
28	1
46	5
3	4
86	3
58	3
90	2
2	2
10	2
63	11
55	1
8	2
72	3
30	3
34	6
56	8
31	1
1	2
13	1
7	1
41	4
15	4
46	2
66	1
28	3
87	4
51	3
52	1
29	2
75	4
1	1
36	1
18	4
11	5
95	1
80	3
85	1
18	3
61	3
36	1
14	2
71	6
20	2
37	1
7	1
14	2
98	8
43	2
90	1
96	7
22	4
71	1
73	2
87	1
74	1
22	1
47	1
2	2
69	3
19	1
6	4
87	4
85	1
69	1
81	2
62	2
43	1
11	12
24	3
49	1
22	1
84	1
17	1
87	1
27	1
64	3
88	12
86	2
78	1
50	4
70	3
16	3
47	2
27	1
27	1
18	3
100	1
21	1
90	1
53	3
15	2
100	7
18	2
78	5
91	5
5	6
94	2
23	1
99	2
13	27
28	2
77	1
83	5
95	1
7	2
88	3
67	1
27	1
23	14
78	2
35	1
24	2
7	1
72	2
48	1
33	1
15	5
6	2
10	5
69	1
51	15
41	4
46	5
52	1
75	6
85	1
68	4
89	2
6	2
30	1
45	8
80	3
23	1
7	7
89	1
5	1
34	1
12	5
16	11
51	1
97	1
50	5
94	4
89	1
51	2
52	2
79	1
57	1
72	1
90	1
42	2
3	14
90	11
6	1
30	2
46	4
42	1
93	2
86	3
34	1
98	4
86	2
72	6
33	2
8	1
55	2
15	5
76	1
71	1
13	5
40	4
29	1
6	6
67	1
53	1
82	1
90	1
82	7
60	1
56	1
36	1
16	2
18	2
10	3
75	1
92	2
85	4
94	1
93	1
84	1
64	3
99	1
83	2
66	1
94	1
60	3
34	4
34	1
69	3
91	2
70	3
56	3
7	1
47	3
13	3
96	1
46	1
33	2
26	1
21	1
22	1
3	3
7	1
57	2
84	3
70	2
34	1
10	3
30	21
90	7
37	1
21	2
84	2
13	9
2	7
32	1
64	1
81	1
22	2
49	1
89	1
13	2
98	2
13	1
81	1
72	3
39	13
2	2
97	4
83	4
98	1
77	2
99	2
83	2
47	3
81	1
4	1
8	3
19	2
80	2
73	1
68	2
48	2
37	5
35	2
46	6
36	1
46	1
32	1
7	5
63	1
64	1
32	1
19	1
42	1
2	1
54	10
81	1
90	1
96	3
92	1
9	2
68	2
62	2
33	3
28	4
6	1
65	18
13	2
88	3
33	6
23	1
9	1
86	1
25	6
27	35
27	3
43	4
40	1
44	1
75	2
71	3
65	1
18	1
17	1
86	1
97	2
39	1
15	1
7	1
58	1
7	1
71	1
81	1
57	1
34	1
98	1
63	1
90	1
42	1
36	2
59	1
86	1
41	3
74	1
91	1
84	1
18	1
50	4
16	1
73	2
88	1
4	2
35	1
82	1
2	1
54	2
53	3
10	1
91	4
44	3
17	4
82	3
80	1
83	1
88	1
95	2
28	2
78	2
46	2
89	3
80	3
60	1
84	3
29	9
3	1
60	2
98	1
56	1
24	2
24	12
96	1
38	2
72	1
36	1
78	2
65	12
69	1
41	8
44	1
78	8
93	3
20	7
30	1
20	1
64	3
63	1
65	9
33	1
19	1
54	2
47	1
57	2
93	1
66	1
70	1
37	3
84	1
53	4
82	1
17	3
66	1
55	1
84	1
19	7
10	1
2	1
41	4
70	2
6	1
72	3
34	2
90	1
15	3
82	1
17	4
92	4
30	5
16	2
84	8
66	4
5	1
100	1
76	1
81	1
59	2
61	2
63	1
10	2
95	1
24	1
41	3
96	1
12	2
82	1
97	1
91	2
66	1
50	1
62	1
27	1
34	1
65	1
40	1
77	4
68	1
48	1
19	5
78	1
58	3
29	4
11	3
8	6
65	2
21	3
91	3
99	1
37	1
25	3
88	1
13	1
53	1
15	8
7	4
54	1
56	1
18	2
57	5
97	3
86	2
100	1
68	1
4	2
60	1
84	1
81	11
53	1
8	1
56	2
12	2
30	5
47	1
88	12
76	11
28	1
53	1
40	9
24	1
29	9
23	1
85	2
60	1
40	8
57	2
33	4
60	1
90	1
61	2
12	1
12	1
48	7
18	1
37	1
82	2
28	1
28	3
11	1
2	4
7	1
1	1
81	1
53	2
69	1
50	5
100	4
71	3
77	15
85	4
82	1
81	2
23	1
25	1
48	3
39	1
87	2
96	3
50	3
40	2
16	14
1	5
50	9
13	2
12	2
43	2
16	1
5	7
83	2
26	2
7	1
39	1
6	5
64	1
38	3
76	13
44	2
20	1
100	1
71	5
34	1
7	5
87	1
42	3
92	1
55	1
35	1
96	2
32	1
47	3
66	9
74	10
50	3
54	3
30	1
11	4
40	3
15	9
80	1
100	18
26	1
73	2
51	4
52	1
31	2
3	3
71	1
5	4
21	5
21	1
86	11
16	2
100	1
52	1
41	3
2	1
8	1
78	2
94	1
92	2
78	2
71	3
22	1
21	6
38	2
96	1
76	1
48	1
97	4
6	27
53	1
55	1
85	2
23	1
13	2
53	2
8	1
43	1
50	1
22	1
59	1
62	1
84	5
62	1
60	2
68	2
78	2
76	1
7	3
91	1
64	1
65	1
17	2
51	1
73	1
57	6
45	1
18	6
79	2
59	1
97	5
53	1
100	2
39	1
30	1
29	1
75	2
15	2
52	1
62	1
93	4
7	2
40	32
64	4
2	2
59	6
99	1
76	1
95	1
56	1
47	1
21	6
77	1
65	8
56	1
3	19
47	2
84	2
33	7
59	1
72	3
37	1
32	1
69	2
30	9
6	5
8	2
50	1
66	2
15	1
43	1
21	2
26	1
79	2
3	1
45	33
6	1
96	1
44	1
18	1
40	2
2	1
2	4
86	3
68	3
39	4
16	1
50	3
15	1
52	1
69	2
46	4
28	1
66	2
57	3
48	5
6	1
46	1
3	1
25	1
30	3
79	1
26	2
91	2
60	2
12	1
41	36
5	2
51	4
42	2
53	1
55	1
38	1
17	2
83	1
62	3
60	1
61	5
73	1
29	7
96	2
64	1
2	2
55	5
90	4
10	1
86	2
55	4
16	1
67	1
16	1
13	3
21	3
12	2
28	2
76	2
37	2
59	5
11	1
89	2
62	4
97	1
14	1
21	1
74	1
30	3
68	1
15	7
19	4
32	3
71	1
22	3
50	1
96	1
45	8
63	1
85	3
4	1
61	1
78	5
16	1
74	13
53	13
22	5
19	7
69	1
15	1
47	1
22	1
27	2
29	2
24	1
99	1
11	1
55	2
45	3
51	7
4	1
7	3
25	17
33	1
65	2
35	3
63	2
56	1
26	2
30	16
96	1
79	2
92	2
50	4
55	2
54	4
54	1
35	5
88	3
23	3
67	2
66	2
17	1
70	1
8	2
42	4
32	1
13	1
58	1
10	2
13	26
70	8
27	1
48	1
76	5
70	2
31	2
22	1
60	5
41	2
95	1
23	3
59	8
52	1
1	1
27	1
76	1
31	2
57	1
21	1
99	1
25	2
77	1
81	1
89	1
8	3
7	3
60	1
16	7
32	3
76	2
81	1
59	1
57	19
92	3
98	1
67	1
23	6
19	10
83	1
28	2
42	1
71	6
3	2
16	1
6	2
44	11
94	2
100	2
20	6
27	3
85	3
90	1
39	7
14	1
20	4
15	1
78	1
14	4
76	1
66	10
72	3
19	1
15	1
67	16
61	3
3	5
41	1
3	1
4	1
4	11
8	3
36	1
8	1
65	1
82	1
15	1
91	2
22	1
3	15
90	1
84	3
7	8
88	1
55	1
77	1
18	5
80	4
21	3
53	18
69	3
67	1
92	4
68	1
65	10
53	5
32	8
50	1
12	2
51	1
80	1
27	3
14	1
1	3
45	3
72	9
39	4
49	1
51	2
95	6
38	5
21	4
86	1
11	1
59	3
66	7
39	5
38	1
3	4
38	2
43	1
12	7
51	1
15	1
28	9
15	9
59	6
37	23
58	2
45	3
59	16
6	2
6	1
1	1
33	13
7	6
99	9
59	2
30	1
49	1
33	1
25	1
2	1
87	1
60	2
27	1
92	1
15	4
78	1
9	5
4	1
36	5
85	4
2	1
19	1
26	2
17	1
46	2
62	6
29	2
14	1
39	3
38	1
7	1
71	3
29	4
82	10
80	4
62	1
35	1
35	1
36	10
9	2
20	1
17	10
43	3
2	2
87	1
85	1
58	1
60	3
32	2
53	3
10	1
96	3
99	2
3	1
32	1
18	1
84	1
99	5
16	1
6	2
95	4
99	2
48	4
41	5
2	1
94	3
11	2
54	2
22	1
94	1
70	1
56	2
49	5
79	6
9	4
22	8
78	1
58	4
81	8
8	1
43	2
44	1
94	1
14	1
4	1
20	1
22	1
77	7
32	3
38	3
95	1
95	1
82	1
100	1
2	6
95	1
13	1
1	1
86	2
21	4
24	1
65	1
19	1
20	4
52	3
95	1
20	2
21	1
45	1
67	3
32	2
94	1
51	2
49	1
11	1
29	2
14	1
32	1
90	2
86	1
11	2
39	2
21	2
35	3
32	1
15	1
61	3
58	5
6	3
51	6
79	2
51	3
75	2
28	3
84	13
6	3
45	6
28	4
7	1
33	1
62	6
52	3
8	2
37	1
67	1
29	5
17	1
93	1
64	3
7	1
84	2
45	2
60	5
96	1
33	2
56	1
80	2
19	7
68	3
51	2
93	1
34	1
14	7
4	2
97	6
76	1
26	5
12	1
43	1
50	1
88	1
72	1
64	3
5	3
97	1
20	3
90	4
2	1
79	1
33	1
19	10
7	5
80	2
80	1
78	2
49	1
38	1
35	4
10	8
35	3
97	3
100	2
58	2
94	1
10	1
63	2
33	3
75	2
91	8
86	1
86	1
36	5
53	1
79	4
12	1
73	1
70	1
99	4
76	6
15	2
69	3
16	2
50	1
65	2
47	2
12	4
35	1
59	1
21	19
5	2
2	2
44	2
100	6
51	2
37	1
12	2
94	1
58	5
21	5
38	5
75	3
52	1
100	1
99	2
51	1
55	2
84	5
28	3
44	4
11	3
94	1
37	1
53	3
85	4
67	2
41	1
23	1
1	1
57	1
97	2
59	1
12	4
54	2
77	1
68	1
81	17
61	1
52	5
11	5
38	1
58	2
70	10
25	2
6	1
74	1
41	6
6	1
73	4
94	1
59	15
88	1
73	3
57	2
65	2
12	15
96	1
36	5
53	2
88	4
93	1
13	1
44	6
36	1
80	1
69	1
41	2
77	1
8	2
93	3
4	4
78	1
77	1
16	5
76	2
91	3
67	1
53	3
72	1
30	8
21	1
89	1
54	18
31	3
54	12
37	1
79	1
59	2
30	3
35	7
81	3
26	2
80	10
9	1
70	1
54	22
88	7
56	2
63	3
6	1
60	1
24	1
60	5
96	17
12	3
47	1
60	5
44	4
53	2
42	2
94	6
17	4
41	3
73	24
61	1
18	1
25	4
62	1
79	6
25	1
91	2
34	1
46	1
41	5
81	1
25	2
81	4
54	2
16	1
76	8
8	2
99	6
90	2
68	3
73	1
58	3
15	1
65	3
68	1
62	9
42	1
73	12
78	1
96	3
3	5
72	1
68	2
94	2
86	2
77	1
5	20
73	2
77	7
30	4
45	1
95	1
29	3
60	1
92	5
51	1
82	12
8	3
97	1
58	2
66	2
40	7
20	1
40	2
52	1
43	1
13	10
33	1
3	1
99	1
3	2
44	7
76	6
85	1
56	4
5	1
28	2
91	1
59	4
47	3
52	2
57	1
26	2
60	2
86	1
26	1
12	4
76	1
72	1
62	1
5	30
100	3
14	1
36	5
25	2
82	2
71	4
95	2
79	2
29	3
64	6
8	3
75	1
13	9
46	30
24	2
44	2
86	2
18	1
80	1
3	2
69	1
51	1
73	1
68	1
97	5
59	2
6	10
38	4
30	1
96	1
84	1
80	1
99	2
42	5
42	1
91	6
21	2
24	1
22	1
98	2
75	4
25	1
40	2
2	2
96	3
25	4
40	11
52	1
57	1
69	4
89	3
60	14
52	17
6	12
79	1
94	1
58	1
32	7
83	1
17	8
35	2
60	1
1	4
64	5
9	7
56	4
43	24
10	3
50	2
70	1
17	2
32	1
84	2
74	1
49	2
95	2
86	1
8	1
21	2
96	1
7	1
78	2
17	1
94	4
53	3
98	8
29	6
98	1
45	1
81	1
64	20
79	1
33	1
87	1
61	1
34	2
84	2
68	3
1	1
71	2
28	13
25	1
49	1
72	10
44	1
41	1
79	1
59	1
9	1
68	1
27	2
40	1
67	4
63	2
21	1
71	1
52	5
56	1
20	1
45	8
84	1
25	12
56	6
77	1
28	3
37	1
48	7
69	1
35	10
32	3
67	1
55	2
52	6
18	2
41	2
37	7
52	2
38	2
95	3
75	2
61	3
81	3
38	1
25	1
35	1
79	6
61	1
18	1
47	4
34	6
2	3
63	2
34	1
63	2
17	1
2	1
99	4
88	2
34	1
13	3
19	4
20	1
76	11
94	2
25	2
60	2
52	2
30	6
25	2
64	1
81	1
21	2
51	3
19	1
23	12
56	1
26	8
23	8
13	13
74	8
46	2
14	1
11	1
33	5
38	1
80	1
14	2
49	2
12	6
100	3
2	1
79	7
31	1
79	2
21	1
83	2
88	2
15	4
42	1
85	2
95	1
49	2
15	1
72	1
67	1
12	5
30	1
94	6
94	4
6	4
75	2
84	2
87	3
12	2
96	1
11	1
11	1
98	1
59	3
55	1
96	3
93	15
59	1
89	1
62	1
70	1
86	4
2	1
2	4
4	26
13	1
40	3
76	2
5	1
10	3
58	1
29	3
33	1
92	3
43	1
67	3
40	3
17	4
27	1
59	4
68	1
47	2
98	1
95	3
7	2
13	4
12	1
70	2
79	2
17	1
13	2
86	1
38	1
98	2
72	1
98	4
30	1
97	2
70	1
33	1
99	1
97	1
37	3
59	2
27	1
41	1
62	1
47	2
31	1
67	1
3	3
45	1
65	1
16	2
85	1
14	4
97	1
45	2
28	1
52	1
30	2
48	2
69	1
93	11
42	1
54	1
28	1
81	2
91	4
77	4
95	11
10	1
4	3
76	2
57	5
40	1
71	2
80	2
34	7
42	8
83	3
23	6
97	1
1	1
50	1
14	5
72	1
39	1
28	1
10	5
45	2
73	1
36	3
9	3
76	1
48	1
97	2
68	4
25	1
32	1
49	1
22	2
71	5
47	9
78	10
86	4
4	1
92	1
14	2
64	5
51	4
46	3
33	3
92	3
85	3
82	1
23	1
53	2
16	1
94	1
6	1
19	1
41	1
52	2
10	4
42	2
78	1
11	3
4	5
18	2
28	2
20	1
55	2
94	3
74	1
66	3
18	1
92	1
98	2
63	1
62	3
71	7
94	4
53	1
86	1
36	3
22	1
66	2
31	2
49	3
49	2
87	1
2	3
27	3
25	1
9	1
96	1
29	1
15	1
38	5
4	2
16	2
33	1
4	3
43	4
19	31
69	4
61	1
35	1
72	1
28	13
49	1
15	2
65	1
62	2
81	2
27	3
93	2
29	1
74	7
51	1
15	2
49	22
45	2
14	3
46	1
1	2
17	1
75	3
48	1
34	1
53	4
25	1
23	1
45	9
76	1
40	5
70	2
17	8
75	5
83	6
75	1
66	1
1	1
23	2
28	1
29	1
73	1
76	1
9	11
91	2
19	1
78	6
21	1
54	2
28	2
68	2
22	1
97	1
77	7
75	1
79	4
83	1
59	3
98	1
82	19
55	5
21	2
91	1
82	1
88	1
84	1
15	1
92	2
80	3
81	16
23	2
60	2
14	1
66	2
88	1
50	3
50	1
79	3
15	1
89	4
21	3
9	2
29	1
97	4
71	4
65	1
92	1
49	4
93	4
68	2
13	1
27	2
43	2
6	1
16	1
11	1
18	8
22	1
22	2
6	2
99	2
36	2
98	1
47	12
49	14
74	7
36	9
27	2
56	1
87	1
78	4
59	1
67	2
92	4
50	4
83	1
71	2
90	2
5	2
61	1
54	1
66	1
86	1
71	2
75	2
65	1
5	4
50	1
7	23
14	2
42	1
8	7
17	2
83	1
37	3
73	2
30	1
83	2
33	1
60	3
13	2
15	2
51	1
91	3
10	1
65	3
51	1
67	13
73	1
87	1
96	1
3	1
1	5
44	1
41	3
44	3
31	1
21	3
75	1
89	7
14	3
86	6
82	1
82	2
57	4
67	2
78	8
81	10
5	2
15	4
30	2
49	2
68	10
92	9
31	9
29	1
90	2
59	3
22	1
28	12
59	2
82	1
62	6
66	6
37	1
14	4
89	2
78	1
82	3
2	1
5	2
7	1
97	6
68	1
8	3
48	1
89	2
2	1
42	1
72	1
98	10
95	2
51	2
94	2
93	1
96	2
78	1
95	7
23	2
95	4
57	1
96	2
22	1
100	9
15	3
40	3
8	1
50	2
58	1
43	1
90	1
99	2
44	1
92	1
6	6
49	1
80	7
60	1
45	1
64	3
81	2
75	21
90	1
99	1
18	1
49	1
30	4
26	1
43	7
44	2
56	2
62	1
39	1
88	1
83	5
46	1
59	2
4	1
95	2
50	6
94	1
19	6
48	5
100	3
14	1
42	3
90	1
7	1
28	1
15	1
2	1
73	2
31	4
63	9
29	1
89	9
62	2
49	1
55	1
3	4
95	3
40	1
98	1
16	1
45	9
87	2
42	2
9	1
39	1
49	1
34	1
93	1
96	3
56	5
40	2
70	2
53	2
22	1
59	2
79	2
19	13
52	5
75	1
33	10
34	1
32	1
70	6
62	12
16	1
66	1
26	5
93	7
48	9
84	2
2	2
13	12
78	1
81	1
28	1
17	5
97	1
28	1
23	1
82	6
10	2
96	1
86	2
17	1
5	3
43	5
13	3
27	1
22	1
42	3
23	13
62	2
57	1
37	1
34	1
72	2
69	3
31	5
59	1
91	3
51	1
21	15
91	4
5	1
57	1
65	1
7	1
2	2
19	1
45	6
7	1
47	1
86	4
82	1
80	4
59	1
61	2
44	1
30	1
67	2
97	1
69	4
9	1
69	2
59	4
35	1
32	7
92	1
62	2
65	1
1	1
74	5
6	5
63	1
69	1
24	2
13	2
72	12
61	2
52	1
5	1
88	1
18	1
57	1
56	1
23	2
48	1
68	3
65	2
91	2
11	5
1	1
6	5
96	2
12	3
41	7
36	1
55	1
7	4
88	2
85	1
69	2
10	2
41	2
17	1
10	11
97	3
2	2
34	1
25	9
47	1
64	1
93	3
91	2
81	1
16	4
39	1
1	1
71	4
73	3
23	5
18	1
44	1
26	2
68	1
73	1
66	1
100	2
53	8
60	2
19	8
2	1
10	2
57	2
46	2
71	2
63	1
92	4
59	2
34	1
18	5
45	2
93	3
93	1
86	1
83	2
79	4
13	1
90	2
24	1
99	1
7	2
85	1
71	2
18	1
22	1
62	3
22	4
13	1
3	12
69	3
54	1
73	3
39	2
87	1
100	2
7	2
50	1
8	1
86	1
27	2
64	3
76	2
46	1
2	1
38	2
85	8
69	3
9	1
70	3
72	7
32	1
79	1
21	1
4	1
68	8
17	6
70	11
20	1
80	20
14	11
91	2
60	2
58	2
70	2
15	1
100	2
71	2
82	2
20	3
1	1
18	1
70	1
60	1
53	1
61	1
9	3
68	1
15	2
40	6
56	7
77	1
3	1
37	4
42	1
72	2
43	2
10	1
28	2
52	2
61	3
50	1
67	3
40	8
95	3
17	3
84	2
57	1
44	1
21	1
48	2
31	3
33	42
5	3
14	1
91	2
20	2
46	1
10	2
19	1
64	1
5	1
31	1
85	1
5	1
12	3
1	7
94	2
38	5
44	1
6	17
76	3
26	7
15	13
10	2
90	17
71	5
71	5
7	2
75	2
16	2
16	2
84	2
100	9
11	2
72	1
80	1
45	3
24	2
44	2
95	3
57	1
80	1
66	1
38	3
49	1
30	1
68	4
77	1
85	4
65	1
55	8
59	1
53	2
62	1
14	3
34	1
73	2
100	1
2	12
82	1
89	3
18	8
27	26
78	1
33	3
19	2
90	1
38	3
10	4
42	1
8	1
96	1
91	2
70	3
84	1
47	3
65	4
84	2
62	1
1	1
55	5
80	1
51	3
89	8
69	4
86	1
9	24
59	13
80	1
44	5
82	1
38	4
9	3
36	3
34	5
63	2
11	1
35	1
64	2
21	3
57	1
11	12
39	2
65	1
1	2
84	2
53	1
28	1
46	1
83	1
3	1
70	21
91	1
75	2
31	2
37	1
5	3
4	1
20	2
13	1
79	3
53	1
22	1
44	4
47	17
98	1
22	1
62	3
75	1
66	2
83	2
95	1
5	7
82	1
18	1
47	1
95	1
79	12
83	1
82	1
99	1
78	1
98	1
85	1
79	2
32	2
8	1
99	2
76	1
40	1
31	1
94	1
90	1
92	2
98	1
53	1
56	1
20	1
24	7
80	2
10	2
14	1
88	1
81	3
97	3
61	1
11	1
3	12
77	4
75	2
22	6
74	1
60	10
33	1
53	2
85	1
74	2
30	7
15	2
77	1
35	11
89	1
94	1
48	1
40	10
48	2
49	1
42	1
17	1
43	2
38	1
82	1
30	1
24	13
74	2
6	1
92	3
56	4
40	3
7	1
24	3
91	5
26	4
84	1
58	1
15	2
5	1
9	4
59	2
29	1
88	1
95	1
83	2
64	5
52	2
52	5
75	3
51	1
26	10
46	1
12	1
33	6
59	2
6	2
78	2
5	11
72	1
96	5
1	1
28	7
33	1
32	1
73	2
59	6
20	3
37	8
19	2
2	2
63	1
51	8
93	1
8	5
6	1
21	1
67	11
11	4
79	1
58	2
27	1
53	4
76	5
80	2
11	3
76	6
40	5
16	2
32	6
51	6
30	3
44	7
19	1
99	1
99	1
100	12
76	1
23	4
45	2
50	4
87	1
31	5
2	1
14	3
73	1
70	5
88	2
2	1
70	1
7	6
7	7
45	2
61	1
90	3
24	2
64	3
15	1
93	3
92	2
100	2
22	2
18	3
86	9
67	5
70	4
27	9
82	3
62	2
93	2
51	7
93	2
79	13
9	7
26	6
28	1
16	4
47	3
10	2
3	1
91	1
52	1
99	2
92	1
27	1
15	1
1	5
43	1
18	3
1	2
3	2
69	1
29	1
2	3
50	3
66	4
27	1
62	1
2	2
89	13
37	2
57	2
15	1
19	3
2	1
27	2
99	7
25	1
13	4
69	13
33	1
7	1
4	3
87	12
72	1
85	2
83	3
97	1
91	1
32	8
86	1
47	1
57	3
67	1
100	6
36	3
21	2
94	2
13	4
81	1
56	2
44	1
57	10
38	1
60	3
91	5
31	1
85	1
12	2
9	6
85	1
47	1
41	2
81	5
20	5
40	1
29	1
68	14
80	5
84	1
78	1
87	5
14	3
95	3
73	5
40	7
50	2
67	3
77	2
46	11
12	1
75	2
73	1
29	1
99	3
42	2
89	12
36	2
3	1
79	15
85	1
84	6
7	2
28	2
1	1
31	6
10	2
55	4
52	1
85	3
98	2
30	1
58	5
40	5
46	2
34	2
91	12
68	1
23	2
79	2
71	3
38	2
71	1
66	8
79	6
75	3
80	31
14	4
20	12
48	1
26	6
47	2
55	2
64	19
12	5
52	3
56	1
67	1
33	1
99	2
86	2
40	2
77	1
6	5
62	1
13	2
91	3
55	8
77	2
25	1
12	10
75	1
69	1
44	3
24	1
16	2
67	2
79	11
12	3
42	3
93	1
59	2
18	1
83	1
35	2
86	8
87	2
17	2
4	3
8	2
6	8
93	3
30	2
18	3
10	1
13	1
65	3
89	3
40	2
80	2
31	9
71	1
81	3
72	1
51	4
15	1
53	13
79	7
29	1
26	1
6	9
93	2
65	1
4	3
4	4
29	1
52	1
3	2
38	1
67	1
56	1
43	1
40	2
94	3
68	5
11	6
9	2
95	1
87	3
28	2
33	1
28	4
54	1
67	2
55	1
30	14
67	2
22	1
96	1
26	14
37	1
40	1
90	1
21	2
84	3
19	1
3	9
4	5
28	5
51	1
56	6
96	13
8	2
27	1
35	3
70	1
92	2
68	1
95	2
62	4
88	2
98	5
77	6
50	1
24	2
90	3
37	1
52	1
5	2
99	2
34	3
13	1
81	2
11	2
72	2
9	2
3	1
100	2
59	1
87	2
54	2
16	2
64	1
85	1
49	2
62	1
8	1
11	2
6	1
67	1
92	1
87	23
32	2
25	2
39	1
28	3
90	4
85	2
62	1
76	2
57	1
44	1
62	2
3	1
75	3
47	1
95	2
12	5
23	4
21	1
50	1
57	36
91	1
95	1
14	3
62	2
58	2
37	3
11	1
90	4
12	1
2	2
21	3
37	1
52	1
55	1
56	1
43	1
4	1
51	1
58	1
91	4
21	1
38	1
18	3
67	1
66	2
40	2
85	3
32	1
84	9
41	3
1	4
37	6
72	1
25	3
3	3
48	1
41	7
5	1
15	3
40	1
42	2
70	3
6	1
66	3
91	1
31	1
40	1
99	12
58	2
44	4
37	2
34	1
79	2
88	4
12	1
28	1
9	2
83	1
50	8
58	1
9	1
35	1
7	11
63	1
8	5
76	2
100	1
74	4
51	1
26	1
43	6
20	12
2	13
68	2
6	8
95	2
16	14
14	1
14	1
91	2
34	2
18	2
79	2
15	1
7	2
96	1
94	1
51	1
20	1
50	1
46	1
91	1
24	1
35	1
32	15
11	1
43	1
3	1
22	1
2	1
57	2
28	1
15	2
49	2
99	5
11	8
93	1
56	1
57	2
5	1
67	4
9	5
98	4
82	1
80	2
50	6
84	2
90	3
6	1
84	1
39	1
99	2
99	1
46	3
97	3
47	1
21	3
72	1
18	3
41	1
39	1
36	3
67	3
72	5
18	1
80	4
1	1
86	3
85	8
6	2
38	1
43	2
11	2
80	6
70	2
28	1
11	3
82	3
92	4
5	1
60	1
17	5
15	1
59	2
37	1
79	2
20	2
36	3
91	2
9	1
35	1
72	1
3	1
78	2
10	5
6	4
18	1
29	1
28	4
30	3
55	4
90	4
33	2
56	10
91	1
86	1
4	2
74	8
15	3
55	1
85	4
93	1
86	1
34	1
11	6
29	3
75	18
44	6
46	1
81	1
67	6
13	6
75	3
80	1
89	8
13	3
47	5
27	1
29	2
97	1
26	3
8	1
46	15
6	8
2	1
78	2
56	2
90	2
29	10
71	2
8	1
94	3
91	2
37	2
35	2
9	3
9	9
60	5
67	1
96	12
7	2
88	1
16	6
43	1
2	4
64	9
47	1
14	1
32	1
7	1
35	2
26	1
84	6
49	1
5	2
74	1
70	1
72	1
41	1
80	5
79	5
3	3
56	3
14	1
19	1
53	3
40	1
100	11
66	1
28	4
97	2
33	1
13	2
54	2
22	9
48	2
31	1
78	2
18	1
73	1
63	2
93	1
6	3
28	1
96	1
44	1
56	4
61	18
32	1
74	2
50	1
5	1
74	1
18	1
73	1
31	2
18	19
41	2
19	3
97	4
23	2
58	5
68	3
51	6
36	3
4	1
48	1
69	2
42	1
16	4
80	6
52	1
73	2
24	6
60	1
57	1
61	6
16	2
35	1
79	1
41	2
11	18
93	1
65	1
17	2
51	10
78	1
46	1
46	13
93	19
41	1
91	9
66	1
33	1
24	1
26	1
96	4
56	2
67	1
74	1
51	1
83	1
78	1
31	1
49	2
80	1
76	1
94	2
80	1
45	2
88	7
70	1
58	7
74	1
48	2
59	1
23	7
31	1
21	12
75	5
87	3
61	2
28	14
7	2
31	1
65	1
73	2
4	11
63	2
54	1
24	7
61	7
57	3
98	1
55	1
97	2
30	3
7	3
63	1
68	1
15	1
15	2
19	2
70	11
95	6
43	1
91	1
68	1
97	1
23	2
41	2
96	1
79	2
79	1
18	3
38	1
83	1
23	4
21	5
85	1
19	2
38	3
34	2
55	2
74	1
85	2
99	22
35	1
37	1
74	10
64	6
38	5
66	2
50	1
4	3
5	2
61	2
30	3
51	1
29	2
64	2
89	4
97	1
42	2
40	3
87	1
29	3
100	1
35	44
84	1
83	2
11	3
82	1
41	18
75	12
7	6
34	6
51	3
73	2
14	1
59	1
15	3
27	5
85	1
67	2
3	1
8	1
96	2
53	6
72	4
9	4
17	10
28	14
75	8
64	18
12	5
44	2
13	1
97	6
35	6
65	13
64	2
3	2
12	1
46	1
38	2
64	1
99	3
26	1
43	1
17	1
62	1
36	2
81	1
24	2
95	1
9	3
12	23
68	1
69	1
10	1
71	1
65	1
68	1
98	2
30	6
67	10
73	3
17	3
86	3
72	4
80	2
41	1
42	1
17	4
25	2
73	2
3	1
67	1
78	2
31	4
77	3
49	9
3	1
6	2
9	1
72	1
61	3
82	1
72	1
68	1
28	1
94	2
28	1
51	1
76	1
63	1
82	1
5	3
29	4
76	2
43	2
77	2
12	1
8	2
8	1
83	13
67	2
17	1
88	3
51	2
52	1
20	2
77	1
21	11
90	7
93	2
95	1
86	3
31	1
93	3
72	2
77	1
2	1
37	2
65	1
5	3
100	1
1	2
3	2
32	3
68	4
23	2
49	1
72	2
5	4
21	6
90	1
18	3
94	1
85	2
41	2
74	1
16	2
20	3
98	2
10	3
31	3
31	2
96	2
10	1
70	4
79	6
79	2
55	1
50	4
30	1
79	2
86	5
32	3
63	1
7	1
45	1
60	2
69	2
82	5
58	12
60	1
14	2
84	1
61	1
6	1
27	1
96	12
81	2
68	1
7	4
19	1
64	1
83	1
36	2
61	2
18	10
29	1
57	4
99	1
49	1
11	1
44	1
91	1
37	1
20	1
85	2
99	1
20	3
31	5
96	1
100	19
63	2
96	47
43	3
40	6
3	2
71	17
9	2
22	1
71	5
92	1
83	3
6	5
22	1
60	1
79	1
82	3
38	1
11	1
23	1
24	3
53	4
75	2
6	5
61	2
41	1
35	2
42	3
80	17
28	2
32	1
50	3
50	13
42	1
71	1
15	1
93	2
91	1
83	9
66	1
77	4
95	3
84	1
3	4
52	1
54	2
40	1
100	1
93	1
2	1
8	2
9	6
34	3
70	8
100	2
58	1
97	1
42	13
93	1
95	1
27	15
30	2
2	3
7	2
21	5
10	1
75	2
80	1
21	2
75	1
89	2
51	1
41	1
69	1
89	6
80	1
63	1
84	7
90	1
63	3
50	2
42	2
41	2
36	2
75	2
85	5
99	1
51	1
80	1
23	2
35	2
86	18
62	1
13	1
11	1
65	1
98	7
89	3
79	1
4	10
86	3
19	1
27	1
74	1
41	8
77	8
97	1
71	10
83	3
13	1
62	1
5	1
35	2
2	4
69	7
18	1
48	1
42	8
57	3
84	7
63	1
71	1
74	1
21	7
81	1
1	4
62	2
5	1
50	1
61	8
66	2
23	5
17	2
40	2
31	2
22	1
87	13
55	5
90	5
20	19
61	1
15	8
77	2
70	4
29	2
43	2
63	1
60	1
81	1
56	1
25	1
7	5
26	3
28	1
36	1
88	3
19	2
22	3
73	1
72	3
24	2
48	3
82	2
68	1
61	3
76	6
5	9
100	12
43	1
48	13
26	1
78	5
36	1
90	3
41	1
62	1
26	1
53	1
71	1
73	2
47	1
67	1
34	3
36	1
45	4
57	4
17	5
65	1
36	5
65	1
66	16
43	1
90	13
2	1
19	1
42	2
25	1
20	1
26	1
85	1
90	1
92	2
79	1
62	1
62	1
42	1
3	2
22	1
31	7
3	1
100	1
18	4
4	4
86	6
43	1
51	3
16	1
90	3
51	1
12	1
29	4
43	6
42	1
79	5
39	6
25	3
77	1
67	6
30	1
60	1
26	1
8	1
57	1
91	3
51	1
22	1
7	3
66	1
29	6
72	2
76	12
9	2
89	4
83	1
31	1
41	5
57	8
1	1
48	1
71	1
44	3
29	16
8	13
50	6
89	6
7	4
68	1
16	1
94	6
25	1
45	1
31	2
17	3
65	3
25	5
15	11
30	1
71	1
89	2
29	2
45	1
93	1
54	1
72	1
63	21
22	3
65	3
59	4
87	9
98	1
61	3
83	7
6	2
31	13
77	2
75	5
46	1
88	1
31	1
97	1
7	1
51	1
74	1
56	2
83	2
74	1
16	1
85	4
61	1
71	1
74	3
61	1
16	3
70	9
59	2
91	2
36	3
40	1
2	1
20	1
100	1
27	1
2	1
92	1
25	4
3	1
59	1
70	2
15	2
24	1
57	1
90	1
6	1
53	3
76	1
91	3
70	1
45	1
31	3
36	1
51	2
57	16
5	1
87	2
69	1
44	16
75	1
21	6
14	1
39	6
98	6
19	3
1	2
89	2
4	1
37	4
66	1
14	6
75	2
92	1
61	2
72	4
21	3
19	2
17	4
27	1
89	1
32	2
12	1
71	4
48	1
20	3
56	1
34	1
37	1
25	1
12	2
36	4
88	14
18	1
62	4
70	1
92	6
94	1
73	9
70	1
75	2
84	10
27	2
12	1
93	3
12	2
84	1
36	6
5	3
27	1
48	3
20	1
48	8
95	2
81	1
91	2
5	1
89	2
42	7
46	2
88	3
39	1
60	4
94	2
31	1
83	10
67	2
69	2
19	3
34	1
79	2
6	1
50	3
18	2
46	1
26	1
75	3
8	2
93	3
99	6
73	3
5	1
34	16
6	3
40	3
52	1
15	3
4	1
3	1
8	1
87	2
36	7
52	2
96	1
49	1
19	12
74	1
64	1
47	1
63	7
60	1
55	4
75	2
42	5
31	1
28	1
85	1
79	3
10	1
32	1
19	2
83	2
76	1
2	2
67	1
12	3
82	14
3	6
28	2
84	1
97	3
80	3
78	2
21	6
35	1
49	2
5	2
96	2
76	4
58	1
65	2
19	3
38	1
54	1
18	18
28	1
52	1
99	1
16	5
20	1
75	2
2	9
50	2
63	1
49	9
19	1
92	2
64	3
62	9
99	5
6	3
97	3
84	2
38	1
18	1
100	2
28	3
24	1
1	1
54	2
10	3
18	4
12	1
82	9
50	2
8	1
57	3
16	4
3	8
90	7
14	6
64	1
41	2
18	1
25	1
94	1
46	10
86	1
44	1
35	2
99	5
51	1
50	1
95	5
72	6
23	1
73	1
78	1
25	3
6	14
70	7
34	1
14	8
77	21
87	1
53	1
56	1
92	2
21	1
8	3
23	2
81	1
69	1
12	8
57	3
42	2
20	1
98	2
46	1
45	1
40	2
21	1
4	3
52	1
50	1
20	1
93	1
71	20
61	3
54	1
3	2
100	1
73	1
11	3
74	1
54	2
4	5
59	2
38	1
35	2
73	1
15	11
57	3
78	3
70	1
90	1
29	1
99	1
37	3
23	2
16	1
74	7
54	9
30	3
46	3
34	4
21	3
35	4
84	1
98	1
46	13
77	2
28	1
78	3
36	2
26	1
33	1
22	5
35	1
33	2
67	1
50	1
65	1
16	1
99	3
52	5
52	1
21	3
7	3
46	1
3	1
45	1
74	4
76	2
21	2
88	1
25	8
27	1
73	1
40	2
59	2
67	4
72	11
92	9
38	5
72	1
60	4
30	3
85	1
92	5
65	13
97	1
69	1
30	3
68	1
16	1
12	2
39	1
22	1
65	2
19	3
54	8
55	3
14	1
39	4
100	3
36	1
92	2
70	3
49	1
93	1
15	14
98	2
91	1
87	13
33	1
94	3
86	1
72	1
43	1
8	1
13	16
90	1
51	2
28	1
48	4
14	1
77	2
20	1
86	2
26	2
15	1
8	2
23	6
3	2
90	1
58	5
4	2
10	1
6	1
4	1
9	1
19	10
85	2
8	6
96	10
44	3
55	1
61	2
83	1
93	2
24	1
77	1
49	4
33	18
27	2
11	9
10	2
24	1
67	3
67	1
67	1
23	1
14	1
50	1
50	4
71	2
44	1
52	1
89	1
50	1
77	7
1	2
41	7
31	1
6	11
72	1
11	2
45	2
80	4
23	2
87	4
54	1
96	3
27	1
41	4
98	2
40	1
54	4
74	2
90	1
85	1
55	5
58	2
23	13
44	1
18	1
42	2
64	3
75	1
20	19
70	4
36	1
66	2
92	1
77	1
70	3
45	3
60	2
74	2
42	4
30	1
50	1
29	1
7	2
7	2
75	2
94	4
40	1
3	5
98	3
15	10
44	1
94	1
64	3
88	2
87	2
64	2
88	1
2	1
52	2
72	1
40	1
39	2
77	3
62	1
73	3
45	2
39	2
23	2
57	12
7	2
31	1
31	1
19	1
65	4
96	2
47	1
5	1
13	1
78	1
7	2
2	2
70	1
40	4
93	4
5	3
43	2
26	2
6	18
9	8
17	2
61	2
90	1
51	4
98	2
80	1
