9877
30	2
58	1
24	1
94	2
97	1
19	3
86	1
64	2
39	1
64	1
79	1
69	2
41	8
73	2
100	1
46	2
36	4
32	1
5	7
27	3
27	1
40	1
41	1
6	1
26	1
86	1
45	1
23	2
25	5
27	3
51	2
57	1
80	2
97	15
16	2
36	1
71	3
58	2
29	1
42	1
84	2
61	1
32	2
17	11
82	1
84	1
67	1
69	12
31	2
33	1
91	1
41	5
95	2
72	2
13	2
33	5
91	1
76	3
80	5
35	2
87	1
96	1
10	5
55	23
33	1
38	1
7	4
37	1
80	6
81	1
25	2
40	1
58	5
93	5
11	2
2	5
45	1
54	1
18	9
45	1
46	1
25	7
64	1
58	3
73	1
87	6
50	3
67	2
97	2
49	1
86	4
56	1
3	2
35	9
20	1
22	1
66	6
70	1
11	1
24	22
16	1
35	3
39	1
76	1
60	3
95	2
30	3
27	2
15	7
4	2
45	1
51	1
74	1
90	12
50	1
70	6
26	2
82	2
57	1
52	1
85	1
13	3
51	1
49	1
5	1
51	1
28	1
10	1
25	2
89	1
16	1
39	2
14	5
57	4
80	1
90	4
9	1
33	2
93	1
76	4
85	1
97	8
31	5
18	1
9	7
80	10
16	1
16	6
93	1
55	1
32	1
40	1
46	1
52	1
6	2
87	1
9	2
58	2
93	2
97	3
33	3
28	2
98	4
33	1
67	3
14	8
31	1
91	2
30	8
18	1
72	2
28	6
90	2
70	2
12	2
86	1
94	2
48	1
60	8
84	4
19	1
28	4
55	4
77	5
63	4
22	1
49	1
18	1
38	1
72	8
5	2
49	13
74	2
44	1
28	1
63	7
77	2
47	2
12	3
18	1
21	1
12	1
43	1
60	2
21	1
34	1
92	1
27	2
30	1
2	21
49	21
2	2
6	2
11	1
76	1
94	2
22	1
65	4
91	5
97	1
59	1
87	1
63	5
67	1
35	26
48	1
36	3
64	4
2	3
61	2
6	1
24	5
16	3
91	2
16	2
16	1
68	1
76	3
67	1
22	10
14	1
87	1
23	2
42	2
28	2
52	3
61	6
59	1
67	1
33	8
40	1
8	1
1	1
90	1
29	1
71	10
84	2
43	2
11	6
81	2
91	3
22	3
11	1
30	7
82	9
63	2
13	3
80	1
57	3
84	3
32	1
31	1
15	1
73	2
61	2
15	5
89	2
5	1
69	1
31	11
51	1
22	7
16	1
80	3
74	2
61	3
20	1
72	15
67	1
12	4
48	3
82	2
14	1
90	7
24	4
83	2
66	1
41	7
10	3
8	6
86	8
40	3
62	2
92	1
6	1
8	1
80	1
45	1
27	3
27	4
58	1
29	2
66	1
7	2
93	3
9	1
34	1
35	1
10	5
24	1
28	1
20	3
71	10
5	4
1	5
4	3
40	1
33	4
4	1
83	5
54	3
26	20
91	1
34	4
86	1
67	4
91	1
24	2
53	1
15	1
59	1
64	10
1	2
7	4
35	1
4	1
32	6
79	1
40	1
27	1
25	5
42	1
35	5
80	1
97	3
44	6
63	1
56	1
3	1
71	2
55	1
81	4
54	2
12	1
26	1
70	1
35	1
17	1
79	4
7	6
42	3
81	7
9	3
19	1
2	1
4	5
66	3
94	5
46	6
15	1
47	1
21	2
98	1
53	1
84	1
3	3
13	1
29	2
76	1
36	1
39	1
37	2
74	2
74	2
38	4
90	1
24	1
68	2
50	1
49	5
83	1
10	1
91	7
16	1
88	1
94	2
42	2
29	1
11	4
34	4
41	1
36	3
36	4
37	2
27	2
70	5
92	1
4	9
68	2
47	1
74	5
32	3
22	2
31	16
65	3
85	1
91	2
73	1
75	1
15	1
49	2
62	11
14	1
22	1
88	1
87	3
13	1
28	2
29	2
70	2
26	1
1	2
74	6
45	1
33	18
53	3
94	3
22	1
83	3
39	1
15	1
35	1
94	4
65	4
76	6
18	4
88	11
20	1
91	1
12	5
27	2
9	1
83	3
31	1
76	1
39	1
98	1
21	6
90	1
17	1
71	1
69	1
4	1
22	3
8	7
74	1
53	2
57	4
63	7
4	1
8	2
84	4
70	5
47	1
41	5
28	1
1	1
72	1
88	8
54	1
30	13
80	1
60	2
69	6
75	2
16	1
65	1
38	3
55	4
44	7
51	3
10	1
19	1
10	2
78	1
4	3
42	1
41	7
70	1
27	11
32	2
77	6
41	5
33	1
50	1
94	2
99	5
6	1
89	1
26	1
30	4
25	1
15	16
77	1
77	2
32	1
45	3
7	1
74	1
83	4
66	1
78	1
32	2
84	1
1	2
37	1
93	1
6	1
77	3
43	2
84	1
12	4
33	1
16	2
8	6
84	4
75	2
41	1
47	2
77	1
89	2
30	1
26	2
88	1
16	6
7	1
55	1
31	1
40	2
97	1
96	2
72	1
45	6
79	1
41	2
91	2
72	5
10	2
6	1
50	2
79	1
23	1
78	14
73	12
51	1
15	1
5	1
72	2
3	2
45	1
9	1
71	3
58	2
28	3
30	1
35	1
37	2
93	1
62	2
34	7
90	1
13	4
90	1
47	4
86	1
86	3
81	1
77	1
41	1
52	14
32	1
81	3
95	6
85	3
94	1
71	2
18	2
81	1
67	4
51	6
22	4
49	3
44	2
92	5
28	1
5	3
81	4
31	1
11	8
82	2
33	14
39	2
34	1
60	1
97	4
55	1
98	1
24	26
27	1
77	1
57	2
17	3
18	1
63	1
61	2
84	2
47	1
98	1
92	1
84	6
19	5
10	4
93	4
9	3
99	2
77	3
17	1
96	3
91	1
14	3
54	4
48	17
22	2
84	3
55	1
5	5
10	1
41	6
50	2
73	1
85	1
54	1
46	1
87	4
59	1
92	1
49	1
15	3
88	2
87	2
70	2
67	1
8	1
84	1
59	9
4	1
10	1
99	2
58	5
91	2
38	8
31	1
25	1
60	1
48	2
54	2
89	1
99	8
30	1
5	2
90	1
86	1
70	2
6	2
21	3
95	2
82	2
48	1
74	2
17	3
5	1
41	1
93	1
94	3
25	2
65	1
10	1
17	3
86	1
58	2
69	1
16	4
28	6
55	1
21	6
26	2
93	1
23	3
9	1
11	1
17	15
51	2
25	1
5	2
40	9
20	4
65	24
58	5
49	11
98	1
35	1
50	1
41	22
65	1
91	2
86	13
50	4
34	22
6	1
88	10
52	1
53	11
45	1
12	10
73	1
66	1
84	1
87	1
91	1
29	1
77	6
40	9
54	1
57	1
15	7
4	2
55	4
85	19
17	3
44	1
9	2
1	3
27	2
20	1
41	2
50	3
14	3
99	2
66	12
27	7
51	2
1	2
38	1
55	2
85	1
47	2
58	1
37	1
37	1
53	1
56	1
98	2
95	1
88	11
3	2
95	10
96	1
61	2
83	5
90	1
65	1
65	2
87	1
58	1
61	2
52	7
16	3
36	1
49	2
73	2
89	3
7	7
13	1
20	2
33	8
67	2
50	1
71	3
83	13
11	1
42	1
10	10
63	2
71	2
21	3
13	2
62	1
45	3
89	7
22	4
29	2
70	2
70	2
18	4
72	4
99	3
90	1
74	2
5	5
67	1
92	1
86	1
2	1
31	5
49	1
16	1
91	1
59	1
29	2
16	4
4	8
16	6
73	1
1	2
90	10
6	1
51	9
85	1
24	1
46	2
19	1
54	1
98	1
25	1
88	1
29	4
57	9
39	4
89	1
11	1
11	1
10	1
11	14
16	3
14	2
10	2
74	1
97	1
27	2
52	3
13	2
60	26
28	4
51	2
41	2
46	3
80	3
11	5
53	2
76	1
40	2
50	1
52	1
40	2
19	2
47	3
23	3
53	1
55	6
65	3
67	2
98	2
17	1
36	1
87	1
87	3
51	2
42	4
33	2
83	13
24	2
35	1
34	1
95	4
45	3
88	1
73	3
56	1
45	4
61	1
57	3
60	1
34	4
61	8
34	1
22	1
72	17
2	3
46	8
98	2
59	6
52	13
69	1
23	3
54	2
96	1
82	5
69	1
9	1
85	4
73	2
3	2
13	4
53	1
4	5
51	4
86	2
96	1
13	2
72	14
52	3
27	1
74	1
52	1
77	1
28	1
42	1
96	1
85	1
16	2
2	5
53	2
20	2
46	1
17	2
49	1
35	1
5	3
74	1
46	1
92	4
50	1
54	1
90	3
98	5
82	1
75	3
38	1
34	1
29	3
51	1
23	1
55	2
98	1
35	5
30	1
68	2
62	2
29	9
63	1
60	1
28	17
31	3
79	1
100	8
18	3
35	1
40	2
19	1
69	1
31	1
82	1
30	3
23	3
97	1
39	3
81	1
41	14
83	1
27	1
25	3
37	2
36	1
52	6
64	2
10	1
22	3
44	1
89	3
12	3
2	5
93	3
68	31
97	1
4	1
36	1
71	8
91	4
99	3
63	2
13	6
8	1
18	1
89	15
20	2
42	1
2	3
59	6
19	1
71	2
34	4
1	2
30	7
13	1
84	1
42	1
50	1
35	11
3	2
72	3
23	2
98	2
51	1
97	1
16	1
42	3
25	1
5	1
37	2
81	5
96	4
21	1
22	3
16	1
77	6
1	4
4	2
80	4
7	1
75	1
95	2
22	3
63	4
72	6
47	1
71	1
78	1
90	1
97	1
27	1
44	2
29	9
77	3
53	3
35	1
8	6
96	7
47	1
59	1
8	3
74	1
50	1
73	1
1	2
96	2
99	1
58	7
42	3
86	4
21	1
21	5
1	3
9	2
25	1
17	2
76	9
15	2
92	2
69	9
12	2
23	2
7	1
88	10
65	1
93	1
45	1
65	1
81	5
43	13
44	8
94	9
100	4
97	4
98	2
87	8
80	3
19	1
40	2
37	7
31	3
41	2
95	1
71	1
29	1
36	1
76	1
96	9
88	2
70	6
8	10
47	4
16	4
29	1
75	35
11	1
46	2
84	2
55	7
71	1
72	1
11	2
87	1
74	1
49	2
11	1
51	4
47	1
26	1
73	3
91	1
9	4
33	1
32	1
99	1
26	3
12	1
16	4
42	14
75	2
85	5
98	2
46	1
53	1
70	1
75	6
8	4
52	1
75	1
31	4
37	1
94	12
44	3
97	1
51	2
26	4
9	3
73	5
70	1
29	3
3	3
3	1
85	1
2	1
89	2
36	1
40	2
25	6
91	3
19	2
97	1
79	2
71	1
14	3
28	1
31	1
96	2
40	1
39	3
44	3
77	3
4	3
8	1
3	1
6	2
42	4
70	5
62	7
23	6
84	1
17	17
80	1
51	12
44	1
15	5
20	7
18	2
12	1
55	3
27	1
39	2
65	4
92	2
52	3
53	3
67	13
1	1
84	2
68	2
92	7
18	5
26	1
86	1
64	1
2	2
56	7
13	1
100	5
50	12
21	3
38	2
74	1
85	2
41	4
88	9
87	3
47	2
92	4
100	4
28	1
48	1
45	11
54	1
16	1
99	3
56	1
76	1
78	1
38	1
16	2
6	1
34	2
17	1
88	3
84	7
73	1
49	2
96	17
65	22
57	3
51	14
51	7
45	2
90	1
2	2
11	2
63	4
11	4
21	1
51	1
65	7
40	1
91	6
20	1
49	20
71	4
92	4
29	1
53	1
70	2
79	1
12	1
28	1
71	1
73	2
4	3
95	1
54	2
81	2
93	5
1	2
81	1
87	1
80	1
79	1
44	1
33	1
49	3
30	1
60	1
44	2
90	1
10	2
27	10
20	2
71	1
85	5
16	3
12	2
62	3
48	2
98	2
65	12
44	6
16	1
47	3
70	4
49	10
35	1
72	13
98	1
26	3
45	2
57	1
88	2
97	9
28	3
19	14
91	2
89	3
17	1
69	1
74	2
16	1
96	1
63	2
82	1
78	2
33	2
34	3
5	5
6	2
28	7
27	2
39	5
76	1
1	1
93	1
65	2
34	4
47	2
4	3
88	5
10	10
20	3
91	7
76	1
59	2
24	1
73	1
99	4
69	1
96	1
76	1
20	1
72	4
9	8
50	2
61	2
19	1
53	4
55	1
9	3
83	1
49	1
98	3
55	4
49	1
30	1
62	2
85	1
19	2
61	2
93	1
79	1
52	2
24	2
12	4
22	1
68	1
53	1
68	1
34	1
60	2
43	1
15	1
7	1
25	1
54	3
39	9
32	2
15	2
51	4
91	1
24	2
41	1
26	2
86	25
27	3
25	6
18	1
48	4
25	4
42	2
41	2
61	2
25	4
79	6
5	3
46	2
79	12
7	1
49	1
15	4
37	1
48	2
83	2
82	3
19	1
36	1
7	1
34	8
75	1
58	1
86	1
11	1
45	1
72	2
61	1
20	3
30	3
55	1
13	2
70	3
10	1
45	3
4	1
99	1
47	1
10	2
62	3
99	1
89	5
51	4
61	5
98	2
40	3
5	4
39	4
87	1
82	1
16	1
61	3
63	1
25	1
90	3
44	1
44	1
63	1
85	2
67	3
68	1
38	1
10	2
49	12
77	1
78	1
14	4
10	1
49	1
52	3
72	2
31	1
31	1
13	1
71	1
49	4
37	2
61	1
15	6
93	1
38	3
34	1
13	1
79	5
81	1
51	1
77	4
71	1
77	3
74	2
67	1
84	8
60	1
53	2
4	2
16	1
67	1
44	2
48	1
92	1
4	1
32	2
75	3
39	2
89	3
50	2
38	1
62	1
81	1
27	2
10	2
25	10
95	4
7	5
41	2
74	3
92	1
77	1
11	1
68	1
83	9
58	1
2	29
72	9
32	2
65	2
92	1
69	1
60	1
32	4
77	1
49	1
62	3
85	1
43	4
75	3
21	1
48	4
50	2
55	4
17	1
73	1
12	1
46	2
21	4
76	1
34	1
17	1
100	2
71	1
5	3
71	1
76	2
99	2
89	1
57	4
25	1
17	1
23	3
59	1
43	2
91	2
9	4
75	4
12	2
6	6
90	16
93	1
97	1
94	2
45	2
95	3
32	2
56	1
77	2
100	1
100	11
46	2
1	1
72	1
66	5
79	1
56	1
24	4
15	1
42	2
20	5
31	18
50	3
60	2
52	11
96	9
52	1
16	6
62	1
67	1
16	3
85	19
21	1
27	1
30	1
49	3
7	1
3	1
16	1
86	2
72	6
23	2
75	1
79	3
76	4
18	1
94	1
14	1
14	4
52	2
60	3
43	4
78	2
26	1
10	2
65	4
45	1
56	1
76	1
10	7
30	1
94	1
80	1
89	4
98	2
88	2
40	9
27	1
79	2
67	2
15	1
21	3
69	3
33	1
61	2
46	2
20	3
18	3
49	3
45	2
98	9
7	2
66	1
11	3
85	1
85	2
59	1
62	5
33	1
74	1
88	26
87	1
62	1
58	2
14	6
60	2
86	1
4	3
99	1
47	2
42	1
38	1
36	4
78	1
44	3
64	1
22	7
42	3
58	3
44	9
53	1
86	1
70	2
40	1
55	2
7	1
17	1
96	4
94	2
23	3
24	1
72	1
41	3
79	1
63	2
73	2
29	5
4	3
50	2
70	14
82	1
52	3
71	2
6	2
71	1
52	4
66	34
42	1
39	2
56	2
98	1
68	1
37	3
76	8
19	3
42	1
72	4
1	6
91	4
57	1
34	5
11	2
83	6
9	2
76	1
74	4
43	1
50	1
17	1
68	1
21	11
86	5
53	10
85	2
92	5
8	1
1	1
79	22
73	1
7	1
2	6
24	1
26	1
74	1
98	1
80	2
2	1
62	5
2	1
49	1
39	1
21	3
77	6
25	2
38	1
49	1
16	2
35	1
46	1
86	19
2	1
65	1
29	19
57	3
25	3
75	11
65	1
58	3
50	2
91	2
17	4
79	9
63	1
24	1
73	2
3	2
73	6
29	1
45	1
35	19
94	5
36	5
59	1
52	4
26	1
48	2
84	5
26	1
42	3
6	2
10	5
40	6
27	7
87	2
5	3
44	1
85	2
8	1
23	8
4	1
4	2
94	5
28	2
86	2
21	1
87	5
99	2
64	3
98	7
99	3
27	2
52	1
72	2
7	2
22	2
98	2
12	1
16	1
14	1
11	2
92	10
16	12
28	2
70	3
85	1
79	1
62	4
75	2
44	2
31	1
94	13
94	2
22	5
47	1
10	1
21	4
58	1
94	5
19	1
62	1
30	3
66	1
73	1
28	5
24	3
33	8
37	1
73	2
34	2
45	1
80	1
47	2
1	1
26	4
2	3
74	1
30	1
78	3
35	2
21	1
14	2
27	3
30	2
60	12
74	2
10	2
69	1
93	1
96	3
92	2
56	1
85	17
60	2
90	1
67	2
3	6
63	5
82	1
84	1
60	1
96	1
61	9
77	1
90	1
71	1
74	1
2	6
15	10
71	1
6	2
14	4
69	11
41	5
73	2
42	8
32	4
52	1
5	1
44	1
5	1
27	1
44	2
87	2
40	1
13	6
46	1
56	1
7	2
15	1
71	1
14	1
92	2
93	1
97	3
42	7
2	1
82	1
47	1
6	4
77	6
34	3
97	2
39	1
85	5
85	13
8	2
9	5
18	1
99	2
90	2
19	3
12	2
92	1
20	1
48	1
67	1
21	14
23	3
69	2
11	1
66	1
54	6
21	1
80	2
90	1
63	5
63	1
60	1
85	1
3	2
79	1
17	2
84	3
10	7
50	8
9	3
42	4
93	3
37	1
85	1
44	2
86	6
73	4
64	1
28	1
93	1
87	2
58	1
52	1
73	1
91	5
19	1
47	1
98	2
87	3
61	2
81	3
89	2
94	1
62	2
70	1
80	1
66	4
29	1
7	1
69	1
86	4
34	2
3	1
14	3
65	1
19	2
71	1
97	1
11	2
38	4
15	2
39	4
57	2
49	1
19	1
12	3
9	3
87	1
28	1
51	1
26	4
88	1
28	7
13	2
46	1
21	1
70	10
40	3
77	2
40	1
10	2
51	2
100	1
28	2
90	1
22	6
99	1
63	1
97	7
68	1
80	2
53	1
47	2
78	1
85	4
71	6
73	3
11	1
62	3
3	3
19	1
18	4
33	1
48	1
59	1
22	5
3	2
91	1
70	1
77	1
89	6
99	4
23	1
85	1
2	1
87	9
10	1
42	1
36	4
74	1
55	25
35	1
73	2
63	1
97	2
48	1
89	7
98	3
59	7
47	3
20	2
32	3
37	1
27	1
13	2
69	1
99	1
29	2
84	7
16	1
33	1
65	5
13	1
83	2
95	3
82	2
63	2
46	14
38	3
75	1
76	1
22	1
2	2
48	1
44	2
65	1
78	1
48	6
94	6
12	2
11	17
5	3
58	1
28	1
78	1
50	2
48	1
78	1
24	1
87	1
40	15
94	3
36	1
58	3
74	1
21	3
65	1
13	1
31	1
22	5
93	1
61	1
45	1
46	7
67	2
90	8
86	2
74	1
27	1
2	1
51	7
88	3
50	1
90	3
92	1
41	1
85	1
29	2
95	3
100	1
57	1
19	2
23	4
15	1
75	1
100	1
41	1
93	1
40	3
74	6
96	1
67	1
19	4
60	1
20	1
74	33
51	8
22	1
37	1
25	2
7	3
88	2
15	2
92	1
13	2
85	3
83	2
39	5
98	1
66	8
12	5
97	2
35	6
38	1
9	2
82	4
90	1
17	1
1	12
58	8
25	1
25	18
44	8
60	7
65	1
62	1
16	2
38	2
31	1
73	1
41	11
57	10
26	4
85	1
32	1
43	2
87	2
16	16
81	1
75	1
100	1
73	4
45	5
68	2
88	1
17	2
45	2
61	1
97	3
48	1
91	1
37	2
60	2
64	4
78	1
37	2
26	2
95	1
70	2
49	3
54	1
37	1
90	3
21	2
95	6
66	6
62	7
66	3
5	1
13	5
19	1
63	5
10	2
65	1
72	1
41	5
30	7
75	3
26	1
8	2
67	8
9	6
27	2
100	1
7	8
18	1
14	1
20	2
89	6
6	2
1	1
37	10
75	2
52	3
10	2
76	1
84	5
7	2
61	3
94	8
22	1
43	1
42	5
62	2
98	3
42	1
65	1
31	2
45	3
94	2
92	2
81	1
56	8
86	1
96	4
87	1
45	3
4	1
43	1
68	7
84	14
93	2
43	2
42	8
56	16
92	10
8	1
23	1
62	3
31	5
42	2
27	3
99	2
23	1
47	3
37	3
56	2
33	1
4	2
37	4
60	1
6	8
4	2
82	4
91	1
26	2
81	4
69	1
34	3
24	2
34	19
13	15
40	4
38	1
22	1
2	2
6	2
100	9
91	1
25	1
44	5
65	3
6	6
55	2
76	2
22	2
89	4
49	6
82	5
71	10
64	1
36	10
35	1
29	1
19	1
9	1
8	2
38	3
58	2
4	2
70	9
94	1
63	4
39	2
32	4
99	1
85	1
68	4
72	3
47	1
2	27
3	1
80	1
21	1
33	9
69	2
1	1
64	3
8	3
58	6
11	1
38	2
41	2
69	1
2	8
53	1
21	3
63	2
48	1
88	3
11	3
85	1
22	3
77	3
50	1
20	6
42	2
10	1
62	6
98	1
44	3
69	1
57	7
68	1
18	1
35	2
16	10
42	2
68	6
18	2
55	3
81	11
45	2
34	1
20	2
73	1
32	1
79	1
76	9
92	1
54	1
24	1
98	2
57	1
86	1
85	2
62	1
40	5
7	7
17	1
55	1
40	1
34	8
75	1
17	10
54	10
44	2
90	2
94	1
9	2
24	4
24	1
10	5
43	7
92	2
93	1
52	1
84	2
3	1
46	2
28	1
92	2
81	7
16	5
30	1
57	2
17	3
90	2
99	1
46	1
95	1
87	1
23	2
34	1
80	1
47	17
83	6
82	3
22	1
88	1
72	11
56	1
80	6
19	1
80	8
19	4
54	1
23	2
28	2
56	1
40	11
66	11
91	1
36	1
43	2
15	1
23	1
54	22
66	1
32	1
88	1
71	1
8	2
21	1
1	1
41	4
30	1
13	1
4	1
36	20
27	6
64	5
71	9
51	1
41	1
80	12
85	2
72	4
95	3
78	4
68	1
87	2
28	1
20	1
3	4
81	1
56	1
29	6
64	1
61	6
66	4
35	1
42	6
93	1
50	5
31	10
91	9
17	3
19	3
53	3
43	1
1	3
80	1
24	2
61	1
99	8
77	1
27	11
39	2
6	1
40	3
9	1
56	1
52	6
14	1
47	4
88	1
6	1
28	1
9	1
18	2
65	11
40	2
15	7
61	1
70	2
55	18
86	1
56	1
36	10
40	1
76	2
32	2
45	2
63	3
99	1
60	4
25	1
58	1
32	3
59	1
74	2
84	19
27	1
95	1
59	2
95	2
12	2
15	3
37	2
61	1
8	8
55	12
74	1
23	1
82	1
10	1
45	3
66	1
83	1
84	6
46	9
27	2
60	1
65	1
22	2
35	13
48	1
13	1
53	1
78	1
67	1
93	3
32	1
86	3
19	2
7	1
3	2
25	3
77	6
9	2
18	1
27	2
84	2
90	1
25	2
22	1
6	6
5	1
24	5
2	2
11	4
10	2
40	1
26	2
27	1
66	1
77	1
14	2
34	1
48	10
22	2
52	1
87	5
67	9
98	2
4	2
76	2
72	1
98	1
35	6
31	1
21	1
96	1
71	3
88	3
91	1
91	1
91	4
51	3
87	1
25	1
8	1
6	5
18	4
28	5
79	4
5	6
68	1
36	2
81	1
61	2
36	1
66	4
32	1
35	4
15	4
11	1
62	10
1	1
70	3
36	4
89	1
51	2
43	1
98	1
62	2
47	12
13	1
27	2
31	2
13	2
24	3
67	1
38	4
69	1
98	3
7	8
47	10
93	2
96	1
64	1
100	7
57	2
25	4
55	4
1	1
100	4
41	2
61	2
36	2
37	1
84	1
22	1
52	6
71	1
56	1
55	8
96	1
19	2
51	4
27	22
96	2
26	2
47	1
66	3
19	2
66	2
49	1
84	1
52	14
99	2
40	1
67	1
68	3
58	2
14	1
20	6
65	2
46	1
36	5
44	1
65	3
8	1
99	3
64	2
97	1
10	1
19	8
74	2
64	2
8	4
71	8
87	1
76	2
98	2
94	3
65	10
2	1
74	2
15	1
3	2
51	6
99	4
91	4
7	5
8	2
31	2
44	2
65	1
100	1
30	3
56	1
7	7
18	9
61	1
70	2
95	1
78	1
93	1
70	4
74	11
64	1
58	1
25	3
78	5
37	2
73	2
53	1
52	10
12	2
6	1
79	3
52	2
97	7
76	12
94	13
46	1
9	1
68	4
78	3
60	1
4	1
57	1
64	9
82	2
24	15
55	2
39	1
11	2
2	2
5	6
39	1
56	5
5	7
31	3
71	2
47	2
26	11
87	1
15	1
63	4
7	1
40	4
79	7
83	1
88	8
78	2
89	2
76	1
59	9
27	2
99	2
8	1
80	3
65	27
13	6
35	5
48	5
67	3
28	1
9	1
88	23
44	1
71	4
21	3
28	1
15	5
23	5
55	1
19	4
99	3
50	1
54	1
12	2
27	2
73	3
6	1
22	1
36	1
72	3
77	1
54	1
81	3
16	2
30	5
6	2
69	1
66	7
56	1
45	2
15	1
18	7
78	3
73	1
34	1
73	13
46	1
53	3
6	2
13	1
54	3
68	2
25	1
95	1
61	4
62	1
9	1
47	1
21	2
2	9
14	3
17	14
52	11
85	2
41	1
44	6
67	1
68	1
47	1
75	41
6	4
34	1
19	2
51	5
50	4
45	2
78	1
21	1
34	1
89	4
59	4
72	1
47	10
20	7
6	5
52	1
33	1
24	15
64	1
42	6
77	1
27	3
99	2
86	2
9	1
57	5
59	1
43	1
20	1
50	2
59	5
87	1
38	1
94	3
87	2
66	5
73	1
21	1
44	1
2	2
80	1
70	1
38	1
95	1
26	5
33	2
97	3
75	7
32	1
88	1
55	2
33	13
49	3
97	1
10	1
47	1
8	2
27	8
28	12
54	1
17	1
88	2
57	1
51	8
83	4
58	2
95	1
16	2
46	3
39	4
14	1
44	3
1	3
69	3
95	1
32	1
12	4
28	3
33	1
7	3
16	1
56	2
57	2
56	7
38	11
9	6
79	1
75	2
26	1
10	7
69	1
83	1
11	1
99	1
40	8
14	1
73	1
68	1
95	2
35	27
17	3
35	3
47	3
77	2
9	4
96	7
78	1
61	11
92	2
87	1
68	1
37	1
73	2
74	4
79	3
52	2
55	1
93	2
99	1
76	1
58	1
36	1
2	1
26	1
6	1
76	13
65	2
18	1
68	3
4	3
54	18
44	1
93	8
60	6
8	1
50	6
59	2
99	3
32	4
56	30
88	1
14	1
95	2
41	1
25	14
11	2
3	1
38	6
41	1
89	2
33	2
64	3
74	11
54	4
89	1
42	3
40	1
80	1
90	1
47	1
68	2
44	2
62	2
68	1
31	2
1	2
94	3
57	4
29	1
24	1
18	1
45	1
23	2
94	2
48	8
78	2
100	1
88	1
54	1
66	1
63	5
98	1
81	20
26	2
15	4
78	3
65	1
45	2
98	3
51	3
82	1
16	3
1	2
98	1
62	2
90	6
81	4
35	1
45	2
22	1
61	5
43	9
73	2
17	3
78	2
19	2
47	3
96	5
90	16
100	1
57	1
79	1
80	17
50	1
25	1
34	1
22	1
67	1
68	2
16	1
53	1
7	7
20	21
45	1
48	1
16	6
37	2
44	2
10	1
43	1
17	1
76	2
57	2
36	1
28	2
20	1
88	1
79	1
84	4
20	5
71	5
38	1
32	14
27	2
27	2
28	2
50	1
84	3
96	3
81	1
21	2
2	1
81	1
20	2
7	1
47	5
78	1
36	9
18	1
50	1
36	4
90	1
83	3
94	5
44	3
100	2
29	1
76	4
85	5
25	1
86	3
20	2
60	1
23	3
69	1
24	1
53	1
92	1
37	2
13	7
62	2
100	1
18	2
51	1
74	1
45	2
2	7
25	1
18	1
41	2
71	1
46	1
28	4
11	8
74	1
48	1
87	2
77	1
26	6
58	1
6	1
9	1
65	10
20	1
79	4
24	2
28	2
25	2
59	2
23	2
9	1
71	3
21	2
3	2
78	2
96	1
65	1
94	2
88	3
15	1
76	1
20	3
59	4
10	4
82	25
1	1
54	1
89	6
22	1
24	2
55	3
38	2
75	4
52	2
47	1
85	1
56	1
77	2
51	6
83	4
22	1
25	3
57	7
53	2
61	5
34	2
48	1
38	1
54	1
36	5
7	1
26	1
27	1
80	2
44	4
64	4
48	1
92	9
6	4
86	3
72	2
84	11
42	1
93	1
11	1
50	6
52	1
83	2
82	5
59	1
27	5
42	1
62	1
81	1
80	1
36	3
37	1
22	1
41	3
28	2
98	1
71	3
57	1
78	1
18	2
14	12
10	6
69	1
39	1
42	1
68	4
22	1
96	4
38	3
13	2
90	1
94	3
10	2
17	2
39	2
27	4
30	3
59	3
10	5
52	1
68	1
28	3
26	1
35	3
63	1
80	11
56	1
64	1
75	1
4	1
67	2
69	2
17	2
98	1
77	18
29	14
19	1
36	1
82	1
7	1
17	1
96	1
63	3
89	1
43	1
53	1
73	1
9	2
53	3
18	2
59	1
76	2
5	1
73	1
80	1
82	8
69	3
20	3
40	1
71	1
3	2
95	2
97	1
67	1
64	1
29	4
86	1
3	1
66	1
80	3
58	1
93	6
42	4
61	34
75	1
67	1
7	1
3	4
67	9
3	5
8	1
4	1
38	1
35	1
32	3
99	2
27	1
20	1
6	30
53	2
11	10
56	1
83	1
71	5
30	1
31	1
7	2
34	2
43	4
98	3
86	1
15	1
39	1
84	2
66	2
76	1
7	1
45	6
93	1
42	2
92	1
16	2
9	2
94	1
69	3
29	1
39	3
17	1
29	1
74	1
89	1
21	1
32	3
88	3
32	1
51	2
5	1
24	3
14	2
16	1
60	2
87	2
39	1
27	2
8	1
64	6
1	3
94	4
1	4
8	1
15	1
58	3
75	3
84	1
50	1
74	12
47	1
10	1
68	1
7	1
40	22
70	2
6	1
72	5
48	1
89	3
41	1
85	6
78	1
7	3
71	2
39	3
45	2
6	1
89	8
86	3
82	4
20	1
21	1
92	1
73	1
86	3
29	1
32	1
90	4
85	1
70	1
29	17
76	1
25	1
47	1
43	5
68	2
67	1
56	4
61	6
42	7
93	1
16	6
80	2
14	1
64	1
92	1
49	1
79	2
82	5
87	2
4	2
38	2
94	1
32	1
73	2
100	1
46	2
93	2
71	1
46	1
93	1
30	1
7	1
17	2
84	2
63	1
61	8
9	1
45	1
8	5
64	12
86	1
25	3
39	4
36	1
84	2
72	2
20	1
73	2
17	9
95	1
44	3
31	7
9	3
44	7
95	2
26	3
68	1
59	6
48	2
93	1
74	5
96	4
45	1
85	5
77	1
92	1
34	16
75	1
48	4
61	1
77	2
74	3
91	2
54	1
30	1
21	2
14	1
99	4
88	2
19	2
63	6
35	1
83	1
94	6
79	1
75	2
44	1
3	1
32	8
24	6
5	4
15	11
63	2
76	9
49	3
66	2
7	3
62	9
62	1
22	5
61	5
47	1
48	1
89	1
60	2
44	1
11	6
34	1
76	12
28	1
6	1
38	5
45	2
4	4
6	6
98	5
24	2
69	4
24	1
9	2
7	1
50	1
35	3
55	1
87	1
39	1
72	3
51	4
76	1
90	1
7	1
31	2
90	2
92	13
25	1
19	2
76	1
52	4
80	1
22	2
73	2
80	1
44	1
83	1
83	3
4	1
90	5
12	2
63	1
95	1
7	3
17	3
85	2
44	1
27	7
81	1
78	3
99	4
42	6
43	1
58	1
65	2
32	4
82	1
83	7
33	1
93	1
22	2
22	14
40	1
35	4
50	1
32	1
36	2
34	1
48	18
76	1
41	1
92	1
54	1
50	1
14	6
39	2
70	3
4	5
59	5
80	3
1	1
61	1
35	1
66	1
88	2
98	2
48	1
2	1
14	1
43	1
44	1
14	1
93	1
73	2
7	1
15	3
67	2
95	3
72	1
39	1
100	5
87	2
77	4
52	1
90	2
69	3
27	1
49	4
3	7
25	1
76	1
15	5
66	2
47	6
68	2
96	1
73	2
19	2
73	2
92	2
68	1
98	2
46	6
16	1
18	3
8	4
31	2
87	2
83	16
34	1
70	1
21	2
15	1
95	1
61	3
53	2
50	2
73	1
48	1
46	1
31	4
10	1
78	1
10	3
81	2
14	5
23	1
48	6
77	2
28	1
32	1
68	1
81	1
79	13
83	1
45	6
80	1
26	1
2	1
21	1
77	4
88	9
71	2
40	1
81	3
87	3
98	2
44	3
97	1
58	7
49	1
44	2
8	3
36	1
4	1
47	1
41	2
35	1
73	3
62	5
93	1
64	1
58	1
21	17
80	1
37	6
32	7
55	5
1	3
51	3
98	8
87	1
84	1
54	2
96	2
61	1
19	8
34	19
83	1
83	1
84	2
90	5
51	2
57	4
90	10
6	3
56	5
30	1
13	1
99	1
1	2
52	1
34	4
48	1
91	1
30	1
100	1
92	10
18	1
52	13
6	3
47	2
1	14
56	4
14	7
73	1
64	1
37	1
60	2
65	3
65	2
27	2
64	1
18	2
17	2
89	2
30	17
40	7
14	2
43	5
1	8
44	2
42	1
13	5
64	1
55	1
23	1
49	1
51	2
20	1
39	1
93	4
46	1
50	11
79	5
89	4
10	4
94	2
12	7
56	3
88	3
60	2
42	2
48	2
25	2
11	1
26	4
84	3
87	1
33	1
77	17
43	5
5	1
41	1
46	2
95	2
9	1
47	2
61	2
94	2
65	2
49	1
58	2
65	1
16	1
8	1
22	2
30	4
90	2
93	6
17	3
72	8
41	1
26	3
15	2
39	1
74	3
73	1
22	4
27	1
37	1
81	1
88	10
35	1
31	2
64	2
67	1
75	1
4	3
12	2
23	2
49	1
40	3
31	5
61	1
50	2
96	1
59	2
91	7
60	1
24	1
71	3
9	1
1	4
96	4
33	2
14	3
18	1
5	1
66	1
57	7
66	1
96	4
87	2
20	2
58	2
72	6
85	3
24	2
95	1
49	1
89	2
60	1
66	2
5	1
33	1
97	4
17	1
25	4
29	3
52	1
39	2
65	5
54	2
60	4
59	2
75	1
21	3
4	2
49	1
69	10
21	1
82	1
9	1
44	2
50	3
75	3
18	7
63	2
79	9
71	1
82	1
35	1
30	3
45	2
98	1
63	13
30	2
59	1
50	1
80	1
50	11
39	8
45	1
42	2
75	22
12	1
9	1
15	1
88	3
21	3
23	5
7	1
79	1
95	1
71	1
31	4
79	4
91	1
74	1
99	3
48	3
8	1
60	1
47	1
32	4
84	2
1	1
59	5
7	2
12	2
30	2
1	17
15	15
31	7
26	2
87	1
43	18
30	1
68	1
49	3
46	2
6	5
74	1
29	3
20	1
9	16
34	1
56	9
51	1
35	1
19	1
1	1
67	1
15	2
9	3
38	1
47	6
52	1
58	5
52	2
20	5
77	2
20	9
52	2
74	1
50	8
10	1
5	2
32	1
15	3
34	2
46	4
94	1
52	1
28	3
31	4
15	1
55	11
94	1
60	1
43	13
12	2
11	1
81	1
87	3
37	1
98	4
3	4
82	11
97	1
10	7
12	2
37	1
62	9
72	1
97	1
82	1
71	1
28	1
89	14
49	1
85	1
59	1
40	1
93	1
54	1
62	2
78	1
31	2
79	3
12	2
21	4
87	1
89	1
93	2
79	1
3	1
38	1
54	1
5	1
12	2
100	6
23	2
74	1
19	1
59	2
83	1
76	4
21	1
35	1
93	7
5	6
80	1
60	1
70	3
31	9
74	1
57	6
58	3
52	2
86	2
58	3
41	8
41	1
49	8
26	4
41	1
40	1
24	4
5	3
14	2
26	5
16	3
86	3
64	9
100	2
52	1
73	2
42	16
53	1
88	1
35	5
61	4
52	1
24	1
29	2
42	2
28	3
89	1
81	1
54	1
5	10
41	5
49	1
41	1
76	3
83	8
60	10
83	1
31	1
70	1
95	1
65	1
19	3
38	1
57	13
35	1
100	1
41	1
9	4
53	2
61	1
46	1
82	1
83	1
86	1
22	7
15	1
5	1
39	1
36	1
90	6
59	2
97	6
41	3
80	2
93	5
79	1
12	1
19	1
71	3
99	1
88	1
83	1
98	12
38	1
20	1
55	1
20	8
77	7
12	1
52	2
99	2
46	1
42	1
5	6
72	1
8	1
67	5
54	1
63	1
50	3
22	2
59	3
59	1
100	1
46	10
25	1
33	13
55	1
86	2
37	3
65	6
67	1
86	1
47	6
64	4
81	1
52	1
26	1
30	2
79	1
80	1
20	1
25	4
89	1
88	1
67	3
21	8
34	16
6	4
58	13
28	1
5	1
82	1
88	1
11	3
86	4
73	5
5	3
34	17
7	3
69	12
24	2
59	2
100	30
42	2
36	1
99	3
48	2
74	16
91	27
5	2
25	3
37	10
73	18
73	2
43	4
5	1
82	2
27	11
30	1
42	2
89	5
8	1
72	1
74	1
68	2
41	1
6	7
72	1
51	18
10	2
37	1
62	6
28	1
3	11
60	1
77	1
35	1
35	1
17	2
19	1
38	4
28	4
40	4
74	1
47	2
86	1
48	3
52	2
88	5
35	2
49	3
47	1
46	4
41	1
41	2
50	8
23	8
26	7
79	4
56	20
33	1
7	1
88	8
6	2
64	5
26	1
2	5
100	13
4	1
13	4
51	17
27	12
90	1
39	1
2	1
93	7
86	4
65	1
61	1
52	5
61	1
41	1
48	2
12	1
31	3
48	1
37	1
58	1
29	1
94	3
41	1
67	6
88	2
52	3
100	1
25	1
80	6
25	1
8	4
30	2
12	3
71	1
54	1
26	3
76	2
15	3
56	7
43	1
11	1
43	2
48	1
73	1
35	2
58	1
85	4
32	1
68	2
47	3
82	1
7	2
42	4
26	1
54	3
44	2
13	4
78	2
5	2
39	6
99	3
85	2
86	1
82	1
17	1
78	4
100	19
60	8
8	1
42	1
4	1
77	1
22	4
79	2
55	1
69	1
16	1
39	1
68	2
6	8
48	4
86	1
70	1
39	1
81	6
90	6
16	1
3	6
23	8
15	1
2	1
34	1
39	3
71	5
44	2
94	3
63	3
41	1
76	1
13	1
63	1
92	10
72	1
68	2
27	1
76	1
69	3
46	1
37	4
65	4
47	1
75	4
40	9
45	1
47	1
23	1
63	2
91	1
59	1
33	6
44	1
14	2
20	4
22	1
30	2
89	3
47	2
37	5
30	4
5	1
89	3
89	1
44	19
38	3
89	1
92	1
29	1
47	1
19	4
56	4
58	1
23	2
59	4
94	1
91	4
68	1
77	2
35	4
86	1
27	2
45	6
9	2
74	5
24	3
75	2
91	1
27	2
39	5
76	1
77	1
31	2
1	3
51	3
31	1
10	16
66	3
26	2
78	1
81	3
94	14
85	1
90	4
49	5
100	3
12	2
93	1
23	2
1	14
80	1
64	1
40	2
95	1
55	3
16	3
30	1
93	1
45	2
28	2
13	5
20	2
6	1
18	5
9	2
4	6
53	1
30	12
96	14
8	2
52	1
88	3
36	1
94	3
65	2
76	2
100	6
54	1
62	3
85	1
41	3
11	5
8	5
36	18
67	1
57	1
70	1
51	1
24	5
88	1
18	2
17	12
61	1
26	5
93	6
44	3
3	1
29	1
97	1
16	1
10	2
34	4
16	7
87	4
80	1
30	6
88	2
70	1
20	4
74	3
61	1
48	1
23	1
76	4
43	4
34	3
15	2
35	1
3	1
72	1
99	2
35	6
52	3
38	18
2	1
35	1
28	3
77	1
10	2
20	1
48	2
56	1
72	4
96	1
16	2
12	3
24	3
4	2
1	1
98	4
4	12
64	8
17	3
84	3
49	13
82	2
9	6
61	1
31	2
58	6
79	1
64	1
14	2
29	7
60	1
67	3
61	1
50	4
75	2
55	1
89	1
70	1
24	1
80	2
90	1
4	2
5	2
21	1
86	1
35	7
74	1
12	1
36	13
63	1
47	1
84	1
56	3
35	1
38	1
37	2
3	5
98	3
11	9
81	1
67	1
93	1
20	2
78	1
55	1
92	1
15	4
99	10
67	3
87	1
45	5
86	2
7	3
21	1
41	3
97	1
5	2
80	1
83	3
27	2
4	2
53	1
30	3
71	4
10	4
97	1
62	2
77	1
64	1
36	1
87	4
92	1
48	3
40	3
10	2
71	4
87	2
84	2
79	1
64	1
63	2
94	4
94	1
95	2
18	4
13	1
15	4
46	4
31	1
95	12
54	4
5	3
93	2
8	11
94	1
62	13
83	8
84	1
76	4
85	18
8	1
48	2
5	3
87	1
82	3
79	2
99	18
28	2
75	1
65	1
58	1
27	1
85	1
67	2
40	18
57	8
53	1
73	4
1	1
96	1
92	3
70	29
8	1
84	2
83	2
1	1
30	1
31	2
41	6
25	8
1	2
31	1
89	1
61	1
13	1
71	1
81	1
46	2
40	1
22	2
33	17
14	3
54	4
75	8
94	1
26	3
84	3
46	1
10	1
61	3
66	2
78	1
75	2
86	3
57	2
88	3
86	1
3	2
98	1
36	1
80	1
36	5
68	2
87	1
90	1
3	2
82	9
53	7
3	8
73	2
49	1
52	1
14	2
76	2
82	3
5	2
24	2
77	2
24	1
72	1
62	1
20	2
6	1
50	1
13	4
71	3
86	4
99	2
75	3
13	3
38	1
69	3
60	3
4	5
60	17
48	19
53	1
63	13
42	2
18	14
37	6
19	15
61	3
73	6
44	2
94	2
6	9
93	19
11	1
100	1
76	2
42	1
17	30
38	16
71	5
16	1
46	1
34	1
3	2
96	1
95	2
30	1
55	1
18	4
71	1
39	19
16	2
77	1
88	3
94	2
24	3
70	2
94	2
78	13
60	4
98	4
14	2
7	2
2	2
37	3
92	2
69	8
60	1
95	2
63	3
57	4
48	1
7	3
28	1
93	2
57	4
94	3
70	3
41	2
75	3
42	2
5	2
29	2
58	1
62	5
10	9
58	1
96	1
1	4
99	4
15	2
36	23
28	1
59	1
75	2
98	1
2	4
29	2
69	2
52	1
10	2
100	1
21	4
34	1
23	4
19	2
43	1
96	2
10	2
42	1
38	1
51	1
44	1
69	1
68	1
94	14
85	1
47	5
44	6
30	1
68	5
6	2
53	1
83	3
6	1
97	1
15	3
34	1
29	1
74	14
25	1
77	9
16	1
18	1
59	4
77	4
99	4
87	14
35	1
65	5
94	1
83	5
12	1
70	1
69	1
88	3
14	1
54	7
92	9
88	1
69	2
28	4
97	1
70	2
83	1
71	1
98	4
40	2
72	1
1	3
56	3
36	2
56	2
50	1
11	9
49	1
4	2
50	3
41	4
35	1
8	1
55	1
61	3
66	7
7	24
75	1
6	1
35	1
51	1
12	1
25	4
97	1
39	2
85	6
69	1
6	3
76	8
33	1
6	2
72	1
16	1
26	1
8	1
38	1
48	1
24	1
12	1
5	2
17	2
80	5
59	7
13	2
50	4
74	5
47	1
71	1
94	1
87	5
59	2
64	1
24	1
31	5
10	3
36	3
27	1
63	8
5	1
75	1
23	2
64	2
96	1
36	2
81	4
42	1
98	2
98	1
95	5
8	5
66	2
82	1
62	1
32	3
74	1
23	6
5	8
69	5
72	4
41	1
78	1
96	2
91	3
99	2
24	1
41	2
1	1
84	4
69	2
80	2
25	2
41	2
92	1
81	6
13	4
68	1
54	2
68	1
7	2
81	3
24	1
70	1
98	4
90	4
71	2
11	1
74	1
76	1
60	1
81	12
28	10
66	2
62	8
77	1
4	2
49	5
81	1
55	2
74	3
95	20
64	4
43	1
55	5
6	7
25	7
91	2
85	1
84	3
93	18
65	4
20	1
27	1
82	4
77	1
76	2
51	3
27	1
79	6
62	1
100	5
70	2
41	2
49	1
52	1
88	3
93	7
29	5
7	17
51	9
17	15
58	2
68	1
11	18
21	3
35	7
9	2
13	6
62	1
77	6
59	3
82	22
70	2
70	1
24	2
15	1
2	5
59	3
59	2
19	4
45	2
3	1
61	7
6	4
81	17
35	1
45	1
89	1
30	1
94	10
34	1
45	4
83	1
55	4
77	1
25	1
30	1
26	12
94	2
12	2
13	2
64	2
66	1
76	1
62	5
99	2
81	2
81	2
47	6
56	2
65	1
95	10
59	2
36	1
52	1
30	9
48	8
25	1
45	1
59	6
73	19
5	2
1	1
67	2
77	3
73	1
6	32
86	2
87	2
68	1
71	2
58	1
41	1
83	1
86	6
96	2
51	1
62	4
41	5
1	4
6	1
9	1
39	2
27	1
19	8
19	2
94	1
60	10
10	19
72	2
35	3
4	1
70	1
87	1
96	1
79	1
11	1
65	4
34	1
79	3
37	2
93	1
25	2
16	4
98	2
80	3
5	2
69	1
99	5
37	2
46	1
47	1
54	4
5	1
54	7
43	7
84	2
23	1
91	1
93	1
77	15
23	4
54	17
56	1
50	4
97	4
58	1
2	1
10	2
2	1
93	3
56	1
83	1
35	1
69	1
12	1
50	1
26	2
29	1
58	1
28	2
24	1
2	6
1	7
83	7
78	8
98	1
55	1
63	5
4	5
68	1
80	1
52	6
24	1
90	2
9	2
88	1
54	2
61	1
3	3
8	1
22	2
65	1
88	3
18	5
62	1
9	5
58	3
97	10
92	2
67	1
7	6
36	1
46	1
18	1
90	1
80	1
33	4
92	1
22	1
62	1
49	3
75	3
29	1
92	4
61	6
24	1
11	1
79	9
54	4
55	4
72	5
58	2
77	2
75	2
61	1
33	2
5	10
68	3
31	5
57	1
16	3
10	2
90	1
85	2
87	1
89	1
77	2
65	1
99	5
55	5
26	4
21	8
99	1
66	1
50	3
23	2
5	1
94	1
23	2
40	6
20	13
70	1
79	1
53	3
24	1
40	2
46	1
30	1
51	1
76	11
21	2
68	13
82	2
23	4
42	9
65	6
43	4
61	3
20	3
1	2
20	2
92	1
4	1
13	2
21	1
6	4
86	1
22	14
86	2
24	1
59	1
41	10
26	29
25	1
66	1
89	2
17	1
53	2
57	1
79	4
5	9
22	3
9	2
9	3
39	1
26	3
76	1
49	2
70	1
46	13
50	1
71	3
70	9
90	2
40	6
55	4
4	4
86	3
18	4
62	3
30	27
5	1
4	3
57	2
78	5
60	1
40	4
97	5
6	2
87	2
58	1
89	1
16	1
76	2
71	4
93	3
76	4
8	2
3	5
57	5
19	1
11	2
98	2
71	1
96	3
100	1
97	5
65	1
65	1
100	3
30	3
39	1
94	1
36	2
62	6
27	4
60	10
90	1
47	1
12	1
68	4
99	1
50	4
31	2
8	10
52	3
26	1
45	2
88	1
14	1
24	4
81	1
81	2
44	10
81	10
74	1
17	2
15	1
39	2
83	1
26	2
34	2
76	2
70	4
11	1
63	1
28	2
21	3
12	4
87	1
18	4
43	3
84	2
3	1
53	2
20	3
22	1
82	1
35	1
11	2
38	1
83	4
16	1
77	1
18	1
75	5
27	2
72	1
78	2
35	1
62	1
13	1
11	3
84	17
100	1
94	2
19	1
6	20
30	7
66	3
97	1
85	1
61	1
84	1
33	5
73	2
24	16
80	2
34	1
82	1
57	1
22	5
2	1
13	1
9	3
81	7
22	2
79	5
72	5
72	2
32	4
49	1
84	1
40	17
43	2
2	1
48	1
78	3
2	9
84	2
20	1
19	1
81	1
74	7
11	2
60	1
45	1
48	16
40	5
97	1
60	1
85	2
25	2
7	2
4	1
40	2
6	3
67	1
8	3
41	2
41	2
12	4
60	2
66	1
50	3
33	14
64	1
67	1
31	6
65	3
15	1
12	2
67	2
9	7
22	2
95	1
1	2
99	3
69	6
62	12
78	1
30	1
16	1
80	40
72	2
36	1
52	1
9	2
77	8
43	4
70	4
11	1
95	1
85	1
25	3
32	2
44	2
98	1
8	1
61	1
25	1
69	4
42	1
46	2
98	5
19	1
25	5
88	2
91	1
86	2
70	1
73	2
30	1
28	2
99	1
21	3
35	3
98	3
18	1
98	1
31	1
82	2
45	3
78	1
45	1
54	1
85	2
31	1
47	2
55	1
97	5
67	3
68	1
58	1
59	1
52	3
71	2
100	1
59	2
54	1
44	1
69	3
36	1
94	1
8	2
27	1
79	4
34	1
9	2
34	1
46	4
60	2
23	1
34	1
88	1
35	9
45	3
11	1
1	1
62	2
7	8
63	1
84	1
34	2
39	1
64	2
5	2
3	1
86	1
59	2
75	14
7	9
48	1
51	4
24	2
60	8
3	3
19	8
70	6
30	6
72	2
95	1
20	1
54	5
84	9
29	1
56	1
29	1
56	1
3	3
42	1
13	2
35	1
29	2
88	1
63	1
55	1
38	1
57	1
82	1
54	1
2	10
49	1
16	10
60	4
34	4
31	1
96	3
82	1
21	18
39	1
31	1
96	1
71	2
10	5
96	4
66	4
75	2
79	2
69	2
59	7
91	2
100	5
58	1
15	11
5	2
16	1
97	2
54	3
15	3
23	4
29	2
7	2
1	2
45	2
76	4
22	2
44	1
56	1
58	1
82	2
74	1
49	9
8	5
41	3
69	2
84	2
2	1
53	2
79	4
74	1
100	1
24	2
21	2
48	1
53	8
92	10
79	2
52	1
47	2
60	5
59	3
16	2
36	1
66	4
65	3
20	4
87	2
11	1
26	4
88	1
92	2
59	5
72	6
7	2
7	1
88	1
12	2
77	4
71	2
14	1
86	13
3	1
28	1
82	5
75	7
34	5
100	3
87	1
54	1
92	2
63	1
77	2
83	1
26	1
99	1
92	1
23	3
59	2
58	2
6	6
9	5
2	1
83	2
31	1
86	2
100	1
5	12
78	3
84	1
44	1
45	1
70	5
80	2
21	1
68	1
73	7
17	2
88	1
15	1
91	2
43	4
3	2
69	1
38	1
35	2
38	1
19	4
99	1
88	3
87	1
97	1
35	1
85	4
16	2
91	23
54	5
47	1
36	1
37	4
71	1
58	1
2	3
67	6
26	2
23	3
13	6
23	1
32	7
20	1
62	1
5	1
98	1
23	2
18	2
59	1
34	6
48	1
92	3
39	1
72	6
81	1
31	2
82	1
66	1
62	1
14	9
93	2
69	1
96	4
78	6
78	3
70	3
50	7
43	1
30	2
52	2
1	3
17	5
96	4
86	1
60	5
27	3
13	1
72	20
85	1
14	1
64	1
91	1
96	1
56	1
50	12
39	31
92	1
35	2
89	4
100	4
22	1
5	1
25	1
95	4
28	1
75	4
43	3
7	2
50	2
66	4
24	2
1	1
12	6
55	4
59	2
52	6
32	1
67	2
35	2
68	3
20	3
5	3
60	1
51	1
29	1
60	1
73	3
20	1
52	1
87	4
79	1
42	1
98	1
69	1
20	1
47	2
83	1
5	1
18	2
2	2
24	1
51	4
26	2
83	2
95	13
38	1
59	5
87	3
39	1
93	1
95	4
2	1
41	1
70	1
13	3
57	1
37	3
35	2
76	2
42	1
38	3
94	21
58	8
56	1
39	1
7	2
38	5
14	4
65	1
89	1
58	1
17	1
3	2
59	4
20	2
51	2
79	1
5	2
76	1
36	8
12	3
50	7
1	4
27	1
50	2
99	1
63	1
5	2
70	1
46	1
15	1
98	2
92	1
32	1
18	1
84	4
61	8
77	1
100	9
31	4
22	1
7	1
95	2
5	1
26	2
6	1
50	2
84	1
61	1
11	7
86	1
6	1
79	1
60	2
89	2
78	2
22	3
99	4
47	4
84	1
57	24
15	1
96	2
99	6
16	1
85	2
55	1
100	4
75	9
62	3
4	5
26	1
75	1
44	2
30	5
96	1
68	1
93	2
11	3
22	1
52	1
31	3
47	1
91	2
44	2
37	1
43	1
23	1
37	3
41	1
46	1
52	1
49	3
80	2
39	1
41	1
7	3
96	3
5	1
78	1
43	4
99	4
75	1
54	1
91	3
29	2
34	3
53	2
28	4
97	1
84	2
7	1
59	7
47	2
41	5
15	4
90	1
19	1
85	4
31	5
22	3
63	3
42	5
40	3
98	6
86	1
24	3
75	5
47	1
49	8
49	4
73	2
75	2
5	11
19	2
87	1
45	1
46	1
68	3
59	22
73	1
50	5
89	2
30	4
97	8
25	6
41	1
34	1
91	8
79	1
77	9
48	1
17	2
12	2
30	1
5	1
66	2
49	2
30	1
92	3
57	7
71	4
64	1
68	2
47	1
15	2
62	1
96	11
7	1
18	1
29	2
89	2
76	2
52	2
68	1
83	1
59	1
76	1
62	2
80	4
89	6
82	1
9	3
85	3
88	1
3	2
24	4
14	3
32	1
55	1
7	1
78	2
95	4
91	2
97	4
63	1
16	3
39	1
25	2
91	2
77	1
80	1
87	1
50	1
57	2
21	2
45	1
32	7
4	1
46	4
44	2
36	1
56	3
35	3
1	1
92	17
69	1
28	3
64	7
77	1
37	1
88	2
100	1
24	1
93	1
2	9
29	4
98	1
67	1
15	2
56	7
48	2
30	2
83	1
8	1
65	1
60	1
77	3
23	7
61	1
20	1
54	2
3	2
35	7
35	1
40	15
8	10
18	1
15	1
81	4
62	2
18	10
1	2
80	1
97	1
89	1
2	3
20	4
97	1
77	1
55	1
24	2
3	4
2	7
44	1
43	1
32	2
27	2
57	1
7	1
98	1
72	1
41	1
7	1
97	3
71	1
99	3
17	2
39	3
22	18
52	4
91	2
27	5
67	4
27	3
87	1
71	1
75	2
1	3
51	2
64	1
51	23
67	2
15	8
89	2
42	4
3	2
27	1
1	5
63	5
69	3
51	1
58	4
2	1
58	2
10	4
25	9
35	1
79	1
99	1
40	5
59	1
24	2
22	1
29	1
3	1
84	1
87	1
82	2
3	1
92	3
64	3
25	12
58	2
3	1
22	4
99	7
36	2
68	8
51	1
93	20
96	1
62	1
70	4
22	1
85	4
88	3
80	1
51	4
19	5
96	1
95	10
23	3
72	1
40	1
41	3
79	2
60	1
69	2
34	1
57	3
6	2
18	1
60	5
73	6
73	2
69	1
18	1
1	1
36	1
63	20
76	1
63	1
80	2
68	1
25	1
34	1
19	2
15	1
71	2
7	1
59	1
14	1
69	1
16	2
58	2
31	2
18	1
71	1
76	3
65	1
13	1
81	1
2	2
61	1
86	1
19	6
94	1
23	4
97	1
18	1
16	1
90	1
41	1
86	1
50	1
19	1
48	3
46	2
98	1
73	1
25	1
30	3
74	4
33	2
42	2
28	10
50	1
93	1
81	1
10	1
80	3
45	3
32	1
80	10
99	1
64	10
94	2
46	1
49	1
40	2
31	2
98	3
88	1
75	2
72	7
50	4
16	3
33	1
87	1
28	1
15	6
13	3
87	2
30	2
87	1
76	3
40	1
49	1
67	3
47	1
59	2
92	3
42	4
21	4
88	2
65	4
42	1
14	1
34	1
67	3
16	1
89	6
67	1
82	7
60	5
74	2
76	8
43	1
40	1
44	1
14	2
81	1
37	3
35	2
40	1
42	3
94	27
63	2
67	1
48	2
76	2
47	1
85	3
67	1
56	1
3	2
22	1
76	5
80	1
81	2
14	2
27	2
4	3
71	4
84	2
51	6
91	1
61	1
37	1
51	1
41	1
13	6
40	2
24	1
1	3
91	2
78	2
24	13
57	1
54	2
64	4
3	1
52	2
80	3
42	3
32	10
88	2
99	8
87	3
46	3
78	1
52	8
4	1
39	1
21	4
56	1
47	2
89	2
72	1
38	4
2	1
98	15
68	9
20	1
71	6
40	1
5	2
55	2
69	1
24	1
85	1
76	1
88	1
81	2
36	1
24	2
90	9
82	1
21	4
62	21
69	1
39	1
95	3
33	3
37	1
56	2
86	25
56	1
47	1
31	1
9	4
74	2
79	2
58	1
7	3
42	2
71	3
100	2
28	1
83	1
91	1
89	2
21	2
48	1
83	1
52	4
88	3
92	23
84	2
69	3
67	1
69	5
93	1
5	1
4	1
35	5
77	1
22	1
18	1
15	6
4	1
94	1
46	1
9	1
33	3
23	1
38	1
39	1
63	3
1	1
34	1
17	3
10	2
58	2
11	1
79	14
41	1
9	2
9	1
19	1
93	25
44	1
35	1
63	1
81	2
20	14
49	2
75	2
25	1
85	4
55	2
53	1
90	1
84	5
29	3
43	2
94	5
54	2
23	3
30	1
30	3
16	1
84	4
36	1
73	1
47	1
38	1
73	11
12	2
77	1
10	1
65	3
8	1
84	4
86	1
33	2
61	2
94	7
42	3
55	1
53	3
93	2
53	1
69	1
26	4
8	2
16	5
90	1
95	4
6	1
37	1
47	2
42	1
44	4
73	4
50	2
52	6
66	2
59	1
23	1
80	4
19	8
7	5
70	4
33	1
80	1
69	1
70	3
18	2
45	1
67	2
66	2
36	26
25	2
66	1
30	2
30	7
43	4
59	3
88	1
91	3
16	1
97	2
21	5
1	1
56	1
11	4
37	3
5	5
43	1
13	3
70	6
23	2
81	19
76	28
76	1
86	7
81	11
27	1
1	5
18	2
47	7
29	2
77	14
48	1
6	1
95	2
5	1
39	1
50	2
4	1
84	2
68	2
76	1
17	2
26	1
83	6
17	1
58	4
48	5
16	2
69	1
80	2
26	1
62	2
36	4
5	2
59	1
87	4
70	3
13	2
93	3
66	6
10	14
54	4
33	1
63	1
30	1
26	4
16	2
35	2
5	1
21	3
14	3
100	2
15	1
78	1
58	3
68	1
71	4
77	2
46	3
3	1
36	1
35	2
20	1
1	1
11	6
38	11
33	2
59	2
100	1
57	5
84	4
28	1
2	6
8	3
94	2
74	1
94	1
80	1
80	1
36	6
58	2
66	1
61	6
40	1
64	2
21	17
76	1
4	2
4	1
28	1
25	1
30	1
61	2
83	1
94	12
82	3
43	7
44	1
74	1
19	1
34	2
88	4
90	1
90	4
6	1
42	1
70	2
52	1
84	1
21	1
3	7
79	2
100	1
4	2
8	2
67	2
12	2
51	3
49	1
46	2
9	3
88	1
9	6
7	1
76	2
21	1
81	1
27	2
25	1
9	1
3	4
74	1
81	2
67	6
67	3
35	2
50	4
52	3
13	1
54	1
89	2
71	7
78	3
4	5
79	2
86	1
39	1
47	3
86	2
100	2
28	1
79	2
8	1
38	1
44	1
13	1
70	1
4	2
31	1
52	3
72	1
94	2
52	2
33	8
56	10
94	8
17	3
11	1
6	8
97	14
91	2
33	3
95	1
10	5
96	1
86	1
55	1
80	1
22	2
47	4
43	1
11	1
64	5
36	4
20	5
70	3
44	1
26	3
91	5
14	2
1	2
56	1
81	1
12	3
99	2
78	1
50	7
4	4
12	1
34	1
74	2
46	1
9	1
6	1
58	3
36	4
22	1
64	1
30	7
4	1
38	6
20	1
73	1
52	2
14	1
20	5
91	2
56	9
87	3
50	2
37	1
6	2
80	5
12	2
49	1
88	14
53	2
72	2
35	1
13	5
59	2
39	1
48	2
1	1
12	5
83	10
87	9
57	3
9	1
79	1
88	2
42	1
78	10
16	4
88	1
11	1
12	1
48	2
48	1
94	1
49	3
6	2
15	2
6	1
82	1
80	1
2	1
60	1
87	4
42	8
8	2
72	1
54	1
78	1
18	1
11	1
50	1
6	3
29	10
88	3
98	1
83	3
40	5
82	3
74	3
52	1
28	1
51	1
94	6
85	3
3	1
81	12
62	1
69	6
100	2
4	4
26	1
49	1
33	6
95	1
5	1
90	2
73	2
64	4
20	1
28	4
94	5
79	1
98	1
97	1
6	1
47	8
38	3
52	1
28	1
79	2
96	3
16	1
12	12
85	1
31	1
57	1
25	1
79	3
33	2
23	5
27	7
73	1
67	4
86	1
22	1
79	16
88	2
89	2
77	9
81	3
90	3
84	2
24	1
39	36
89	2
98	2
34	5
30	6
46	3
47	1
83	7
88	1
70	1
20	4
54	1
6	1
89	5
60	1
2	21
73	3
63	3
56	2
40	1
49	6
52	1
55	1
19	1
7	1
23	1
86	6
78	2
22	6
31	2
82	3
30	1
22	15
24	1
93	2
15	1
51	9
35	1
4	9
51	1
92	1
88	5
52	4
72	3
34	14
5	1
35	4
21	1
83	2
37	3
62	5
15	1
21	1
69	5
5	1
85	5
96	2
77	9
40	2
24	1
55	2
93	2
66	5
48	1
13	2
22	1
39	1
38	6
88	1
34	2
80	1
92	3
94	4
26	4
20	1
11	1
80	1
14	1
19	1
93	2
50	1
57	1
6	2
99	2
3	2
89	1
2	2
9	2
100	1
81	2
86	2
97	21
45	5
10	2
75	9
46	1
73	4
16	2
99	2
23	3
49	2
34	3
43	3
98	2
79	11
65	17
20	2
29	1
74	2
78	2
96	5
76	1
28	10
50	1
8	1
30	1
87	5
59	2
57	4
75	1
85	2
51	1
51	1
71	1
21	1
77	8
75	2
88	1
95	2
32	1
12	2
10	1
76	3
80	1
75	1
20	2
45	3
66	5
1	3
23	2
36	1
92	4
51	4
63	6
19	17
50	2
59	1
29	1
27	1
70	4
13	2
12	13
11	1
4	1
13	3
35	4
77	2
9	6
57	4
75	1
69	1
57	1
83	1
13	1
96	2
63	1
23	1
17	4
3	1
47	1
50	1
15	1
58	2
4	2
47	6
93	5
5	3
46	4
38	15
1	1
91	1
93	1
40	15
49	2
33	1
10	1
27	1
59	1
51	1
50	4
43	1
16	6
43	2
39	1
70	3
64	15
53	10
29	1
18	2
34	1
24	1
36	1
71	2
34	2
60	3
70	2
77	1
1	1
49	3
50	1
29	2
81	10
22	1
25	17
38	3
44	2
5	3
10	1
25	5
47	1
31	4
85	4
4	1
30	2
28	20
21	1
96	7
89	12
62	1
59	9
23	3
11	11
33	3
53	5
68	1
40	1
19	2
60	7
66	1
78	1
72	1
1	10
3	3
88	5
54	1
15	2
52	1
54	2
50	19
93	2
61	1
70	1
61	3
4	3
22	6
22	1
83	1
63	7
64	1
1	6
100	1
93	1
45	1
39	2
8	2
66	1
16	4
98	1
15	8
5	3
86	12
32	6
100	1
4	3
96	2
80	5
72	1
2	1
73	2
65	2
23	4
47	4
16	1
69	6
49	1
70	1
3	3
53	1
47	2
17	9
12	1
93	2
23	1
2	10
86	1
27	1
47	1
2	2
21	1
48	6
95	1
54	1
21	1
2	2
13	4
14	2
17	1
59	1
52	1
86	1
30	1
48	4
88	3
42	4
71	1
80	1
9	5
65	3
42	7
49	2
36	3
83	34
19	1
91	3
5	2
62	1
91	3
63	2
10	2
38	1
97	8
48	3
2	5
86	4
30	3
1	1
99	5
68	1
76	1
43	2
37	5
66	1
14	3
57	1
88	3
7	3
62	4
40	2
70	1
10	2
63	3
67	1
45	2
31	1
44	3
51	1
77	1
59	1
100	1
69	2
60	1
70	1
84	1
88	2
39	1
55	1
10	2
62	1
7	2
25	1
69	2
81	1
44	13
91	1
53	2
82	7
37	1
37	1
64	2
25	1
24	12
55	1
52	3
91	2
64	2
59	3
90	4
80	1
30	1
80	10
80	1
98	3
63	2
88	2
9	1
32	1
42	4
68	4
6	5
2	1
73	1
100	1
51	9
99	1
1	1
65	2
90	4
48	3
95	2
34	5
98	2
38	2
3	1
84	3
67	6
76	1
49	1
5	1
58	4
82	5
84	22
41	6
60	1
28	1
26	1
61	2
79	11
66	5
7	3
41	1
85	2
64	2
47	5
83	6
74	2
65	1
62	1
33	1
45	1
78	1
26	3
97	10
40	2
88	1
10	2
19	3
48	2
31	3
54	1
49	1
29	3
36	1
17	2
66	1
81	1
35	1
85	1
61	3
44	5
69	3
28	1
50	4
74	3
20	4
45	1
6	2
80	1
18	1
62	6
61	3
77	1
47	1
77	1
84	2
58	1
76	1
96	1
11	3
57	3
99	2
49	1
77	11
98	7
28	2
28	1
100	1
86	1
69	11
8	2
85	2
8	1
2	2
84	3
23	3
94	2
44	1
78	5
74	1
17	1
85	3
92	8
4	1
85	1
42	2
23	1
56	1
85	1
85	1
21	5
64	1
33	2
11	7
31	1
36	2
36	1
95	8
55	4
7	6
69	7
82	1
25	1
77	1
46	1
81	1
73	1
35	4
54	9
66	1
81	1
83	5
72	1
47	1
78	2
16	1
53	1
92	1
85	5
38	1
82	2
51	2
65	2
10	1
82	18
54	5
75	2
29	4
16	2
23	7
80	1
42	1
38	4
8	1
1	13
56	1
14	2
87	2
43	8
48	3
22	4
37	1
88	7
93	1
92	7
99	3
56	6
2	3
24	1
67	1
6	1
10	2
31	10
1	1
96	1
48	6
52	3
65	4
53	1
97	6
28	2
14	7
86	1
28	1
27	1
37	2
19	3
55	2
47	10
74	15
58	6
11	6
61	1
99	1
89	1
56	3
41	2
51	1
87	7
38	3
28	1
49	1
77	1
48	1
13	1
68	1
98	2
30	3
58	2
23	4
74	4
13	3
51	1
95	14
46	2
55	1
63	14
71	1
10	1
13	3
95	2
96	1
10	4
2	1
5	3
64	1
55	2
96	1
92	5
94	2
26	2
61	1
3	10
26	2
53	1
37	1
70	1
39	2
9	1
50	2
16	2
42	1
41	2
75	1
31	12
20	3
68	4
44	1
64	2
85	1
11	2
15	9
57	7
62	1
96	1
77	2
24	4
33	8
59	4
48	1
79	1
44	1
51	1
67	1
60	2
82	1
75	1
1	2
100	3
47	1
73	3
58	1
93	3
15	7
53	1
39	2
33	1
28	2
73	1
49	2
48	3
1	2
29	1
5	1
14	2
74	20
26	6
85	2
26	2
20	2
13	2
61	2
44	1
80	2
86	2
99	2
61	1
7	1
51	5
68	4
67	2
54	1
76	1
62	2
89	1
83	1
43	2
50	1
82	2
53	7
60	1
52	7
53	1
60	1
73	3
70	3
72	12
83	1
13	1
52	2
76	1
6	2
28	2
55	6
88	1
80	1
61	2
71	1
92	1
67	2
61	1
7	1
11	1
83	1
84	11
76	7
19	8
29	3
40	3
58	1
94	5
27	1
19	1
19	1
79	1
79	1
26	2
23	1
78	9
59	1
90	3
24	2
18	1
57	1
40	2
37	3
3	1
39	1
63	2
36	2
95	5
85	2
2	2
7	1
16	1
44	1
2	1
65	4
23	5
77	1
39	2
47	1
79	1
67	5
94	3
86	7
19	5
11	2
29	6
55	1
34	4
100	4
16	16
7	1
89	1
52	1
99	7
20	15
87	3
69	2
39	6
20	2
24	2
81	1
99	4
99	2
84	3
72	1
14	6
89	2
12	1
29	1
42	1
86	2
34	3
60	2
60	1
33	1
12	3
91	7
99	8
95	2
88	2
32	1
95	1
3	1
65	4
15	1
30	2
38	2
57	18
39	8
27	1
56	1
35	2
100	1
35	7
14	2
11	2
75	2
69	1
10	1
59	1
43	4
27	5
55	2
76	1
56	1
15	2
91	1
8	1
81	1
36	1
16	8
42	3
3	24
18	3
95	1
40	1
16	5
68	3
6	4
14	3
96	1
75	2
76	2
77	7
24	1
5	1
10	1
33	1
60	1
29	1
78	5
43	8
90	1
66	7
5	3
59	2
58	1
87	1
15	3
92	1
78	2
33	8
94	1
52	1
16	6
59	2
51	1
90	4
64	1
87	1
86	1
20	2
30	3
28	2
72	2
86	9
67	2
89	11
83	2
16	2
23	2
47	3
28	1
65	1
90	3
62	3
1	2
70	1
91	3
26	1
67	1
64	1
80	1
44	2
95	5
16	2
86	9
93	1
97	1
59	2
61	1
65	2
53	1
42	14
30	4
58	1
81	5
81	3
76	3
27	1
88	1
90	2
56	5
37	1
91	6
42	1
66	1
15	1
44	1
14	1
79	1
22	2
43	1
72	1
30	1
91	20
43	7
41	1
65	4
2	1
75	1
10	5
5	1
11	1
85	1
74	1
98	1
22	3
100	2
61	1
46	2
98	1
34	8
38	2
67	2
5	3
38	6
34	3
91	1
90	1
71	1
37	3
9	8
59	1
7	1
90	31
73	13
41	8
77	2
7	12
21	2
89	1
78	2
51	2
69	1
94	1
55	1
10	2
44	1
76	2
90	1
3	1
3	2
71	1
24	2
27	13
40	7
5	1
88	1
88	4
48	1
46	14
67	2
17	1
74	2
12	4
8	1
76	1
60	6
94	8
74	6
31	1
86	2
34	2
91	1
80	2
58	2
91	1
31	4
86	5
51	1
18	1
63	1
73	1
42	6
9	1
89	1
32	1
27	2
46	2
91	1
58	1
1	5
24	2
7	11
86	1
57	2
72	3
47	1
45	16
61	2
54	7
44	5
74	12
3	3
90	1
47	1
44	1
47	3
29	3
79	3
14	1
16	1
58	1
80	2
1	2
59	5
40	1
91	1
24	1
83	2
89	1
12	1
27	1
51	3
62	5
68	1
69	1
12	1
48	2
32	1
83	1
6	2
43	1
39	1
93	34
83	2
54	21
17	14
3	17
87	1
1	1
91	7
41	2
46	1
46	4
88	1
70	1
6	1
41	1
82	1
18	1
17	2
9	3
3	2
57	1
27	2
48	1
77	1
23	2
28	9
3	4
100	2
60	12
88	3
49	2
88	5
37	1
41	3
42	1
8	3
88	3
6	2
55	1
75	2
7	1
97	2
21	1
85	3
52	1
84	1
93	1
22	2
28	1
27	1
61	1
70	1
72	2
83	25
8	1
6	1
62	2
75	2
1	1
15	1
82	1
9	1
21	3
4	1
96	1
72	2
67	6
3	1
15	2
19	1
45	1
88	1
30	1
89	1
20	1
87	1
52	1
27	1
76	1
24	2
63	1
26	1
36	2
23	1
17	1
76	1
18	2
68	3
24	1
29	2
10	1
48	1
9	1
37	1
56	1
55	1
60	1
3	1
13	1
49	1
67	9
42	3
87	4
34	1
68	1
57	1
77	1
42	2
30	1
22	13
42	1
6	2
12	9
48	3
34	3
5	2
72	3
39	1
7	1
73	12
34	1
55	1
85	1
100	1
77	2
50	1
52	9
71	1
15	2
39	6
66	1
3	3
41	5
47	1
13	1
24	2
100	2
60	1
25	3
49	1
35	1
72	1
56	1
50	3
12	1
22	1
35	1
65	1
65	1
25	4
34	1
27	1
78	1
20	1
49	2
55	5
69	3
21	1
20	2
47	2
62	1
7	1
44	1
22	5
86	1
89	2
45	2
56	10
5	1
76	3
47	1
39	7
60	1
92	3
33	1
9	10
9	2
41	7
89	1
61	2
59	1
46	3
16	1
77	3
80	1
76	1
86	13
46	2
25	1
23	1
78	2
51	1
97	2
38	2
5	3
11	5
51	4
19	2
61	2
89	2
99	2
22	7
77	1
80	2
7	1
11	10
84	2
22	1
56	2
16	3
61	1
76	9
86	1
80	4
40	3
42	3
31	2
73	5
82	1
12	1
5	2
24	3
35	1
71	1
55	2
2	5
17	3
29	3
74	1
52	2
27	2
55	1
7	7
68	4
31	1
80	3
53	3
27	3
99	3
28	6
36	3
72	3
58	12
57	10
8	1
49	4
4	2
43	5
30	1
2	1
92	1
100	1
35	1
82	2
23	1
90	2
91	1
13	5
60	2
83	2
81	1
5	1
34	1
47	3
12	3
27	2
81	1
99	2
4	12
52	1
93	2
88	1
53	3
35	1
73	1
83	4
100	2
90	4
89	13
99	2
35	1
54	6
55	7
34	2
88	2
88	1
77	1
67	1
30	5
92	1
21	1
8	3
64	1
4	1
84	8
55	1
32	2
33	1
64	1
96	2
2	3
87	5
61	2
6	1
57	6
44	5
23	2
49	1
99	4
42	1
58	1
100	2
56	4
27	10
1	2
74	2
56	10
83	6
64	1
57	1
36	8
1	3
55	2
48	1
52	2
39	3
84	1
50	2
73	8
63	4
49	1
30	1
48	2
71	2
99	1
87	1
84	1
96	1
35	18
43	1
31	2
99	2
71	1
58	1
24	3
72	2
7	1
28	1
65	3
69	1
82	3
2	9
93	5
2	1
92	1
16	9
30	1
40	1
15	3
99	1
68	2
14	6
24	16
80	6
44	8
55	16
6	7
41	2
5	14
76	4
42	2
21	2
58	8
75	1
61	4
13	1
43	1
3	4
72	2
58	2
34	2
43	1
68	4
89	1
28	4
71	8
59	2
44	6
55	1
91	5
91	1
44	1
34	2
55	2
31	1
23	2
23	8
55	1
99	3
17	1
10	2
99	1
30	1
88	1
12	4
99	1
86	2
39	2
91	1
27	9
56	2
37	1
13	3
72	1
85	1
40	3
27	2
67	3
33	2
43	1
84	2
50	3
87	1
91	4
32	3
99	11
65	7
16	1
78	4
91	7
27	6
12	1
73	3
12	3
32	1
52	1
47	1
36	2
88	1
63	1
95	1
57	1
99	1
40	5
59	7
94	1
12	1
89	5
83	2
40	1
6	4
80	1
44	8
89	1
45	2
2	1
15	1
1	1
83	22
93	1
22	1
78	4
91	1
69	3
70	1
38	10
3	1
30	9
36	1
30	3
21	4
22	1
93	4
1	2
14	1
68	2
79	3
19	1
14	1
93	2
51	5
61	4
98	1
3	1
9	3
16	2
67	1
16	1
63	1
86	4
61	1
62	1
1	3
59	2
23	1
1	1
80	1
29	1
51	1
14	2
15	1
92	1
22	1
44	1
27	1
11	1
85	3
25	1
55	2
2	1
85	18
1	3
63	2
44	1
13	3
76	9
42	1
64	1
25	3
98	1
39	2
89	2
31	1
11	5
99	5
14	4
66	3
98	1
47	1
92	2
54	1
42	1
85	3
9	1
63	2
64	2
17	3
27	1
17	3
36	1
100	2
50	3
66	1
96	1
93	1
75	1
6	1
93	2
72	1
56	1
11	4
38	1
23	1
78	4
52	2
59	1
65	2
20	3
59	3
94	9
55	3
1	5
88	5
54	3
97	3
45	5
80	1
38	9
98	2
93	2
79	2
5	1
63	3
24	1
91	1
24	5
42	2
9	1
20	1
40	17
75	3
27	1
71	3
7	2
30	4
69	3
54	1
54	1
1	2
89	8
98	1
40	1
39	1
20	16
65	1
25	9
47	1
44	1
66	3
89	1
54	1
6	1
34	9
75	11
36	2
28	13
26	1
24	17
70	1
73	1
5	5
25	1
100	1
72	1
75	1
64	2
69	3
38	1
28	2
87	2
78	1
99	2
85	1
18	14
20	1
88	17
91	1
80	1
37	3
58	1
63	1
90	1
42	3
84	1
91	1
35	6
87	8
23	1
11	1
77	2
34	1
6	4
80	4
65	5
88	6
78	2
47	1
32	1
94	1
8	2
40	1
3	1
30	9
1	1
17	3
22	6
92	2
77	3
16	1
91	1
66	1
4	1
35	4
51	3
53	6
63	3
3	9
21	3
94	1
24	5
97	6
63	1
28	1
16	1
31	5
49	1
26	1
60	6
90	3
40	1
20	2
37	3
24	5
59	2
30	1
79	2
31	3
70	1
32	4
4	1
43	2
10	3
7	1
80	1
80	2
41	3
78	6
77	1
37	1
69	3
69	1
48	3
40	5
12	2
54	11
84	1
18	1
15	2
15	4
71	2
18	1
96	15
91	1
47	1
59	1
49	4
14	7
81	8
16	5
27	1
58	1
68	2
55	3
50	5
81	1
14	1
86	3
96	2
86	2
7	2
60	1
27	1
54	1
81	9
51	2
42	1
69	4
87	1
95	5
96	8
60	1
76	1
22	3
73	1
16	1
7	17
89	2
52	1
91	14
14	2
39	13
53	1
68	1
86	7
78	2
41	1
41	13
34	1
39	1
73	1
40	2
81	3
63	1
21	5
65	2
98	2
93	1
66	2
92	2
25	1
83	10
58	5
81	2
37	2
100	1
76	2
40	1
66	1
41	19
8	1
24	12
63	1
59	1
27	2
30	2
19	8
68	1
87	17
19	2
70	3
36	1
9	1
53	1
82	2
64	1
1	1
97	3
54	4
95	13
5	2
35	1
88	7
51	1
53	1
49	1
92	1
18	8
15	2
26	3
19	8
88	2
28	2
87	1
91	1
65	1
57	3
70	1
52	1
70	2
45	4
77	2
6	6
88	5
21	2
68	1
54	1
10	1
91	4
15	4
29	2
28	1
82	1
81	13
21	1
89	3
20	1
53	7
63	1
97	2
4	3
74	16
70	1
91	9
31	2
42	1
87	1
95	1
18	4
5	2
78	1
6	1
61	3
26	1
49	1
10	1
89	1
10	1
18	1
22	2
8	1
58	3
84	3
66	2
31	4
42	1
66	2
9	1
57	5
53	1
11	1
9	7
49	1
60	3
21	18
17	2
96	1
26	2
30	1
83	11
64	1
72	1
75	2
6	2
17	3
87	2
25	3
77	2
65	1
43	3
21	1
17	1
85	1
47	2
88	2
25	10
57	1
31	2
27	1
65	3
99	1
21	3
51	2
99	1
89	1
4	1
52	2
77	1
66	1
53	1
57	4
4	1
77	1
48	2
75	20
50	2
67	1
47	1
23	17
84	1
90	3
19	10
59	1
32	4
23	1
78	1
12	2
43	1
19	4
95	1
6	1
17	7
65	2
89	9
12	1
49	3
10	3
97	1
67	1
45	1
63	39
67	2
58	2
14	1
55	1
21	6
3	14
31	9
4	7
58	1
46	3
71	1
25	1
28	5
46	1
31	3
49	2
34	1
10	1
34	7
58	12
75	3
48	4
30	7
80	11
70	4
93	15
32	5
59	1
12	2
34	8
16	6
43	4
40	1
99	4
67	1
31	1
19	2
97	1
81	3
87	2
53	2
41	3
99	1
95	1
7	1
56	2
14	1
22	3
1	3
77	2
79	1
59	8
89	1
44	1
35	3
70	2
12	1
22	11
13	3
24	1
48	3
44	3
76	2
13	1
88	2
94	9
100	3
14	2
11	1
9	1
91	1
83	4
41	1
65	6
20	1
28	3
19	1
79	3
40	5
74	1
83	1
45	1
23	1
75	2
19	1
29	1
13	1
12	1
14	1
10	1
15	11
3	17
59	3
79	3
75	1
77	2
70	1
92	3
82	3
24	1
100	2
10	2
14	1
17	1
100	2
16	6
14	7
47	1
3	1
22	13
76	1
35	4
22	3
89	2
95	2
56	2
16	1
6	1
89	1
60	1
100	2
1	3
98	2
38	3
23	1
29	3
61	5
47	1
44	1
37	2
98	4
32	2
60	1
46	1
63	2
87	3
84	1
80	4
38	1
85	3
79	5
62	1
32	3
21	4
94	1
65	1
53	4
8	2
36	4
60	3
62	3
13	1
37	1
30	1
60	3
35	2
30	8
77	3
8	1
88	1
57	1
96	1
99	3
21	2
8	6
84	2
29	1
66	4
39	2
40	1
12	1
88	1
73	1
6	6
12	1
37	1
48	2
29	1
39	2
83	1
32	1
67	1
14	2
77	10
30	1
54	7
93	1
86	1
56	10
1	2
87	38
39	1
21	2
83	4
19	17
57	1
83	2
13	4
59	1
53	2
57	1
33	1
47	5
19	1
12	2
73	3
56	2
83	1
29	4
86	5
82	3
48	4
70	3
12	2
1	2
68	4
70	11
11	1
70	1
73	2
47	7
31	1
55	1
33	1
82	1
33	2
13	3
79	2
92	4
61	3
54	1
53	3
81	1
94	2
91	2
35	1
11	2
95	1
35	1
52	5
98	1
83	8
16	2
95	1
50	2
2	3
35	1
81	1
69	3
21	2
44	2
53	1
76	1
22	1
78	1
78	3
61	5
88	1
72	6
86	1
41	1
28	1
45	13
94	1
86	3
29	26
72	1
34	1
31	2
9	1
32	1
87	18
49	1
19	5
60	2
93	1
94	2
27	2
79	1
8	8
37	1
96	2
20	2
59	11
88	5
62	2
57	1
14	16
75	1
25	1
39	1
86	3
88	4
26	4
35	1
86	9
72	3
34	1
62	3
45	1
64	1
19	4
6	2
77	2
15	1
66	6
22	1
89	3
66	1
80	2
99	10
74	5
98	5
61	7
51	2
8	1
62	1
86	9
10	2
99	2
67	1
29	1
70	1
50	1
83	15
86	1
97	3
50	4
66	3
58	6
66	3
34	1
95	4
99	1
32	1
81	1
17	1
39	1
30	1
21	3
20	2
92	2
65	2
14	2
3	3
1	3
40	2
99	2
4	2
90	1
98	2
38	1
83	3
51	3
15	4
75	8
29	1
53	8
58	1
78	2
89	1
32	2
12	4
14	2
83	1
54	1
25	2
97	2
66	4
22	1
70	4
17	2
65	6
94	4
88	7
34	3
100	3
8	5
50	3
30	1
23	12
63	1
26	1
9	3
58	3
75	1
77	1
28	1
12	1
15	1
95	4
79	1
68	1
9	3
6	1
49	1
24	9
31	1
22	1
92	4
21	3
5	5
8	1
42	2
4	1
70	4
59	1
95	11
85	1
42	3
44	1
74	10
53	2
16	2
94	4
52	3
24	1
15	3
91	1
3	1
15	2
95	10
24	1
98	1
44	3
2	1
33	4
54	1
78	4
10	2
80	3
37	1
20	2
39	3
10	12
7	1
16	4
100	3
41	3
51	11
39	2
23	12
26	2
7	4
49	1
77	2
80	9
84	15
67	1
12	1
66	2
3	10
22	3
24	10
50	1
50	1
77	1
11	2
100	1
60	1
37	1
76	2
53	19
19	2
84	1
99	6
4	5
34	1
7	1
92	2
82	3
48	13
65	2
63	7
80	4
11	1
9	2
36	1
49	1
32	1
37	1
33	1
34	2
17	1
74	1
48	3
1	1
16	1
57	3
28	2
51	1
56	10
28	2
72	1
97	5
61	3
36	1
25	1
63	1
61	1
53	2
95	2
7	5
21	3
40	3
51	7
89	2
53	1
48	1
45	3
31	3
29	3
53	1
88	3
50	1
55	1
8	2
58	4
10	2
80	20
29	1
95	2
39	1
85	11
75	1
83	2
37	1
76	7
20	2
8	3
62	17
22	9
62	1
38	3
8	1
76	6
99	2
4	1
69	1
76	1
69	3
52	2
24	3
99	1
93	3
11	2
20	1
27	4
14	3
8	3
34	1
8	2
53	1
69	4
52	1
20	4
5	8
29	1
2	1
23	3
37	6
52	2
69	9
40	1
47	1
3	8
31	5
11	1
74	3
60	2
27	1
48	5
1	4
64	1
55	2
100	1
71	7
50	1
81	1
74	4
89	2
58	2
90	11
57	1
52	3
91	2
46	6
65	1
67	1
52	8
66	1
16	1
54	8
79	1
6	4
65	2
80	4
64	2
94	5
84	1
88	3
27	2
64	6
84	7
19	2
55	1
90	16
23	2
86	5
32	1
5	2
85	2
70	2
5	1
73	5
60	2
65	2
45	1
28	1
62	2
67	1
33	2
37	1
2	3
61	1
14	4
81	1
1	1
98	1
16	1
44	1
82	11
12	3
88	1
10	4
89	2
17	1
83	2
29	1
76	1
68	13
5	1
38	2
49	1
13	1
57	21
91	2
16	8
20	1
46	1
56	2
56	4
7	1
26	1
25	2
27	3
41	1
92	1
40	18
65	1
8	1
60	2
15	7
5	1
82	2
14	2
35	1
61	1
58	3
80	1
38	2
26	1
90	8
8	5
12	1
85	2
45	2
70	1
23	1
45	3
27	4
93	1
79	1
54	1
91	9
22	2
92	3
58	13
19	1
13	1
88	2
50	2
42	1
96	4
96	4
20	1
50	6
34	1
68	1
21	1
73	10
38	1
45	3
96	1
11	3
93	3
5	1
34	5
64	2
14	1
21	5
32	1
100	1
54	3
5	2
25	6
20	9
92	17
8	4
26	1
46	2
19	3
16	1
52	2
33	2
42	1
1	1
27	7
91	1
19	2
6	1
75	20
8	1
40	1
56	2
36	1
39	5
55	1
58	1
38	1
23	2
95	3
56	3
27	2
5	2
44	1
39	2
38	2
87	1
12	1
45	6
95	1
53	2
90	1
7	2
4	11
9	1
57	3
23	1
14	1
28	3
92	2
79	1
64	6
57	1
7	10
26	10
89	3
54	2
91	6
8	5
41	3
97	1
32	1
80	13
50	1
55	2
24	5
22	1
50	1
18	2
83	1
13	1
24	1
52	2
26	1
12	1
27	3
15	2
79	3
55	1
52	3
20	1
46	2
66	1
71	1
55	2
77	1
28	6
85	2
17	9
38	1
28	1
40	2
73	2
39	2
49	9
40	9
68	3
61	1
84	1
19	3
40	1
9	7
98	21
97	8
3	1
47	14
49	2
27	1
56	2
1	1
54	1
24	4
29	6
58	17
71	6
1	1
23	3
28	5
3	7
39	1
10	2
91	1
74	1
32	5
82	1
37	1
27	5
60	2
48	1
18	1
98	2
32	1
80	2
44	14
84	1
42	2
70	1
3	9
1	5
76	2
69	1
72	1
24	2
2	2
53	2
93	4
90	2
73	1
36	15
54	1
2	1
63	1
31	1
19	1
51	3
68	1
58	4
19	7
74	1
3	1
91	3
79	2
24	2
100	1
20	3
29	1
52	13
96	1
8	2
16	4
60	1
34	2
73	1
49	1
23	1
76	1
50	1
45	3
58	13
83	1
49	1
1	1
6	2
81	1
14	1
75	2
30	1
41	4
11	3
1	1
92	3
51	6
82	1
18	5
91	1
19	8
15	3
39	4
20	2
84	1
19	6
58	1
70	1
3	1
87	1
70	3
30	10
22	1
66	3
54	1
91	1
48	1
96	21
28	2
9	1
51	1
73	1
76	2
58	3
75	5
32	4
25	2
15	3
76	2
37	1
40	1
6	1
35	1
25	3
71	2
76	1
60	1
81	1
43	3
16	1
37	1
64	7
64	1
58	2
61	3
72	2
24	1
39	4
81	1
75	1
48	1
76	3
51	1
98	1
97	1
65	1
64	1
45	8
9	1
17	1
100	1
73	1
69	1
37	4
30	1
4	1
13	1
88	1
38	3
59	1
1	6
70	7
2	4
42	1
20	2
83	1
51	3
97	4
70	1
72	1
96	1
28	2
58	2
23	1
