9877
58	2
78	1
66	6
9	1
16	1
99	2
58	1
44	1
6	2
19	1
2	1
73	2
52	5
38	6
2	1
95	1
59	5
33	3
94	8
58	3
46	3
71	8
20	1
88	1
19	1
77	1
100	1
66	1
4	5
57	1
23	2
65	2
75	2
57	2
89	1
81	2
73	3
41	2
70	4
73	1
87	2
7	1
98	3
40	17
27	1
58	1
48	1
83	8
70	2
94	1
9	1
97	3
78	2
77	2
17	1
34	3
97	2
92	1
16	1
99	2
80	1
96	1
82	4
52	1
72	1
13	2
72	2
13	1
98	3
47	1
41	2
73	2
23	3
35	2
47	1
85	3
92	2
56	1
61	15
28	1
5	2
64	4
53	2
76	3
20	1
19	2
5	2
96	1
7	1
17	1
14	1
83	1
84	2
82	9
97	33
80	1
53	1
28	1
22	1
6	15
28	1
100	2
67	4
11	1
29	3
77	1
84	3
51	4
49	8
63	1
93	1
98	2
88	1
1	13
32	1
1	3
34	1
95	2
98	4
72	1
87	1
72	5
59	1
89	1
58	1
3	1
96	1
47	4
77	3
43	3
5	1
70	1
94	2
89	4
24	1
21	4
12	1
32	4
69	1
80	2
74	1
77	4
82	1
55	1
22	6
69	6
39	4
68	2
54	1
27	1
68	1
39	1
42	11
52	1
94	2
36	1
65	2
40	2
91	5
7	3
43	2
42	1
64	2
17	1
18	2
98	5
93	1
68	12
10	2
96	3
54	2
23	7
99	1
67	2
60	1
52	1
99	1
36	2
55	1
31	1
47	1
60	4
15	5
25	4
50	1
80	3
54	1
72	2
19	4
92	8
62	1
81	11
89	2
21	1
19	3
66	5
82	1
8	1
4	2
25	1
55	1
59	1
9	1
64	5
19	1
5	1
2	1
39	1
52	1
32	22
14	3
39	1
74	5
43	1
29	1
33	1
74	1
95	5
72	2
61	1
68	5
21	1
54	35
11	3
21	27
31	1
43	2
33	1
67	3
44	3
46	4
82	2
18	3
53	1
89	1
82	1
81	1
78	3
12	2
43	4
82	1
18	1
94	1
92	2
77	3
60	6
15	16
92	1
73	2
25	6
8	1
69	1
8	1
74	2
86	2
4	7
93	3
43	1
75	2
50	2
74	2
76	2
6	1
72	14
63	10
42	1
7	6
58	1
60	6
85	1
99	1
16	1
13	1
81	1
96	1
89	2
95	3
9	1
82	4
29	9
80	1
14	6
84	2
52	1
54	2
92	1
28	1
99	7
69	1
78	4
13	3
37	2
33	1
58	7
28	4
10	1
59	2
45	1
97	5
90	4
88	8
59	2
40	3
6	1
88	1
27	1
4	2
58	3
11	2
1	2
4	1
50	2
88	2
56	2
94	2
39	1
78	1
47	1
57	9
80	1
90	1
47	2
21	7
80	4
70	3
73	16
94	1
39	2
68	1
69	1
43	3
93	11
7	2
40	3
94	2
11	4
24	3
75	2
65	1
31	5
85	2
11	16
25	2
63	1
95	1
4	10
42	9
8	2
38	1
15	2
65	1
65	1
39	5
88	3
44	3
89	4
20	2
10	1
52	2
39	2
6	2
34	6
93	7
99	1
39	1
12	1
42	1
47	2
66	5
35	1
3	1
41	3
26	2
70	2
25	2
75	4
54	2
29	10
53	2
28	1
91	2
50	1
67	1
64	3
81	1
45	2
25	3
57	3
86	1
31	2
85	2
91	1
18	2
88	1
49	2
17	1
57	1
24	1
14	1
11	9
89	1
29	1
39	5
66	1
62	1
37	1
54	1
40	3
50	3
44	7
45	2
89	5
79	2
80	2
3	3
90	10
44	1
59	9
55	2
61	1
72	2
67	2
28	1
99	14
85	3
78	1
55	1
34	1
30	1
76	4
55	2
78	1
36	1
36	1
12	1
58	2
45	5
12	2
82	2
52	2
52	2
46	2
100	4
90	2
45	23
65	2
83	2
1	1
30	2
59	1
85	1
75	1
44	1
5	1
96	5
42	8
41	3
57	2
19	3
21	9
63	1
17	2
30	3
14	1
6	3
51	1
93	2
22	6
63	1
13	1
38	2
61	4
93	1
18	1
62	7
29	1
78	5
21	6
15	13
70	1
11	4
13	12
49	7
90	1
64	6
25	2
60	1
30	1
53	4
15	3
40	6
91	1
40	1
76	5
97	2
25	10
68	1
61	1
23	4
32	7
56	2
38	1
93	1
19	3
18	1
11	2
79	5
74	1
16	5
24	1
97	2
23	3
37	17
32	1
37	1
96	1
23	21
59	1
4	3
63	1
61	5
77	2
78	14
10	1
2	1
9	1
33	1
62	1
17	2
32	5
60	1
98	4
16	1
100	2
85	2
91	2
87	1
36	1
21	1
9	5
30	1
72	5
3	1
35	1
30	16
25	1
50	1
74	2
29	1
36	1
34	1
10	4
97	1
37	1
42	2
92	1
66	1
84	1
48	2
39	1
41	1
21	1
36	10
6	2
18	1
33	3
23	2
23	2
39	1
88	3
8	2
50	1
94	3
44	10
55	1
73	3
97	1
36	2
86	1
53	1
38	1
5	3
79	2
31	10
90	3
48	1
49	1
73	1
33	2
86	7
51	1
86	2
50	1
35	2
67	1
41	4
76	1
16	1
76	1
74	6
15	1
66	2
73	6
8	6
7	3
96	1
50	1
59	1
55	7
37	7
84	1
76	3
26	1
16	1
88	1
18	1
13	2
69	4
74	3
42	1
69	18
92	3
70	8
73	2
95	4
96	1
90	1
41	30
66	7
16	1
1	2
60	1
68	2
50	2
56	1
24	2
84	1
99	1
17	1
81	8
32	6
93	3
51	2
88	1
46	3
74	2
88	2
11	5
64	1
52	3
7	4
48	17
94	2
95	3
68	2
24	2
54	2
25	2
54	1
25	6
15	2
96	1
86	2
12	4
71	1
72	3
42	1
19	3
68	3
44	3
39	1
39	2
35	2
100	1
26	12
90	2
77	1
45	2
48	2
63	1
23	8
46	1
5	1
98	1
28	1
59	3
12	2
62	9
11	2
38	1
89	1
28	1
68	3
79	1
33	5
84	1
74	1
19	1
97	2
50	1
9	1
94	1
57	1
17	3
68	1
55	1
37	1
24	1
7	2
71	2
94	1
45	6
87	8
97	2
79	4
60	2
58	1
10	5
60	1
32	1
36	3
86	1
21	1
27	1
63	2
17	5
3	4
27	1
76	5
76	1
73	2
44	1
40	5
95	1
34	3
77	23
17	1
92	8
22	1
67	9
67	1
44	14
47	1
62	10
93	2
27	1
72	3
47	1
78	2
61	2
72	5
32	5
50	3
76	2
94	6
59	2
28	6
33	15
71	2
96	2
30	1
33	2
96	3
15	1
72	1
84	2
15	5
82	3
43	8
39	3
50	2
99	9
50	1
3	1
24	1
87	2
71	4
6	1
50	1
39	1
51	1
68	2
41	2
33	7
58	1
22	17
23	1
88	2
51	4
44	2
39	1
32	1
1	1
75	1
61	2
74	6
86	2
29	1
42	5
61	1
88	3
9	11
55	1
34	3
37	15
83	1
58	11
84	2
3	8
11	1
22	1
78	10
77	3
85	2
71	2
68	2
32	2
71	3
76	6
94	4
32	1
39	1
42	2
99	2
83	1
63	1
46	1
63	2
98	4
92	3
96	4
81	1
39	3
64	9
7	1
79	1
86	1
27	1
43	1
27	2
39	1
29	1
28	2
57	1
89	1
96	1
11	3
11	1
79	1
67	1
84	1
22	1
14	1
51	1
30	2
32	1
65	6
51	5
2	1
73	1
59	1
27	1
96	6
73	5
15	1
10	3
84	1
22	1
36	1
56	3
49	1
32	20
99	6
62	2
92	1
47	4
54	2
74	3
13	2
27	1
86	4
81	1
72	1
70	1
27	1
23	2
64	2
44	2
87	4
19	1
91	2
32	5
89	1
45	1
51	1
32	2
12	4
9	1
67	3
41	10
6	3
71	3
16	1
36	5
19	4
83	4
70	1
5	2
19	15
10	1
24	5
9	1
58	3
17	3
46	3
20	1
71	3
24	2
56	13
43	1
64	7
87	12
91	1
42	3
92	1
82	2
97	5
2	1
58	1
29	2
79	3
57	2
89	1
39	1
91	5
71	5
6	1
91	1
48	4
9	11
88	2
57	1
83	4
37	3
28	1
46	1
64	3
6	1
87	1
96	23
77	1
87	2
23	5
82	1
14	2
12	1
32	1
84	3
78	1
6	1
88	1
62	1
58	1
2	2
63	2
24	2
15	3
72	1
40	1
62	1
96	1
5	1
45	5
93	1
11	6
30	1
2	4
100	5
9	7
54	1
2	1
13	16
39	3
9	2
42	16
82	3
95	1
67	2
25	1
64	1
10	1
84	1
35	3
73	2
36	1
18	4
6	4
57	15
67	1
74	2
88	1
96	2
93	2
25	2
73	2
4	1
33	1
96	2
74	3
14	5
97	1
50	3
14	31
47	2
75	13
39	1
27	2
96	22
47	2
89	10
59	4
53	1
83	1
10	1
68	1
69	1
6	1
19	6
28	1
50	1
88	4
16	4
25	2
38	3
34	1
43	2
21	2
35	13
47	1
64	1
70	1
83	2
2	3
46	1
17	3
30	24
87	4
70	1
59	2
35	1
84	1
36	1
27	1
12	2
17	2
40	5
6	3
13	6
74	1
35	1
58	6
93	9
65	1
7	12
21	1
67	1
73	1
13	1
27	1
73	2
98	3
81	2
37	7
62	3
55	1
51	3
64	2
8	1
9	1
4	2
11	2
38	2
28	1
82	10
73	4
49	2
21	6
24	3
73	2
18	1
85	4
91	3
15	2
28	1
64	1
4	13
5	2
8	13
42	2
37	2
47	2
87	1
65	10
28	1
99	2
17	2
65	1
31	2
5	31
54	10
93	3
45	1
2	1
80	1
45	1
61	3
53	1
63	1
9	7
6	3
87	4
90	2
81	4
34	2
82	1
56	1
48	2
22	2
7	5
43	9
20	4
95	3
50	1
93	5
98	2
17	2
24	2
92	1
82	2
40	1
16	1
40	1
50	3
11	3
65	1
7	1
56	1
60	1
61	3
66	1
54	12
99	3
45	1
80	2
66	1
93	1
17	1
43	2
45	2
73	5
10	1
97	3
84	1
73	1
12	3
59	2
76	2
41	1
98	4
98	2
42	1
96	2
73	1
75	3
47	4
30	4
31	1
72	3
86	1
62	2
37	1
62	1
28	1
84	5
26	1
40	1
74	9
77	3
76	1
15	2
3	2
29	2
74	2
98	5
47	1
8	1
31	1
96	2
76	9
35	3
64	1
20	2
60	1
35	1
100	3
61	8
97	13
86	2
41	2
81	7
42	2
71	8
61	1
83	2
100	3
89	1
43	1
52	2
8	1
41	2
87	3
12	2
91	1
5	1
32	3
70	7
77	1
49	2
61	11
73	3
100	1
75	1
24	2
95	2
64	9
42	1
37	5
85	6
54	7
61	2
78	1
10	1
74	4
91	4
41	1
95	1
79	4
81	1
47	1
37	2
10	4
11	1
88	2
28	1
89	1
78	1
23	1
24	1
96	2
30	1
80	4
27	1
97	1
63	5
34	1
52	2
82	7
45	10
9	4
61	23
12	1
67	2
76	1
82	2
7	2
59	3
39	2
47	1
44	9
29	1
12	1
76	6
93	1
65	15
43	6
2	2
63	1
92	2
9	1
10	1
36	1
4	1
5	6
12	2
63	2
29	2
71	1
71	2
75	7
68	3
60	1
24	5
89	1
13	1
40	1
16	2
93	8
52	1
21	2
50	1
6	1
9	10
86	7
42	3
65	2
77	4
31	5
99	2
67	7
72	1
84	2
32	22
59	8
77	1
49	1
66	3
8	10
81	3
4	3
4	1
35	4
44	1
84	1
88	2
4	2
59	3
46	19
19	2
76	3
87	1
73	2
81	2
29	1
76	1
87	2
51	1
63	1
38	3
40	2
100	5
83	1
86	8
52	1
36	2
51	2
55	2
29	1
6	2
48	1
88	1
63	4
7	1
89	2
24	2
68	8
27	1
85	2
82	1
16	13
16	10
43	1
40	3
5	2
28	1
29	1
38	2
10	3
17	1
39	1
29	4
66	1
8	1
20	1
87	1
58	3
53	2
23	1
76	1
41	4
84	1
74	1
12	1
69	1
84	1
71	1
65	1
72	1
87	1
12	1
77	1
26	3
26	1
25	2
79	1
7	1
37	1
87	1
67	5
80	11
61	1
67	1
91	1
48	4
28	2
1	1
85	2
37	14
77	1
62	5
29	1
21	4
52	5
17	1
13	1
21	4
51	2
2	3
28	1
69	2
65	3
62	1
98	1
58	2
10	2
33	1
38	2
55	2
64	1
60	1
19	1
54	2
70	1
13	1
8	1
55	1
1	1
72	4
14	2
76	3
99	1
13	1
17	1
78	2
37	1
9	1
20	3
28	1
20	5
89	1
73	1
3	3
58	9
75	4
55	3
46	2
62	6
94	2
76	6
10	3
11	2
71	3
83	1
22	4
91	1
34	1
52	1
88	1
62	1
32	1
64	5
74	1
38	5
55	1
41	13
76	4
34	1
32	3
97	1
70	1
14	4
1	7
91	1
25	1
3	4
72	2
36	2
43	1
15	1
37	6
60	3
9	5
11	1
9	1
96	6
45	3
33	4
25	5
85	3
78	1
57	1
57	1
98	3
69	3
95	1
71	2
70	1
51	1
23	4
38	1
88	2
27	1
78	2
46	1
53	3
1	4
77	1
5	1
7	1
90	1
31	9
59	1
44	4
31	5
19	1
36	3
1	3
82	1
66	6
92	1
2	1
30	7
53	2
56	1
8	7
64	1
61	4
89	2
34	4
22	1
90	4
14	1
23	3
71	1
73	1
9	3
59	7
56	1
25	3
22	1
8	4
73	2
11	1
24	1
83	1
48	2
5	2
65	1
7	1
67	1
49	1
6	2
66	1
22	1
72	2
25	1
32	1
98	1
57	1
39	3
69	1
14	3
51	2
53	2
16	5
88	1
98	5
75	13
54	1
56	1
43	3
7	2
76	2
20	1
29	2
26	2
48	1
74	5
68	2
6	1
1	2
52	7
38	1
65	1
74	3
71	2
52	4
41	5
85	7
63	3
22	1
13	20
79	1
70	1
68	6
81	1
73	2
18	8
10	5
5	1
53	3
50	6
4	1
35	1
54	2
4	1
36	1
48	4
6	2
12	1
49	1
93	4
76	1
34	1
95	1
71	5
17	2
55	2
13	8
11	1
37	1
46	2
33	4
86	1
66	1
16	1
93	3
86	2
74	1
56	1
61	3
19	2
97	1
48	6
66	1
31	2
23	5
27	2
73	3
46	4
13	1
52	1
72	5
24	4
60	1
65	1
56	1
97	5
60	2
16	1
54	2
80	1
74	2
84	2
21	1
36	6
93	1
37	20
27	1
13	2
42	1
7	5
63	1
4	1
99	3
52	1
18	1
81	1
40	1
41	6
44	2
45	1
14	7
3	5
45	4
78	3
43	13
87	2
91	1
32	2
61	1
93	2
17	2
73	1
88	4
67	1
88	1
18	3
44	1
44	3
87	1
77	4
9	2
39	3
5	2
40	2
4	13
95	1
57	2
79	1
31	4
27	1
60	2
22	18
16	1
94	3
90	1
36	2
33	1
97	1
43	1
53	1
20	2
21	3
17	7
71	7
47	4
20	9
45	2
12	2
10	2
66	1
27	4
49	1
26	1
47	2
33	1
69	13
50	7
31	3
39	3
69	4
2	2
95	2
81	2
10	1
63	1
40	9
28	1
99	1
86	1
25	1
96	2
26	1
82	7
66	2
61	1
61	2
74	5
12	4
14	1
47	1
100	1
65	2
26	1
83	3
60	23
85	1
100	1
55	10
17	3
4	1
6	8
44	1
72	3
36	1
80	5
12	6
19	9
57	1
43	1
11	1
46	2
60	3
56	1
29	2
37	25
54	4
48	2
24	1
3	3
7	1
92	3
12	3
98	1
11	4
7	2
93	3
68	2
100	8
21	1
47	4
11	2
51	2
48	1
81	11
37	1
84	2
10	4
43	2
15	1
99	3
25	3
24	1
99	4
67	13
2	3
76	1
17	3
23	1
57	1
66	3
94	3
73	1
49	1
62	2
19	3
36	8
2	10
87	1
86	6
71	1
70	1
99	2
76	2
1	3
28	1
77	11
20	1
24	1
68	1
34	2
96	1
81	1
32	3
1	1
24	1
3	1
68	1
82	2
26	11
79	2
53	7
26	1
8	2
43	1
37	1
12	3
97	2
32	1
64	4
44	1
54	5
84	3
3	2
17	1
51	1
85	3
2	1
26	2
62	6
83	2
96	7
81	6
38	2
71	1
48	5
92	1
63	2
23	3
43	1
98	1
85	8
48	2
44	2
46	2
93	1
55	2
26	8
83	7
51	1
68	1
66	1
52	7
37	8
98	2
64	1
24	5
28	4
38	1
97	2
28	9
15	4
81	2
20	1
6	1
16	1
73	3
35	1
13	2
49	1
54	6
8	2
63	1
100	2
10	1
35	2
37	8
22	1
40	1
79	2
16	5
70	1
79	1
11	2
79	3
5	7
74	4
8	2
51	1
36	3
55	1
49	6
70	1
7	1
64	1
57	2
83	4
66	3
82	1
4	2
38	1
43	1
71	11
98	2
9	3
34	1
54	2
6	6
4	1
87	1
2	4
97	12
21	1
45	1
41	2
13	2
7	1
92	1
57	2
2	7
74	9
80	5
69	2
54	1
2	1
91	1
36	1
38	1
53	1
10	1
33	1
27	4
29	2
20	8
59	1
53	1
8	1
12	1
22	2
99	1
9	5
77	1
80	4
52	2
100	1
28	3
86	1
75	1
24	2
2	6
66	2
66	3
91	9
100	1
98	7
38	3
39	2
54	6
31	2
53	1
69	1
66	3
38	2
20	5
85	2
95	1
27	15
27	2
41	5
84	1
24	2
95	1
38	3
32	2
56	1
2	1
69	1
78	3
58	6
67	1
69	5
96	3
24	2
16	2
47	1
5	2
72	1
85	8
51	2
82	1
4	3
30	1
2	4
78	1
55	2
53	3
60	4
71	2
21	3
3	2
89	1
89	2
58	1
74	1
45	3
67	1
89	1
72	3
55	2
49	1
48	1
84	1
52	7
93	1
44	2
90	1
2	1
96	8
7	1
71	1
75	1
99	1
85	10
5	2
22	3
99	1
57	1
27	1
40	16
83	1
66	25
19	2
55	1
29	2
87	1
64	2
40	1
28	1
35	7
14	1
89	1
28	1
99	1
57	6
76	2
73	5
64	1
59	3
8	2
82	20
91	2
59	1
10	3
6	2
22	2
3	5
83	3
60	6
35	1
19	5
59	1
3	3
37	11
43	2
53	4
42	1
73	1
76	2
37	1
26	1
100	1
21	1
10	2
15	4
51	1
7	5
79	1
83	3
22	1
10	2
54	1
68	1
2	1
8	2
24	1
49	12
66	1
9	1
4	1
71	1
11	2
15	3
38	1
55	2
27	4
33	3
67	2
9	2
95	2
58	2
54	1
45	1
30	1
45	3
79	3
87	1
44	1
29	1
2	1
92	1
51	6
59	16
27	1
88	1
36	2
92	2
55	1
11	18
93	5
69	3
74	9
64	1
60	6
2	2
79	1
89	1
68	1
49	3
18	1
68	4
33	1
45	15
98	6
76	2
14	2
65	3
51	1
56	6
23	2
70	1
2	1
33	6
61	2
16	5
17	2
35	11
45	1
92	3
38	2
84	1
63	1
89	2
27	5
74	1
54	4
2	1
57	2
76	2
67	2
46	6
77	1
35	1
11	2
63	3
97	4
2	3
45	1
23	2
86	1
71	1
95	3
46	4
58	1
67	1
16	2
10	4
44	4
65	2
74	6
53	3
76	7
81	4
95	2
90	1
3	5
23	2
36	9
99	2
93	5
68	2
81	1
3	9
24	1
29	4
97	1
20	2
86	1
43	4
55	6
12	1
44	1
58	1
54	3
75	1
25	3
57	1
22	7
80	2
30	5
42	2
40	7
2	1
13	3
5	7
28	1
80	2
2	3
53	2
98	2
5	1
20	2
31	4
25	1
38	1
22	2
36	1
92	1
38	1
34	3
26	3
61	1
88	6
47	3
70	2
19	12
69	2
39	5
83	1
13	1
73	1
50	1
46	12
49	11
100	3
28	2
47	8
83	4
3	12
25	1
76	1
49	2
85	14
47	2
54	4
90	1
96	1
38	9
84	1
76	1
20	3
60	1
43	6
51	2
74	3
68	2
22	1
45	1
56	3
28	3
1	1
91	1
7	2
88	4
13	5
25	5
70	4
1	1
30	2
57	4
30	5
4	3
92	3
12	6
90	2
12	15
7	2
37	1
29	1
55	4
39	3
77	3
66	13
71	1
80	2
50	3
3	1
63	1
4	5
45	2
12	1
86	2
9	2
82	18
97	1
33	1
66	1
94	4
38	4
26	1
43	2
77	9
31	1
91	2
64	1
30	3
94	1
44	19
88	2
42	1
13	3
71	2
35	2
9	1
81	2
40	1
65	1
20	13
58	2
33	4
48	1
47	1
81	2
46	2
18	2
53	2
12	6
8	1
91	2
21	8
6	1
46	8
79	1
18	1
78	1
8	4
16	1
17	1
47	1
65	9
100	3
46	8
43	1
61	1
73	3
56	1
93	1
48	3
69	1
11	1
19	1
70	2
76	2
30	2
51	4
90	1
14	2
65	4
88	1
94	1
57	2
90	5
54	5
24	1
58	2
68	4
55	1
9	9
79	6
56	1
36	1
31	1
32	2
62	9
23	1
83	7
7	7
84	2
65	2
34	1
44	1
97	1
41	2
32	9
47	4
48	15
35	1
36	1
76	3
38	1
3	2
32	2
96	1
21	1
73	1
81	2
6	2
66	1
85	7
17	5
87	2
18	2
45	1
87	8
1	5
73	3
96	1
15	4
19	3
2	1
40	2
59	2
62	1
95	12
24	5
81	1
26	2
30	2
2	1
45	3
44	18
8	1
20	1
33	1
9	1
33	2
71	1
49	1
18	4
82	1
5	1
2	2
12	18
3	1
51	3
67	7
63	5
37	1
96	3
24	2
59	1
9	2
50	2
13	1
52	3
59	1
8	2
38	1
43	3
31	2
87	5
91	1
23	9
35	5
1	10
78	3
18	1
40	6
95	8
86	33
98	3
1	2
56	5
75	1
30	10
95	3
6	2
16	1
16	3
50	3
13	1
79	1
13	2
49	1
74	2
4	1
83	2
80	1
46	5
40	1
16	1
42	1
22	1
53	1
11	6
57	4
28	3
53	1
57	2
50	5
87	2
53	2
61	9
11	1
91	3
32	25
87	3
78	1
81	4
49	2
83	1
66	1
96	3
54	1
23	2
34	15
12	1
30	2
22	4
81	2
41	3
69	2
36	1
38	1
28	9
12	7
96	1
73	7
99	1
47	2
33	1
81	1
69	1
68	6
53	11
54	1
12	2
23	1
21	2
68	3
51	1
10	1
59	2
40	2
8	1
29	3
17	3
88	2
23	2
28	4
56	2
20	2
7	3
66	3
7	3
79	3
15	1
6	3
70	2
82	3
31	14
72	1
24	23
84	2
67	4
73	2
48	2
40	1
39	2
37	1
42	1
5	2
54	1
82	10
54	1
3	1
25	12
35	11
86	2
46	2
33	2
25	2
62	1
37	3
21	1
48	1
39	1
71	1
13	1
67	2
66	1
54	3
48	5
42	4
58	1
36	1
57	7
73	2
75	4
22	5
86	16
58	1
25	6
16	2
31	1
55	1
56	16
38	1
48	11
39	6
18	3
98	25
85	1
44	3
83	3
6	1
89	4
43	1
94	3
2	5
45	20
72	2
16	2
6	1
40	4
20	1
69	1
31	2
91	1
63	2
42	9
44	9
83	1
95	1
97	1
52	8
8	5
92	3
84	1
90	1
40	3
32	2
79	2
64	1
92	1
46	1
46	2
16	1
27	10
9	1
62	7
15	1
35	1
95	2
54	7
44	5
94	1
4	2
42	14
96	3
97	3
18	3
34	2
74	29
99	8
35	1
46	2
80	1
59	2
1	1
58	3
9	2
71	6
78	8
83	1
49	3
18	3
72	6
3	1
63	3
31	1
12	9
49	2
59	3
68	3
23	1
7	2
32	5
46	3
93	6
35	8
10	1
58	4
55	2
31	5
60	10
17	1
41	3
65	1
76	3
62	1
62	2
32	2
48	1
2	9
9	1
80	5
44	2
3	6
49	2
66	1
98	1
83	1
50	2
92	4
84	1
74	5
24	1
37	11
34	2
63	6
30	1
63	5
84	3
22	1
2	2
44	1
72	1
40	3
78	12
98	1
88	1
5	2
28	2
35	1
35	1
6	2
91	25
37	1
86	14
58	1
49	1
90	1
79	8
94	3
64	1
68	3
14	8
15	3
17	2
54	1
97	7
15	1
80	1
13	4
66	1
55	2
75	4
86	1
77	3
61	1
74	2
43	2
52	7
32	1
57	4
70	1
49	2
93	9
92	8
96	5
79	3
22	6
98	3
57	1
90	18
17	1
97	3
6	6
20	1
67	2
74	9
82	1
24	2
1	2
30	1
23	1
50	4
12	1
4	3
76	1
37	3
60	2
55	3
84	1
53	1
3	2
38	1
52	4
57	1
28	5
52	2
98	1
46	1
51	1
81	6
46	7
70	2
54	1
21	2
50	2
87	5
3	2
35	1
89	2
11	3
81	1
17	2
15	2
90	1
63	1
43	8
40	2
64	2
87	1
30	16
61	7
88	1
96	3
21	1
17	2
51	1
45	1
78	26
30	11
27	3
90	2
52	4
32	4
73	1
3	1
7	1
75	1
29	10
20	5
6	1
84	7
89	1
23	7
38	1
86	1
100	15
85	6
55	1
17	1
87	2
33	3
33	1
42	3
77	4
15	1
2	1
89	1
26	2
8	17
19	1
31	1
71	3
20	2
84	2
56	1
7	2
66	1
47	4
5	1
20	5
8	1
68	1
15	4
11	1
60	2
19	10
51	1
5	1
18	3
59	16
61	1
64	1
8	3
85	1
88	2
82	12
29	5
95	1
94	1
16	1
38	1
95	8
75	1
59	1
91	1
20	1
33	1
29	5
49	1
4	1
20	7
83	1
87	1
42	1
33	1
37	2
43	1
59	5
85	1
64	1
37	1
78	7
70	10
61	6
22	1
5	1
54	1
93	3
63	2
71	2
95	1
18	1
41	29
10	1
96	2
52	2
60	2
52	5
38	3
50	3
33	1
4	1
41	2
25	4
33	1
51	7
6	2
69	8
95	2
71	2
55	2
73	3
3	2
99	2
92	1
3	2
55	3
9	3
5	1
50	1
32	1
69	1
71	1
82	14
18	5
6	1
27	3
91	2
6	9
21	1
89	9
73	2
33	1
90	3
18	2
79	3
43	1
37	11
87	1
30	1
74	2
80	1
17	16
29	4
63	1
22	5
76	2
46	2
79	2
98	1
25	9
48	3
26	3
84	6
5	1
67	1
99	1
30	1
20	1
88	3
11	2
33	1
7	3
98	2
64	1
84	3
74	2
59	1
70	1
62	2
54	1
57	1
79	12
67	2
96	1
32	1
67	3
47	2
45	3
10	1
91	31
47	11
80	2
67	2
46	2
76	4
9	2
55	4
17	2
88	3
78	2
73	4
34	1
70	5
16	2
37	1
76	6
22	1
40	4
5	9
69	2
88	2
11	1
67	4
66	3
43	4
73	11
40	1
86	1
88	2
87	15
59	2
59	1
70	1
20	1
88	2
5	2
68	1
21	19
45	1
40	4
81	1
58	4
21	8
28	1
96	4
84	1
33	1
37	1
44	2
27	1
48	3
10	3
1	1
1	1
67	2
36	4
55	5
19	1
87	1
35	1
17	2
91	5
16	1
2	2
88	13
42	5
62	1
54	2
32	1
10	3
98	2
49	1
89	5
28	1
70	4
13	1
36	1
86	4
83	1
61	1
66	6
8	3
4	1
92	1
68	7
37	5
98	3
17	1
56	2
17	2
62	2
62	2
85	1
51	1
85	3
40	1
65	7
80	1
8	1
59	1
76	1
40	1
31	1
62	6
4	1
15	1
12	5
65	1
75	1
14	1
25	10
61	1
51	1
13	3
67	1
33	1
17	1
66	1
84	1
89	1
10	1
3	4
80	2
68	3
33	2
17	1
37	3
50	3
74	3
45	2
36	1
82	2
5	1
2	3
26	2
26	3
46	1
55	6
98	2
82	19
54	2
39	15
80	1
77	1
53	5
92	1
2	3
43	1
72	1
46	4
38	3
84	2
51	1
59	2
12	2
30	5
43	1
59	1
59	2
26	7
59	3
2	3
42	1
19	2
40	1
61	1
87	2
12	1
82	11
90	1
62	2
61	4
39	2
77	1
57	2
60	2
71	7
28	1
5	12
76	4
61	1
24	2
32	2
89	1
5	1
9	3
48	1
74	1
92	1
87	1
56	1
15	2
58	30
89	1
39	1
9	1
51	2
51	1
19	6
46	1
68	1
93	2
27	3
5	8
19	3
17	1
88	1
51	4
25	1
59	3
6	4
19	1
51	1
90	2
11	2
96	2
45	5
96	6
57	1
40	4
94	4
53	1
92	1
78	4
94	3
35	4
54	2
8	1
25	1
78	1
88	1
64	1
13	1
55	2
63	1
48	1
55	9
89	1
4	1
17	3
53	1
100	2
8	1
15	1
60	2
19	2
16	3
31	1
46	1
49	2
32	3
68	2
96	2
87	2
26	1
52	1
58	1
89	7
62	3
2	2
98	1
71	1
6	1
93	2
39	1
63	1
88	1
11	16
42	1
86	3
3	7
50	5
92	1
30	2
44	5
29	11
2	1
53	1
52	1
62	1
37	4
63	8
58	1
12	3
21	1
18	1
90	2
36	2
8	2
37	1
99	25
91	1
15	10
11	3
92	3
60	3
48	2
57	1
99	1
56	2
68	2
47	2
44	1
89	1
50	1
54	1
93	1
99	4
39	1
78	9
82	2
63	1
63	1
38	2
90	3
33	1
69	9
18	1
12	3
67	3
35	1
8	4
63	1
86	1
15	2
88	1
52	1
29	5
20	1
75	2
10	1
69	1
89	2
94	3
44	1
12	2
31	2
8	5
77	1
98	4
8	5
91	1
86	1
25	1
36	1
17	1
62	3
74	18
75	2
2	9
78	2
99	1
84	1
53	3
52	1
2	2
39	1
22	4
14	3
81	2
100	1
45	4
86	1
11	1
89	1
30	2
76	3
78	9
87	3
18	2
36	1
48	2
67	2
49	3
18	1
81	1
30	3
78	2
100	1
79	27
3	1
58	1
89	1
89	3
21	1
12	1
30	1
81	3
32	4
28	1
62	5
18	1
90	2
10	1
87	1
28	2
48	2
72	1
25	3
62	2
18	1
53	3
36	3
95	1
14	3
67	2
34	1
70	1
84	1
11	1
19	2
63	1
76	1
54	2
94	2
96	7
92	1
10	1
33	4
97	8
25	2
73	3
51	14
81	1
73	2
56	2
82	1
61	1
52	9
60	2
32	2
59	3
55	3
1	8
71	3
84	1
64	2
6	3
51	2
100	1
81	13
18	3
24	1
22	6
43	1
75	3
88	14
49	1
1	2
28	3
50	4
19	1
71	1
30	1
13	1
48	1
87	1
59	3
94	25
89	1
13	4
13	1
97	1
41	5
62	1
20	7
83	1
27	10
65	5
26	2
37	3
75	8
89	3
37	7
65	3
21	5
41	3
77	13
46	1
37	3
37	2
69	2
50	4
24	20
2	1
96	1
73	1
13	2
54	17
98	1
26	1
96	4
2	2
6	2
41	7
5	3
55	2
100	1
56	1
23	1
73	2
17	1
47	4
74	3
92	1
8	1
52	2
5	1
79	2
79	1
21	1
82	1
79	3
49	11
77	3
56	2
98	1
10	1
62	2
55	1
62	1
62	3
39	1
86	2
98	5
46	1
41	22
67	1
84	2
6	1
42	2
60	1
37	2
84	2
57	11
3	3
4	2
34	9
86	1
63	3
36	1
52	5
38	1
47	2
89	2
37	1
17	2
69	1
18	10
55	6
46	2
95	1
26	1
43	1
99	1
98	18
17	1
14	1
19	1
32	1
16	1
88	5
16	4
88	2
12	3
10	7
4	2
6	2
84	9
43	1
57	6
68	7
89	3
84	3
92	1
17	1
82	1
90	2
60	1
82	1
72	4
80	1
47	2
55	2
37	3
64	1
37	2
70	3
63	2
87	1
19	1
65	3
6	1
2	2
83	8
41	7
78	1
80	2
57	2
58	2
83	4
89	1
3	1
47	5
15	1
23	1
87	2
38	1
44	5
9	7
25	3
84	2
73	3
31	2
49	9
73	15
61	3
53	1
23	4
80	1
83	2
23	1
92	1
13	2
54	1
65	1
74	1
84	7
16	1
26	1
6	7
99	2
62	6
28	1
2	5
74	3
12	1
57	1
11	1
42	1
93	6
93	1
10	8
15	1
94	1
41	1
41	1
64	7
89	2
39	3
2	2
78	8
63	3
20	2
54	4
36	1
23	11
64	5
8	2
9	3
70	5
100	9
39	5
64	2
11	2
73	2
17	5
29	2
35	1
3	1
13	16
85	2
70	3
19	2
30	2
30	9
27	9
60	2
97	1
95	2
29	1
22	20
68	2
76	7
99	12
93	2
20	2
98	2
29	1
70	2
94	2
56	13
32	4
88	1
91	1
86	2
53	1
16	2
10	1
26	4
74	1
70	3
47	1
38	1
86	10
33	3
57	4
2	2
56	5
68	14
75	2
68	8
65	1
50	1
79	1
33	1
93	9
48	2
73	1
14	1
43	2
89	3
87	2
40	18
31	6
43	3
64	5
83	5
45	2
1	2
59	3
26	2
87	1
41	1
10	1
16	3
5	1
56	1
46	1
88	1
53	9
32	2
39	5
44	4
97	2
58	3
29	2
57	1
9	1
25	2
56	2
74	1
48	2
54	9
75	3
68	1
22	2
96	2
64	2
95	1
87	1
67	1
88	5
34	2
73	4
69	3
3	2
91	1
75	2
43	8
88	2
29	3
13	1
20	2
66	2
40	1
19	7
72	3
82	8
5	1
15	2
85	1
19	9
19	3
22	2
43	1
26	1
69	3
98	1
18	15
54	1
67	1
63	2
81	1
47	2
49	1
62	1
82	1
11	1
73	5
12	10
44	1
89	1
27	4
4	2
1	12
100	5
33	1
57	3
10	1
50	1
15	4
43	1
90	1
47	2
37	7
81	1
47	1
44	2
55	3
68	1
56	3
74	1
33	6
52	1
36	1
53	1
63	2
50	5
100	1
19	2
6	2
69	1
68	2
76	1
63	4
81	3
13	1
9	2
35	4
92	2
65	2
24	2
90	1
83	3
68	2
78	1
4	4
28	2
61	1
97	3
49	1
44	2
83	3
11	3
64	2
91	2
97	1
6	1
86	3
75	1
93	2
30	2
49	11
71	2
64	1
84	1
96	1
26	4
31	7
100	1
41	1
73	16
56	1
74	3
19	1
98	1
4	5
11	6
41	1
14	1
99	4
68	1
28	5
77	1
32	1
52	1
17	11
60	2
55	1
17	2
34	1
87	2
97	2
41	1
29	2
41	1
55	5
74	3
53	11
92	42
77	9
8	2
72	1
69	14
52	1
2	1
2	1
74	2
89	3
35	1
72	10
96	1
35	18
11	1
70	7
22	1
98	1
43	1
100	1
98	1
99	1
40	7
90	1
98	2
78	2
99	3
59	1
78	4
15	1
31	1
43	2
86	2
85	7
64	4
42	2
91	1
11	4
91	10
94	4
30	1
73	3
24	4
73	1
76	1
93	15
27	2
10	1
30	2
91	3
34	1
53	1
23	1
5	1
15	6
53	3
21	4
23	3
8	6
48	2
38	1
88	3
27	1
75	1
96	1
49	1
48	1
5	6
16	1
34	4
59	2
77	3
63	4
26	1
98	2
4	1
13	1
50	7
93	3
100	4
92	1
20	3
53	5
12	1
33	1
2	1
87	1
21	3
29	7
23	2
70	2
64	3
22	1
26	1
40	2
5	1
76	1
73	1
48	16
49	4
85	2
74	1
28	2
24	5
91	1
86	7
25	2
46	2
14	2
11	2
99	1
88	1
90	13
3	1
100	1
68	1
52	4
59	1
86	2
88	2
28	4
40	1
74	8
49	1
60	3
45	3
25	2
36	1
96	1
3	2
40	4
83	3
15	2
23	1
27	2
80	4
34	2
10	3
8	1
47	16
69	7
80	1
74	1
11	1
5	11
69	14
88	1
88	1
96	1
54	2
71	1
79	2
56	2
11	8
98	1
85	5
99	1
14	1
32	3
94	1
90	1
32	2
16	1
78	1
32	5
36	1
69	3
6	1
54	1
91	3
77	3
72	12
43	3
99	6
62	2
62	1
57	1
79	1
64	8
35	1
91	1
49	1
89	3
35	2
25	1
49	1
3	1
28	30
57	1
71	2
70	2
72	1
77	2
50	6
10	1
38	3
59	6
11	1
43	1
92	1
73	4
68	1
60	1
24	1
73	12
38	1
78	2
71	1
11	2
97	1
9	6
71	1
72	1
17	18
29	3
82	1
100	1
80	1
48	3
78	1
1	2
65	2
76	4
84	2
11	2
57	9
67	6
89	4
60	3
4	1
17	1
41	1
86	2
74	2
26	1
56	3
18	2
57	2
58	13
30	2
24	5
91	2
64	5
80	2
88	1
11	27
20	2
19	1
74	15
41	4
47	1
25	3
19	15
8	3
25	4
96	1
26	2
90	1
70	9
12	1
55	1
61	2
28	1
82	1
75	1
99	2
21	1
88	3
60	7
67	19
35	2
84	2
52	2
100	1
93	3
30	1
36	2
25	1
24	1
15	1
32	3
70	2
41	4
43	4
55	5
36	1
26	1
100	4
43	2
50	10
62	1
85	3
24	1
64	4
67	1
45	1
44	2
1	9
75	6
87	5
55	41
70	2
92	1
10	2
73	7
20	6
42	1
87	2
13	4
12	1
29	3
28	5
27	4
59	1
75	1
82	1
67	5
14	4
77	1
44	2
85	1
86	3
19	1
43	1
75	1
14	5
66	1
78	1
22	1
45	1
32	3
29	1
33	6
60	2
16	1
61	3
65	3
78	4
23	4
19	2
78	1
3	2
25	1
39	1
71	6
46	3
12	2
52	4
16	1
57	1
65	3
83	1
16	1
16	2
32	2
38	7
18	1
8	2
75	3
40	2
28	1
98	2
58	1
87	2
63	1
8	4
13	3
8	2
2	2
69	3
9	2
98	2
1	6
67	1
50	3
71	22
90	1
72	2
69	8
24	2
53	1
58	5
25	1
96	2
91	2
15	1
25	1
76	5
21	4
99	3
100	1
51	1
89	2
41	10
32	1
87	1
51	1
1	6
64	1
4	1
64	1
5	6
35	3
13	2
23	1
77	3
36	2
15	1
53	1
80	1
75	9
20	1
66	1
3	1
67	1
35	3
28	1
70	6
20	6
21	1
48	2
67	5
28	3
6	1
92	1
16	3
7	1
42	1
54	4
52	3
54	1
54	1
78	1
47	3
8	2
42	1
15	4
42	3
93	5
27	3
36	1
2	8
77	2
17	2
91	1
6	1
11	1
77	4
86	4
36	3
41	2
53	3
36	1
1	6
45	5
65	7
69	1
26	1
65	1
30	5
67	4
51	8
47	2
64	1
53	1
77	1
27	3
100	1
27	2
42	2
79	1
3	2
28	1
95	17
75	1
99	2
11	1
69	3
80	13
41	1
34	1
77	3
50	2
25	3
28	1
98	1
28	10
4	3
33	1
47	2
77	1
51	3
46	2
48	1
54	2
10	4
9	7
2	6
14	1
37	2
96	4
98	1
38	8
30	1
54	7
28	7
25	2
69	1
48	2
99	1
56	1
91	2
98	2
25	4
70	2
3	23
47	1
40	4
4	4
6	2
49	17
38	3
11	1
95	1
27	1
11	9
53	2
98	1
97	3
12	1
35	1
82	2
17	5
68	1
95	1
80	1
58	1
68	1
79	4
29	6
6	1
87	1
44	2
11	2
9	1
5	2
39	2
27	1
63	1
78	1
19	5
4	2
78	3
95	1
84	2
61	1
14	1
3	2
86	5
96	1
87	6
89	1
42	1
84	3
61	1
13	1
70	1
7	2
38	1
54	2
77	1
13	2
64	3
99	2
28	1
95	2
98	1
94	7
49	9
42	1
38	10
89	11
21	1
5	15
48	2
30	2
24	6
66	1
9	5
88	2
61	8
53	1
68	8
48	1
75	2
77	5
95	1
70	1
12	1
77	1
32	3
87	1
1	2
45	2
19	1
97	1
17	7
89	1
99	1
52	9
77	3
37	1
97	4
91	5
32	1
70	1
25	1
21	9
11	1
86	16
49	1
12	1
86	1
53	10
39	1
56	1
16	2
50	4
32	14
81	3
92	1
12	4
24	1
79	2
82	1
37	2
44	1
78	2
56	1
66	3
67	2
53	1
56	1
24	2
62	4
81	4
3	1
10	1
64	1
77	1
83	1
63	2
35	1
39	6
20	2
85	2
77	4
72	1
43	2
23	3
51	1
8	1
99	1
34	1
57	2
11	5
28	4
17	1
17	2
8	1
63	6
74	4
33	4
75	1
45	6
30	1
3	2
4	9
57	2
15	1
99	5
4	3
54	2
40	2
79	1
5	3
90	2
32	13
80	2
48	1
54	1
74	1
69	1
62	2
66	2
42	10
5	4
42	1
69	2
27	1
31	1
88	3
13	19
94	1
77	7
19	1
22	1
91	1
69	2
67	4
79	4
50	1
5	1
92	1
23	1
20	2
53	3
24	2
30	1
61	7
10	3
41	6
23	1
72	1
34	2
77	1
99	1
99	2
68	1
28	1
12	2
46	7
57	2
32	2
90	3
45	2
23	3
33	1
67	1
88	1
47	2
15	1
94	1
51	1
55	2
55	4
76	1
81	5
22	4
71	4
8	1
62	1
51	2
26	2
2	1
68	4
30	2
96	2
47	5
88	1
76	1
18	1
95	5
88	1
65	1
30	6
76	2
53	3
89	8
94	3
44	8
90	1
46	2
99	3
83	8
44	17
81	17
14	5
14	5
94	1
14	4
50	13
18	19
66	3
33	6
47	1
75	4
100	14
73	20
64	2
36	1
17	4
24	1
94	12
86	13
67	4
14	1
39	1
23	1
36	2
66	1
30	2
70	2
64	1
30	7
100	1
89	18
85	5
2	1
1	2
69	3
38	2
87	3
64	2
84	1
63	1
33	4
93	2
76	2
47	2
34	2
23	2
66	3
86	1
89	5
59	2
5	5
43	3
76	3
100	1
9	3
61	2
10	1
46	8
61	1
42	4
90	2
68	2
75	5
74	1
91	17
76	11
32	10
38	1
77	7
18	1
2	1
78	19
35	1
48	2
67	3
40	1
5	3
62	4
17	1
45	1
71	1
54	1
91	2
61	1
31	4
55	2
8	1
95	2
7	2
88	1
82	1
80	1
90	2
16	1
28	1
65	11
85	1
52	2
12	4
97	3
42	5
25	1
35	1
94	1
12	3
65	1
63	4
31	1
84	1
62	5
63	4
62	6
95	3
25	5
77	13
99	1
71	9
70	4
94	1
97	3
47	2
51	1
56	1
65	3
31	1
55	8
4	1
91	8
32	1
8	15
87	2
29	3
34	2
14	2
12	12
84	3
27	2
19	2
71	3
26	2
61	1
46	1
99	5
67	2
55	10
90	7
32	1
50	3
68	2
44	1
30	1
89	1
17	3
90	1
93	23
39	5
46	3
22	1
24	1
26	2
13	10
70	1
36	1
13	4
87	1
34	4
87	4
71	2
84	3
41	3
27	1
85	1
67	1
20	1
45	1
71	1
63	2
6	2
63	1
5	6
78	7
64	6
15	21
70	11
99	2
78	2
40	1
49	3
20	2
99	1
65	2
25	7
13	4
30	2
4	1
76	2
76	1
96	1
77	2
40	1
26	3
4	1
30	2
75	1
24	1
17	1
98	5
20	3
27	2
36	1
86	1
62	1
54	1
3	3
25	2
9	2
58	6
18	1
15	1
88	4
69	5
31	3
48	1
79	2
2	1
7	4
77	1
100	3
28	2
63	2
43	2
53	10
34	2
90	13
66	1
39	1
84	3
3	3
70	1
9	1
47	3
61	6
35	3
56	2
65	1
66	2
89	1
10	12
93	9
22	3
80	12
96	1
32	2
99	4
31	1
27	1
26	1
51	28
99	1
27	4
23	12
74	1
14	3
37	2
35	1
68	5
74	16
29	13
12	1
62	1
86	2
18	1
75	1
23	1
25	2
41	1
93	1
62	4
49	2
16	5
12	1
49	1
97	2
93	1
4	1
50	13
42	3
51	14
87	2
45	1
26	5
10	1
3	17
80	2
73	1
86	3
29	10
20	2
10	1
32	1
66	1
5	1
52	1
27	8
85	2
100	3
60	20
84	2
85	2
64	4
57	1
45	8
82	1
61	2
28	1
60	1
25	26
56	1
24	4
65	1
57	4
21	1
77	1
29	1
18	13
22	1
41	1
62	6
33	2
69	2
66	1
58	3
45	16
17	6
47	3
31	2
48	1
70	1
59	5
89	1
89	2
2	1
79	2
55	6
37	4
24	1
51	7
43	13
97	1
18	3
91	7
97	2
51	1
14	13
63	4
36	3
16	2
32	1
4	1
58	1
61	1
93	3
65	3
10	3
45	9
56	7
27	3
24	2
70	5
37	2
44	4
35	2
13	1
5	1
4	8
55	8
46	2
79	3
33	1
75	2
66	1
63	2
33	2
72	1
27	2
86	1
84	2
81	2
90	2
11	7
51	2
61	1
63	12
10	1
78	1
23	2
17	11
39	1
74	2
3	11
22	1
74	4
11	4
100	2
91	1
46	2
26	1
88	11
45	4
38	6
32	2
17	4
48	6
1	1
70	1
26	1
94	5
96	3
5	1
4	2
57	1
87	1
7	1
26	2
23	1
24	1
27	2
6	1
48	3
99	4
60	3
59	8
75	6
8	1
1	1
25	4
64	4
94	1
84	1
20	2
86	3
64	2
36	2
89	1
74	1
3	2
63	1
89	1
67	1
19	1
59	3
27	1
53	3
44	21
43	1
46	16
11	1
43	1
29	6
84	1
22	1
90	1
98	2
25	3
26	4
82	1
86	1
10	1
80	3
31	3
69	1
53	3
37	5
28	1
29	1
23	13
48	3
87	8
90	5
9	3
54	2
50	1
50	2
34	2
65	9
2	3
91	3
63	1
52	7
96	2
52	1
30	2
81	1
43	2
79	2
36	1
93	4
75	6
49	4
22	4
23	1
97	1
80	6
92	2
100	1
10	1
8	3
1	4
59	2
10	3
98	3
21	1
87	3
83	3
7	1
47	1
82	1
42	2
53	1
43	8
76	2
6	9
95	16
24	5
100	9
42	1
82	2
38	1
9	2
54	2
79	1
95	2
94	2
72	1
26	2
1	4
18	1
36	2
63	1
69	9
96	31
11	1
24	7
97	3
72	6
50	4
2	1
62	1
85	7
45	1
99	2
62	5
3	1
84	2
8	3
27	2
14	3
32	10
90	2
25	3
81	7
15	1
71	2
81	1
14	2
16	1
21	4
32	3
26	21
40	1
18	6
36	2
7	3
73	1
98	3
61	5
23	1
64	1
55	1
51	1
72	8
32	9
95	9
19	10
29	4
5	2
28	4
29	3
11	1
34	1
2	3
39	2
72	4
69	2
50	3
98	1
37	3
17	15
95	1
54	1
45	1
21	3
51	2
58	1
2	6
21	1
36	1
78	1
65	8
85	2
17	2
38	1
15	13
39	3
42	1
32	1
54	11
62	2
53	1
69	3
13	3
60	1
52	6
58	1
35	6
33	1
29	1
59	1
76	3
52	1
92	1
7	1
39	2
1	1
42	5
96	4
10	2
5	1
44	1
32	15
8	2
84	1
85	2
31	1
42	1
81	1
69	1
78	1
10	2
50	1
51	3
56	1
4	1
24	6
26	7
80	1
22	3
21	1
8	1
71	1
84	1
82	30
42	1
64	1
93	1
54	29
10	4
55	2
73	1
64	1
37	2
82	1
58	13
17	2
4	17
14	2
89	1
44	1
10	2
85	2
19	2
45	1
98	1
46	2
82	4
71	4
4	6
28	1
6	6
27	1
82	1
49	14
91	1
4	2
50	2
53	2
25	8
100	2
1	3
96	1
6	1
51	4
19	1
22	1
74	1
85	4
92	9
78	1
76	2
33	1
69	2
45	5
34	1
19	2
41	6
67	1
33	1
6	2
48	1
78	4
27	1
28	1
99	2
3	5
86	3
3	1
72	6
98	4
43	3
39	1
83	1
32	1
26	3
17	1
16	5
98	2
60	3
64	1
82	1
85	1
53	1
72	23
86	2
81	1
41	1
14	1
27	3
89	5
33	3
77	2
3	1
43	1
51	2
72	2
76	2
50	1
47	1
56	1
45	1
63	4
58	1
60	2
24	5
37	1
57	1
56	1
91	2
25	6
8	1
24	2
56	1
67	1
49	1
37	1
62	5
30	3
78	5
4	2
90	1
8	2
8	2
9	1
13	1
90	5
32	2
7	1
89	1
44	1
99	2
82	4
30	1
84	1
52	1
59	3
30	1
39	1
82	2
87	1
35	1
18	4
41	1
9	3
100	1
18	1
84	1
63	3
9	2
24	1
84	1
53	2
52	1
53	1
93	1
79	5
15	3
45	1
71	1
35	1
4	6
72	1
2	1
52	7
83	1
23	1
60	2
34	1
70	2
96	1
25	17
41	6
21	1
97	5
89	1
65	8
87	4
83	2
26	5
3	2
12	1
78	1
51	1
82	1
49	12
86	1
3	1
16	1
10	1
18	1
100	2
93	2
22	1
78	1
60	3
58	2
56	1
42	3
50	1
30	1
52	3
23	15
40	1
82	13
55	2
50	6
33	2
91	3
17	2
4	15
52	1
99	1
100	2
66	2
67	7
46	11
62	9
76	1
59	1
54	1
56	3
66	5
97	4
93	1
80	15
42	2
60	6
39	3
84	2
7	4
54	4
19	1
73	1
20	1
3	3
43	5
79	2
49	1
19	1
41	1
40	1
30	1
25	1
10	4
27	4
9	1
21	2
47	3
26	1
75	18
42	2
42	4
80	2
99	2
35	5
96	9
24	4
25	1
48	1
8	1
3	1
58	1
48	2
19	1
73	1
4	1
65	2
37	1
87	2
41	1
26	1
46	1
17	5
98	3
57	2
42	2
73	1
37	3
54	3
44	1
3	3
43	12
44	1
10	1
67	5
50	14
42	4
41	1
18	1
75	4
47	2
88	1
67	1
43	1
82	1
50	1
85	2
50	2
23	5
58	1
12	3
81	3
55	1
64	1
63	4
97	2
5	1
31	12
59	1
95	1
11	1
23	3
87	5
23	2
34	1
50	2
92	17
2	2
7	2
69	5
54	1
81	1
100	1
33	1
84	1
49	3
22	2
40	3
46	1
22	3
47	1
27	2
5	2
35	1
97	1
31	21
71	3
61	1
73	4
31	33
24	3
53	1
53	2
57	5
7	2
80	3
53	1
42	1
38	12
19	2
82	1
37	1
63	2
73	4
93	1
43	1
33	6
65	5
39	1
86	1
51	19
49	1
22	3
11	2
69	4
98	1
81	8
1	2
34	3
77	1
27	18
94	3
66	4
95	3
30	1
1	2
96	1
34	3
43	1
81	1
76	2
13	6
63	4
98	1
90	1
73	1
97	2
27	1
27	1
70	1
5	1
88	7
22	28
21	1
17	2
79	1
82	7
48	1
59	2
43	2
24	4
16	4
85	7
86	4
18	2
68	1
76	6
74	1
28	1
65	4
99	1
89	1
89	5
28	1
85	1
47	2
37	1
32	4
7	2
33	1
71	1
98	4
6	2
46	3
68	1
30	1
56	3
98	1
57	1
43	1
46	1
53	1
54	1
56	1
52	1
35	3
91	6
19	2
6	4
33	1
26	2
43	14
83	1
77	6
68	7
33	1
11	1
96	2
73	3
75	1
90	1
98	1
45	1
27	1
32	1
28	2
73	2
95	2
14	12
47	9
94	1
94	1
19	2
20	1
43	13
67	1
7	1
15	1
31	4
6	3
53	3
76	1
6	1
84	1
92	1
100	1
64	10
41	2
86	2
25	5
5	2
64	1
54	2
15	2
19	2
51	1
4	1
52	3
95	1
28	1
69	1
75	1
23	4
66	14
78	2
88	11
33	2
45	1
28	1
75	4
30	1
73	1
2	1
94	2
63	2
85	1
51	23
14	1
77	1
33	5
74	2
88	4
22	2
96	4
91	1
99	2
46	1
5	22
47	1
94	5
74	5
91	1
41	1
48	1
88	6
23	18
51	1
18	7
42	1
73	1
35	2
55	7
42	1
79	1
12	1
49	1
55	1
60	1
96	3
64	2
39	1
47	3
48	1
13	1
81	1
76	3
8	1
48	1
45	1
41	3
2	1
93	1
29	1
3	1
12	4
58	1
56	1
43	8
71	4
96	1
44	2
19	4
54	3
4	3
95	2
6	4
85	1
4	1
55	1
88	2
76	1
19	2
52	3
86	1
21	1
26	4
53	4
71	3
13	2
7	4
69	3
55	10
15	1
18	1
68	3
34	1
6	8
78	4
17	1
84	1
44	1
57	1
56	3
5	1
52	2
26	4
76	3
25	1
43	6
58	3
4	2
5	8
98	5
22	2
96	1
55	7
17	1
87	1
37	2
43	2
55	2
60	1
1	3
71	2
82	3
4	1
74	3
98	10
93	3
37	3
76	3
80	1
2	3
20	2
61	3
30	1
82	1
48	5
77	6
76	6
1	2
95	3
91	3
97	4
62	1
72	1
24	4
85	7
20	2
20	6
17	1
99	1
90	1
84	3
68	3
27	2
43	1
94	1
16	1
68	7
75	2
18	3
93	1
27	1
57	1
45	2
47	3
76	1
41	1
57	1
70	1
81	3
56	2
97	1
68	6
100	1
7	2
91	6
71	1
63	2
67	4
5	3
50	18
4	2
38	1
2	4
95	2
23	1
8	2
72	2
87	1
16	1
41	5
91	10
79	7
42	1
12	2
62	1
77	2
55	2
29	1
26	1
38	1
24	1
19	3
19	8
71	1
49	1
43	1
25	1
96	2
19	1
16	3
72	12
49	1
59	2
34	17
4	4
83	10
67	2
27	3
9	1
22	7
59	3
100	5
89	1
53	1
2	1
91	5
13	1
51	5
72	1
58	2
6	2
55	2
97	3
12	1
77	3
14	1
1	1
21	1
59	1
100	1
94	3
38	2
84	3
32	28
24	3
83	1
32	1
57	2
17	8
37	2
53	1
31	6
66	1
97	1
76	2
36	1
41	1
78	6
13	5
32	1
49	2
20	2
2	5
12	4
96	2
14	1
49	5
56	5
46	2
90	4
100	41
42	1
50	2
16	1
80	2
53	1
64	4
13	2
100	1
86	1
24	1
98	1
94	2
90	1
4	4
13	8
55	23
95	1
25	1
69	6
9	5
85	3
45	5
89	1
72	6
94	1
73	1
19	5
95	1
9	4
90	2
53	1
27	4
52	7
8	1
55	4
45	1
40	1
87	1
36	1
1	1
53	1
71	1
43	1
34	3
14	1
76	1
19	6
16	2
4	2
93	1
91	2
49	1
29	2
57	20
46	1
96	1
82	3
25	1
34	4
79	2
81	2
17	1
7	1
72	1
60	1
72	2
53	5
80	1
60	1
97	1
97	1
54	1
10	2
6	1
88	1
94	1
41	2
22	1
47	1
13	1
56	1
55	8
56	2
41	1
26	2
71	1
80	2
52	1
6	1
36	1
97	2
16	3
91	2
40	1
29	4
94	2
36	32
96	1
86	7
10	10
76	1
85	2
8	2
48	1
97	2
62	3
64	1
83	10
66	1
95	21
74	1
83	2
40	7
3	2
18	2
40	2
96	1
52	2
12	12
72	6
34	2
1	1
63	1
55	1
57	8
74	1
40	2
90	2
86	1
61	36
8	1
99	1
76	3
9	1
2	1
46	2
66	5
32	9
33	2
55	2
38	1
70	2
36	1
60	3
55	1
27	8
72	4
68	8
80	9
37	2
60	11
15	1
32	1
4	1
35	1
53	1
91	4
5	3
33	1
51	3
88	25
52	1
6	3
9	1
99	1
17	1
78	3
35	2
81	2
26	3
100	1
91	4
52	1
68	15
11	1
27	2
98	2
8	4
1	4
92	8
12	1
61	1
92	1
2	1
36	1
39	1
57	3
77	2
76	2
48	3
65	2
87	5
5	1
70	2
61	1
56	1
69	2
65	3
14	2
36	6
93	1
88	2
7	9
60	1
64	2
72	8
82	1
43	1
4	6
42	1
24	1
40	1
16	1
56	8
22	1
82	3
17	8
66	5
37	3
9	1
32	1
81	1
43	8
50	3
38	2
14	2
92	1
57	2
61	2
40	1
55	9
99	1
94	1
46	32
89	2
82	2
38	2
37	1
88	1
78	2
81	17
90	1
48	2
84	2
58	1
94	1
96	1
35	1
56	4
70	1
38	4
16	2
17	3
7	1
41	1
33	4
78	2
46	1
20	2
38	3
3	1
93	9
75	6
90	2
11	1
26	2
15	2
75	1
96	1
87	4
16	1
10	1
93	1
22	8
87	1
93	1
42	1
91	1
64	2
98	2
91	1
26	1
16	3
88	1
84	2
48	2
45	2
96	1
15	1
53	12
28	1
41	1
82	1
88	1
63	31
23	2
9	2
62	1
52	12
87	4
74	2
86	2
94	1
12	1
2	2
8	1
13	1
1	1
31	1
42	2
25	5
2	1
17	3
61	1
63	4
55	1
85	3
10	1
25	2
86	8
89	1
6	12
45	1
46	2
46	2
24	1
55	2
7	5
39	1
39	2
65	2
93	8
37	2
79	1
27	2
87	2
60	1
67	1
2	1
36	4
50	14
21	1
36	3
27	3
97	1
79	1
62	1
62	2
24	2
59	2
7	1
16	3
42	1
74	7
45	3
42	12
20	5
51	6
92	1
80	1
94	2
100	1
80	3
52	1
4	4
5	3
12	19
28	1
2	1
47	1
62	7
93	2
5	3
39	1
71	1
35	1
80	7
70	5
99	1
62	2
88	3
12	2
87	2
55	1
44	3
38	7
93	9
89	5
24	10
45	1
48	7
14	11
65	1
86	8
9	2
18	9
17	6
98	15
72	3
95	2
4	1
71	2
14	2
97	1
89	1
35	1
23	2
63	1
36	5
55	1
98	6
43	1
56	2
21	2
43	1
45	5
99	6
98	1
25	2
100	27
38	1
1	1
87	4
3	3
14	2
17	1
32	6
29	17
2	4
66	1
16	2
45	1
77	4
77	1
39	2
18	9
67	2
92	1
32	1
78	1
3	1
60	2
56	2
73	6
41	1
56	3
53	1
22	1
46	3
34	1
79	1
64	2
21	10
1	1
100	5
1	2
23	2
88	2
52	1
90	5
2	3
52	2
96	1
87	1
76	1
77	2
23	4
2	8
46	4
48	2
31	1
99	2
12	4
34	1
49	1
58	1
67	1
8	2
87	4
7	2
66	1
19	1
26	3
83	8
73	1
19	1
82	1
7	1
6	2
59	1
62	5
57	1
81	2
45	6
62	1
80	1
85	1
14	10
69	5
84	1
30	1
95	1
71	1
7	1
92	1
83	1
37	1
36	3
6	1
84	1
83	1
45	3
17	2
29	1
59	1
30	2
67	2
3	3
77	2
65	3
78	4
25	1
89	4
30	6
40	2
65	1
32	2
42	1
20	6
36	2
34	2
69	1
41	2
41	1
84	2
36	2
56	1
26	4
20	2
94	7
24	1
33	1
20	3
6	1
48	1
20	3
6	3
85	1
63	2
66	1
33	14
58	1
13	4
36	2
41	1
46	8
39	6
74	3
56	3
100	1
72	1
36	1
11	1
26	1
48	1
70	1
43	4
72	7
61	1
90	9
39	8
21	12
66	1
87	1
25	11
76	5
9	2
24	1
34	9
43	1
91	1
12	4
90	4
88	6
93	2
7	1
64	1
9	1
72	1
2	3
37	4
91	3
39	2
16	1
14	1
4	7
22	1
89	1
50	1
65	2
56	2
73	3
97	2
52	1
32	4
16	2
33	2
65	3
72	1
94	7
91	2
93	1
64	10
27	1
8	1
6	1
62	5
35	3
15	1
79	2
43	1
66	4
52	5
98	1
62	2
13	1
88	4
68	2
38	1
67	3
85	2
12	1
54	3
9	2
36	1
18	1
32	2
4	3
13	2
11	1
44	1
78	1
31	1
33	2
90	1
69	1
74	7
77	2
78	2
100	3
23	1
94	6
100	2
41	1
50	1
89	3
77	6
75	1
14	1
79	2
9	2
34	2
79	1
13	10
94	2
72	6
81	2
25	1
65	14
95	1
20	4
10	1
53	1
8	1
94	1
73	7
37	1
88	1
67	1
22	2
64	8
31	8
13	2
75	1
73	1
95	1
55	4
40	1
40	3
25	3
37	3
39	1
7	4
87	2
77	1
37	10
4	1
35	7
22	2
96	1
81	6
38	2
94	6
94	6
28	1
69	10
19	1
36	3
32	9
1	2
33	1
100	7
56	3
55	5
95	1
75	5
40	30
63	1
92	1
69	6
78	11
82	1
96	2
24	5
90	3
87	1
65	24
61	1
73	1
100	5
17	3
94	10
37	1
92	1
64	1
99	1
48	5
40	1
1	1
22	5
90	2
16	1
98	4
25	1
43	5
41	1
50	2
66	1
94	14
67	1
20	1
1	1
49	12
14	1
6	2
44	1
47	3
53	1
39	6
70	2
53	11
44	1
47	3
41	9
70	2
100	6
27	5
9	1
43	1
29	1
9	1
47	4
86	1
54	1
79	2
10	3
84	2
38	1
14	3
74	1
40	2
25	1
25	1
93	7
6	2
67	5
96	1
72	1
15	12
58	8
100	1
29	3
71	1
18	2
95	1
20	3
16	4
51	2
28	1
60	2
16	1
99	1
43	2
45	3
47	1
2	2
20	3
34	46
47	5
26	3
93	8
26	1
40	1
53	1
72	1
52	1
89	1
2	7
23	3
40	2
51	10
20	32
75	2
64	1
55	1
14	1
86	3
59	1
67	7
96	1
74	1
29	1
100	1
97	2
80	6
43	5
81	2
4	3
14	1
27	1
55	2
67	4
31	2
69	4
88	1
87	2
62	1
27	1
96	1
82	1
63	1
57	1
86	1
49	4
26	4
71	2
67	2
24	4
66	1
94	12
7	1
17	4
46	1
28	1
19	1
68	17
85	1
76	1
35	1
26	1
3	7
43	4
85	6
18	4
61	2
6	1
94	1
34	1
69	1
84	1
74	1
72	1
26	2
32	2
74	1
71	1
53	2
98	1
35	1
90	2
30	5
14	2
20	3
14	2
64	14
79	1
99	1
94	2
96	24
35	2
34	1
98	1
21	1
26	2
61	2
54	5
61	2
13	3
69	9
73	1
26	2
68	15
1	16
99	1
91	2
17	1
41	1
62	1
60	2
20	1
54	6
62	1
43	1
98	1
3	1
95	1
73	8
55	10
79	1
72	9
89	1
45	1
6	3
94	1
96	6
38	1
89	5
67	3
77	1
45	2
38	3
11	1
5	2
34	7
74	1
4	10
45	2
95	7
57	3
20	4
4	1
53	1
59	2
78	9
34	1
66	1
65	3
32	8
96	1
55	5
22	5
83	2
61	1
20	3
68	5
73	1
99	1
66	3
95	2
44	3
16	12
3	1
40	2
4	1
51	4
4	13
20	1
41	3
14	1
49	1
55	1
3	1
97	8
63	1
62	3
23	2
19	10
61	7
10	2
93	1
75	3
35	7
34	1
26	1
92	2
80	1
47	6
51	7
50	1
90	4
71	1
41	2
40	7
98	1
17	2
61	1
91	1
85	1
75	1
23	12
36	1
63	1
37	1
82	1
26	1
49	3
35	4
88	1
42	2
75	1
80	2
49	2
35	1
45	1
46	1
26	1
74	1
20	3
53	3
47	3
71	1
78	1
36	6
31	3
55	2
87	1
92	2
7	35
71	1
86	2
22	2
1	1
51	1
56	2
72	3
85	1
50	7
51	1
32	5
62	3
38	2
23	1
34	1
7	1
83	1
23	2
55	5
3	2
47	1
11	1
13	3
65	3
62	2
46	1
100	1
34	1
58	1
69	1
88	3
98	1
71	1
26	1
96	1
33	1
39	1
64	1
42	1
64	1
99	1
51	1
72	2
38	1
43	5
72	2
85	2
4	1
41	3
31	3
9	8
34	1
9	3
1	9
29	1
9	2
29	1
28	1
47	10
80	1
26	1
71	1
24	2
68	2
55	4
4	8
64	1
66	9
37	1
27	5
34	1
95	1
98	2
13	1
42	13
34	6
47	3
29	1
82	1
85	1
46	6
2	1
28	1
86	1
85	3
81	2
50	2
83	4
1	2
92	1
90	1
62	3
32	4
57	2
90	1
100	1
85	3
49	4
20	1
81	4
97	4
25	1
40	1
93	3
53	7
35	1
12	2
82	4
41	4
8	2
84	5
18	2
65	2
84	1
51	2
92	1
77	1
44	2
27	2
8	7
24	1
25	1
93	4
31	2
97	2
64	4
49	1
3	1
50	2
1	1
2	4
98	1
11	1
98	1
29	1
68	1
3	3
88	6
50	3
80	2
59	2
81	3
27	2
72	2
22	4
75	3
15	5
57	2
65	1
62	2
62	1
45	3
25	1
63	1
53	4
72	3
37	2
71	2
87	1
91	11
18	25
87	1
41	1
9	1
48	1
97	1
3	1
77	2
77	1
53	1
32	2
41	3
79	3
83	1
4	5
77	1
41	1
5	13
57	3
85	2
39	4
17	2
27	1
72	3
35	1
32	1
99	1
86	1
86	2
47	4
92	1
62	1
38	2
65	5
83	4
50	1
82	1
66	1
62	2
63	2
13	3
13	1
22	1
93	2
69	13
48	1
13	2
96	6
79	1
44	2
60	1
86	1
62	1
53	1
40	3
22	1
13	1
16	2
36	2
92	4
98	16
68	5
1	10
60	3
74	3
44	11
99	1
78	1
31	4
34	3
97	5
27	3
40	1
46	6
1	1
83	3
77	2
59	2
16	4
7	2
76	1
25	6
30	4
85	2
37	1
87	2
24	1
46	1
54	4
94	1
28	2
7	4
77	2
84	1
87	1
36	3
44	2
88	5
67	1
90	6
42	3
87	2
88	1
84	2
23	9
98	10
5	2
58	4
72	2
77	1
35	1
24	1
25	1
4	1
34	2
45	1
68	1
44	1
63	1
99	1
56	1
86	2
3	1
94	3
36	2
84	2
34	6
48	3
17	1
100	3
47	2
29	2
27	12
72	2
2	1
73	2
17	2
70	1
53	3
93	1
84	2
57	2
34	2
79	1
59	4
3	1
26	2
23	1
6	4
92	1
16	1
65	1
74	1
51	2
48	1
17	2
22	3
52	1
81	3
60	1
65	8
49	3
97	2
94	1
17	1
10	5
1	1
17	4
11	3
55	1
14	2
92	2
95	3
94	6
78	16
19	8
67	2
83	1
89	2
66	1
13	2
42	3
52	1
90	6
28	6
71	1
14	1
28	2
57	2
35	6
73	2
79	1
71	1
7	4
89	2
21	3
50	3
65	6
23	1
14	2
1	2
43	8
97	6
26	2
42	2
91	2
65	2
57	2
31	3
98	1
86	5
72	2
83	1
87	1
94	13
7	4
35	6
12	1
70	2
89	1
48	1
76	1
100	4
51	2
47	2
1	7
70	1
19	8
11	1
9	1
9	4
2	2
67	8
79	1
49	1
98	1
97	1
60	3
57	1
26	9
61	4
88	2
1	2
34	2
15	1
19	9
60	1
19	2
32	1
13	1
15	12
80	8
34	3
59	1
52	2
46	1
14	1
46	1
42	1
82	3
76	1
32	1
72	1
12	2
50	5
39	2
85	5
78	2
8	1
60	1
73	3
74	3
93	1
56	1
53	1
43	9
37	7
66	2
79	2
66	1
52	2
95	2
21	4
6	7
60	7
38	1
26	4
22	4
86	1
56	2
14	1
18	6
75	2
61	2
12	5
32	1
82	16
3	2
50	6
82	1
29	1
93	1
34	4
23	16
42	3
10	1
80	8
56	2
62	5
59	1
46	6
41	3
20	1
80	1
55	7
82	1
32	1
36	2
39	1
36	2
40	2
87	5
76	1
26	1
14	1
66	12
78	4
89	2
1	2
70	1
81	3
37	3
76	2
80	1
85	2
98	2
64	11
48	25
81	1
80	1
12	1
4	5
3	14
91	2
12	1
9	1
63	3
7	1
20	2
56	4
5	5
32	3
40	1
11	1
7	2
66	1
39	3
60	1
65	1
47	5
61	2
23	9
51	3
13	1
18	1
29	2
24	5
95	3
43	5
34	1
99	2
68	1
72	9
81	2
28	1
67	1
81	1
63	1
69	1
56	2
46	6
60	1
96	6
31	3
11	3
40	1
19	1
49	5
37	2
29	1
55	8
55	1
35	1
21	3
43	5
40	1
11	3
8	2
57	1
49	1
6	5
27	5
98	2
65	1
55	6
1	1
91	9
47	1
24	1
31	1
46	4
58	1
73	1
67	1
55	1
48	3
6	1
87	2
53	1
40	1
47	1
20	1
46	1
13	9
37	2
39	7
16	1
91	2
60	1
22	1
23	2
77	1
47	6
82	3
65	2
11	5
12	1
99	2
100	1
78	1
57	1
23	4
11	1
65	5
69	1
88	2
6	1
18	1
79	1
56	1
71	2
6	2
51	1
90	1
19	19
91	4
34	1
99	1
25	2
70	1
52	5
35	4
24	1
14	2
54	1
49	1
90	1
57	1
61	2
42	2
65	1
6	1
44	2
98	2
71	4
64	3
75	2
83	1
5	1
4	2
20	8
33	4
57	3
1	1
87	9
48	12
74	6
4	1
8	3
89	1
19	1
52	2
54	1
95	3
82	2
68	1
53	1
62	1
41	1
29	2
3	1
33	4
28	1
49	2
89	8
65	3
92	1
4	1
2	1
7	1
99	17
35	2
25	1
11	2
57	1
47	3
67	1
39	2
15	6
33	5
27	2
61	1
17	1
67	1
13	2
4	1
50	1
13	31
86	2
43	1
66	1
6	2
20	2
77	1
35	1
88	1
11	1
83	1
64	1
49	2
26	1
43	6
42	2
2	7
82	2
70	36
85	2
30	7
22	9
90	1
20	2
69	6
30	12
12	3
52	5
73	2
64	3
5	4
23	9
32	1
53	1
3	1
79	2
46	2
42	2
8	5
64	3
94	1
79	1
90	2
17	1
63	2
81	4
37	2
24	5
11	2
21	4
18	1
48	1
51	1
49	2
2	1
38	1
57	1
5	24
2	2
60	1
5	9
83	22
47	1
8	8
86	7
21	3
31	5
17	5
9	1
43	1
30	1
10	1
100	2
84	3
38	3
17	3
86	6
82	1
56	4
40	2
21	2
96	2
32	12
36	1
78	2
54	22
62	6
44	3
80	2
14	1
25	3
59	2
28	5
46	3
34	2
77	1
49	2
57	2
84	4
72	3
73	3
19	1
40	1
96	1
93	1
88	1
91	1
32	1
91	1
53	1
14	10
81	1
5	1
94	1
32	2
53	1
42	1
91	1
37	1
51	3
98	1
51	1
89	4
58	9
62	1
6	2
43	2
42	3
27	1
86	3
52	1
14	10
13	1
73	1
41	1
82	1
65	11
78	1
17	1
35	1
49	1
6	2
30	1
41	1
85	6
65	2
68	2
28	1
82	2
32	1
27	1
65	2
97	1
48	1
81	1
44	1
78	1
75	5
99	1
14	5
44	1
71	1
56	1
94	2
2	2
16	1
91	9
22	4
25	1
52	9
7	3
37	6
47	2
90	1
29	1
80	1
32	13
35	5
99	1
77	7
6	1
79	2
23	1
34	3
73	1
4	2
84	7
14	1
55	3
75	7
57	3
7	2
55	2
28	2
74	1
53	3
99	1
78	2
36	1
19	3
100	1
91	4
18	1
66	1
59	2
6	2
98	3
7	1
58	1
57	1
41	1
13	2
97	4
11	2
4	2
91	3
7	2
43	3
37	1
47	3
99	8
13	1
69	2
52	2
57	13
60	3
21	3
88	1
65	7
100	3
84	3
27	1
23	6
66	1
76	3
57	3
16	3
74	1
93	12
13	1
85	4
98	1
47	1
74	12
40	3
83	1
15	1
64	1
30	3
48	1
93	1
83	1
26	3
96	2
33	2
18	6
84	5
26	2
53	4
45	1
23	2
66	1
39	10
27	1
10	3
25	2
82	6
61	1
15	9
76	2
68	1
68	2
61	1
84	1
91	5
8	1
58	1
55	3
53	3
16	1
58	2
63	2
99	6
50	3
79	4
64	2
71	1
48	2
76	2
47	4
63	2
84	1
26	3
21	3
70	1
92	4
28	3
70	1
77	8
94	6
97	13
5	1
41	3
1	3
40	2
34	1
52	1
26	1
6	1
58	1
86	3
6	1
55	5
42	1
46	3
90	1
44	2
64	1
51	1
4	4
62	2
43	1
6	2
45	1
18	1
90	13
3	1
67	1
73	1
40	4
47	1
64	8
75	5
78	2
43	2
18	6
69	1
73	1
81	6
89	2
72	2
53	2
28	2
83	1
31	1
70	6
2	1
66	2
13	3
57	1
75	13
63	8
35	2
21	2
5	7
16	1
90	2
49	4
39	9
69	3
4	1
45	6
75	10
86	2
57	1
94	1
16	1
78	1
95	2
68	4
59	8
74	2
3	1
69	7
57	4
61	1
79	1
18	9
71	3
92	3
96	11
61	5
44	2
13	1
89	1
89	2
16	3
51	3
89	1
11	2
60	2
57	2
80	10
43	2
28	1
28	17
70	3
35	8
78	1
55	1
31	1
17	7
62	2
68	7
38	1
46	3
100	2
87	1
28	1
80	5
14	2
79	2
47	7
48	1
63	2
42	2
49	2
43	2
28	4
11	7
39	1
15	9
63	35
21	3
34	3
97	9
59	7
82	1
91	1
81	7
86	2
51	6
83	1
96	1
7	5
27	1
19	1
87	1
46	3
22	5
12	1
29	3
97	2
75	2
42	5
93	1
80	3
14	1
91	3
75	2
71	1
94	2
46	1
69	8
91	3
73	3
13	2
24	1
15	1
48	1
56	1
36	2
86	1
100	1
61	1
25	2
27	4
20	6
2	1
67	1
35	4
98	2
93	1
7	3
22	3
15	3
98	9
63	2
2	1
64	1
39	3
46	5
10	1
42	7
9	1
6	3
99	3
41	7
27	1
2	3
6	3
76	1
70	1
90	9
3	1
85	1
93	1
11	1
51	2
16	2
11	1
2	2
28	3
52	3
41	1
54	2
21	1
1	5
71	1
12	6
95	1
18	14
82	1
92	1
83	1
91	21
79	1
55	4
85	4
12	2
63	1
23	1
49	5
76	2
65	11
96	1
39	7
97	13
97	1
4	4
94	7
24	1
89	2
82	2
88	2
3	1
61	7
36	5
100	5
80	1
1	2
74	2
91	3
12	2
57	1
18	1
61	2
25	1
71	1
74	3
50	2
11	1
53	2
23	2
8	1
19	2
80	2
99	2
61	1
9	1
25	1
70	1
18	1
85	2
52	1
49	4
86	1
67	1
56	1
93	3
42	1
23	3
2	1
42	1
31	2
82	2
27	1
43	2
49	1
36	1
37	4
4	1
95	3
12	2
10	1
13	1
15	3
75	38
8	1
82	1
70	1
48	1
18	1
45	4
68	1
17	4
16	1
79	1
94	2
61	2
46	1
58	1
12	1
81	1
1	1
60	2
29	2
70	2
96	1
12	2
46	3
19	1
53	1
23	1
39	8
53	3
8	3
96	3
95	5
89	6
42	2
68	1
6	2
16	2
55	8
67	2
8	1
65	2
86	2
9	5
70	1
60	2
24	4
47	1
35	1
16	7
86	14
45	6
72	1
43	3
40	1
78	3
46	7
10	1
81	2
7	2
83	1
78	1
25	1
75	1
62	15
86	1
73	6
89	2
42	1
74	5
91	1
79	1
97	1
20	6
62	7
26	2
48	14
50	2
82	10
82	1
66	1
93	2
96	2
85	3
11	2
70	1
62	2
90	1
92	1
35	1
90	1
97	1
19	1
60	1
73	20
95	1
59	15
79	3
20	1
44	2
74	2
83	1
17	1
44	4
36	1
13	2
94	2
14	9
58	1
63	2
66	5
72	1
96	1
31	5
66	5
96	6
42	3
77	2
6	1
67	3
50	1
71	1
92	1
6	1
9	1
83	1
77	4
3	1
57	4
38	1
10	2
64	1
15	1
61	4
11	3
66	6
10	3
6	7
71	2
1	3
31	8
58	6
90	1
30	2
44	2
71	3
3	3
7	1
25	4
42	1
98	5
47	1
94	3
59	2
15	4
47	2
43	1
3	4
63	2
29	2
50	2
10	1
36	1
73	1
36	1
46	2
76	4
40	5
48	1
37	2
9	2
58	1
87	3
34	4
43	2
7	4
64	1
99	1
36	1
58	2
89	1
4	3
99	1
85	1
44	1
7	1
4	6
55	8
27	2
42	5
2	1
64	2
68	8
16	5
86	3
26	1
81	11
90	3
75	4
25	1
47	2
22	1
51	3
43	1
69	12
98	8
84	1
39	13
75	1
6	2
32	10
86	1
11	1
42	3
53	1
6	2
1	19
5	4
8	15
79	8
84	2
49	8
37	2
22	1
94	3
23	3
61	1
36	1
34	1
11	1
47	1
90	2
47	1
1	1
93	2
33	1
55	2
47	2
21	3
5	2
98	1
38	7
34	2
32	3
53	1
58	1
9	1
49	1
40	2
13	4
28	1
60	7
31	2
76	3
77	1
64	2
7	1
35	2
25	6
11	2
11	2
28	1
66	2
79	1
77	1
90	1
92	1
37	3
59	2
72	4
43	2
13	1
87	5
93	1
69	1
92	1
23	1
2	3
98	40
97	1
27	6
29	2
39	2
92	5
28	1
87	3
2	3
71	1
2	1
55	1
66	6
52	7
20	10
79	12
37	1
43	4
13	1
85	1
36	5
3	4
42	2
85	1
40	1
87	16
18	1
62	3
90	1
26	4
19	1
77	1
32	2
22	19
90	1
99	3
33	2
91	1
42	2
21	1
83	2
26	1
51	1
39	1
53	1
100	1
20	1
81	1
95	1
99	1
59	1
64	1
1	1
69	6
81	7
28	1
99	4
19	1
44	1
40	1
24	7
70	1
14	4
98	13
56	2
47	2
96	15
9	2
16	1
91	1
21	2
15	4
74	3
19	1
93	7
17	2
96	1
11	1
41	2
73	3
56	3
10	3
81	1
100	1
51	1
96	2
11	6
90	6
46	2
5	1
18	1
53	7
60	2
27	1
24	1
95	1
22	1
34	1
27	3
2	3
26	1
48	4
10	4
24	1
50	1
44	1
49	6
32	7
12	2
7	2
13	5
17	1
58	2
40	6
87	4
64	6
94	1
100	3
53	2
10	1
3	2
20	1
2	1
11	1
13	1
3	4
70	1
63	1
73	9
66	1
95	10
72	1
93	39
44	3
98	3
98	5
10	2
2	7
72	7
27	6
81	1
13	3
52	2
81	1
77	1
83	5
75	3
63	1
29	1
63	1
63	1
77	1
81	11
87	2
90	4
88	5
46	6
71	4
27	1
20	1
97	3
78	2
60	7
42	8
98	26
65	2
68	6
35	1
19	1
99	3
38	1
29	2
91	1
31	1
2	1
72	1
4	1
72	1
40	2
55	1
69	4
100	35
12	1
83	1
7	6
41	1
23	7
78	2
72	1
30	4
10	5
74	1
53	1
80	3
10	8
33	6
6	1
13	3
70	1
51	2
79	1
24	1
16	1
14	2
61	9
63	2
99	14
87	1
84	1
95	1
52	1
70	6
62	1
78	1
28	1
60	1
22	1
60	1
36	1
27	1
20	1
70	1
28	1
21	2
22	12
4	5
93	1
82	1
7	2
37	1
90	18
93	1
83	1
52	2
76	2
18	1
19	1
65	2
43	13
61	2
51	2
41	1
42	5
100	1
84	4
86	2
36	1
35	2
33	2
40	1
16	2
55	1
96	2
83	1
7	4
6	4
12	1
55	1
19	5
4	5
95	2
26	1
19	3
100	6
50	3
12	7
47	1
54	2
41	2
33	1
84	3
8	2
84	3
99	6
68	1
8	2
43	3
44	1
49	1
17	3
33	1
67	4
49	4
73	3
61	1
88	1
43	1
90	3
60	2
31	8
41	14
93	2
75	2
49	1
82	1
73	3
44	3
45	3
12	2
33	1
22	4
67	2
18	1
93	1
95	4
60	1
13	7
70	1
40	7
61	2
34	1
87	2
25	1
73	1
100	1
11	1
28	11
88	1
84	10
25	8
54	2
64	9
89	3
56	59
55	4
53	7
2	1
21	16
74	2
13	1
1	1
97	1
51	4
76	4
15	1
11	3
89	1
38	2
11	1
60	2
62	1
58	1
56	7
40	2
23	1
6	3
78	1
55	2
38	4
13	7
82	2
24	1
100	1
50	13
59	1
80	1
26	1
34	1
66	1
13	5
28	2
67	7
72	2
84	1
2	6
64	1
70	3
57	2
53	2
83	1
20	1
82	2
50	1
77	3
91	4
59	1
59	2
74	1
97	14
90	1
4	1
34	15
44	1
45	2
100	2
58	3
41	1
15	3
5	2
62	3
32	1
64	10
97	3
19	1
45	1
91	2
64	1
72	3
18	8
7	1
48	1
88	1
55	2
82	1
45	20
6	3
15	6
17	2
10	1
3	1
98	1
54	3
21	25
72	1
98	2
55	1
95	9
84	3
47	2
60	2
60	12
70	1
39	1
84	1
24	3
54	9
84	5
86	2
89	8
94	1
87	1
30	4
93	1
30	1
30	4
34	11
6	2
63	3
41	4
96	3
37	4
41	1
60	2
27	6
34	2
37	5
19	3
5	2
31	3
54	1
75	15
1	1
89	2
80	2
14	3
49	3
75	2
73	9
66	2
86	1
71	10
23	2
40	1
4	3
13	2
34	1
95	1
23	2
49	1
68	2
76	2
15	1
56	5
88	2
38	3
71	2
48	2
100	1
73	6
61	1
63	1
28	2
79	6
44	2
3	1
41	3
26	8
31	12
94	11
53	1
44	11
42	1
68	3
81	1
48	4
81	1
38	3
71	1
9	1
96	2
24	1
40	1
43	1
81	6
40	1
71	3
60	9
25	15
58	2
71	3
50	4
71	11
58	1
4	14
55	2
28	1
86	3
79	3
40	1
17	1
96	1
66	1
3	1
34	3
100	1
69	1
54	3
88	1
80	1
80	1
93	1
65	1
29	1
11	7
54	10
51	1
17	5
4	1
59	4
31	1
40	3
10	4
90	9
59	2
92	1
55	14
48	1
67	1
14	8
96	1
55	3
16	1
66	1
42	2
8	11
85	1
23	1
96	5
44	2
85	9
96	1
23	6
62	2
71	1
17	1
41	2
16	3
46	1
32	1
57	3
11	4
90	1
39	7
49	6
44	2
21	3
76	7
34	1
84	1
11	5
74	2
27	1
63	3
22	1
10	14
85	6
22	9
10	2
63	1
94	2
43	2
97	1
9	1
54	1
86	2
95	28
70	2
100	3
44	6
78	1
2	1
30	2
40	5
88	1
48	21
12	1
99	7
59	4
89	1
2	2
79	1
38	1
69	1
33	1
14	3
21	2
76	1
42	1
88	6
68	1
14	1
77	2
38	4
70	2
51	9
57	1
18	2
82	1
34	6
2	2
75	1
14	1
24	1
16	1
88	1
50	1
66	2
64	9
66	8
34	1
3	1
49	1
87	1
58	2
95	6
19	1
84	7
71	2
42	1
70	3
74	6
81	2
49	3
46	1
76	2
86	1
72	10
2	1
16	11
30	1
21	2
31	5
83	3
11	16
92	10
5	2
54	1
7	1
81	7
72	1
83	1
38	3
91	3
64	3
49	2
67	3
92	1
24	2
51	1
50	2
69	6
58	2
90	1
77	2
68	2
30	1
57	3
57	1
57	3
56	6
65	1
77	2
19	1
34	8
86	1
62	7
88	1
28	1
87	5
99	1
56	1
56	4
46	4
62	1
36	6
62	1
90	1
7	1
37	1
29	4
74	2
80	1
13	5
42	3
63	1
5	12
19	2
81	4
24	2
21	6
62	1
10	1
19	1
11	2
60	1
81	4
34	2
98	6
18	2
97	6
30	2
49	4
60	1
67	2
26	1
45	15
68	3
90	2
26	1
44	24
43	1
69	1
87	1
74	3
8	1
88	1
70	1
88	1
69	7
68	2
92	1
33	1
70	7
48	1
26	1
79	1
19	1
96	1
69	7
66	1
38	4
65	1
41	1
39	1
10	2
8	2
70	1
60	4
66	1
85	1
50	1
10	1
65	3
30	21
73	5
61	1
47	3
20	1
80	12
1	1
16	5
90	1
51	1
27	1
59	7
10	3
29	1
81	5
24	3
78	1
56	1
58	18
14	1
93	1
40	2
34	5
56	1
44	1
75	4
26	2
37	1
46	1
55	1
10	2
87	2
26	1
77	2
47	4
65	3
40	2
36	2
10	1
100	2
50	5
79	1
11	1
62	3
31	12
33	4
46	3
32	2
12	3
58	1
54	3
2	2
77	9
70	7
80	7
95	1
46	1
8	1
39	1
16	1
37	2
66	1
19	1
8	1
8	3
93	2
39	1
58	5
82	6
6	1
47	5
94	1
25	3
1	13
22	3
88	6
16	15
95	2
1	3
69	1
19	1
74	3
6	2
77	3
58	1
100	2
85	1
48	8
46	3
24	2
68	1
28	11
16	1
21	1
24	1
76	1
1	3
3	1
32	1
45	1
12	2
96	14
41	2
57	2
95	1
5	1
43	2
97	3
54	1
25	1
58	1
23	1
53	2
68	1
56	2
28	5
59	1
67	1
71	2
38	2
7	1
79	2
74	1
10	9
95	1
8	6
39	6
14	2
7	1
79	1
48	4
84	2
81	1
9	1
26	12
16	1
40	2
33	3
72	1
92	2
28	2
22	2
81	1
9	1
71	1
4	1
92	1
75	3
38	2
75	1
33	1
46	2
87	1
85	3
72	1
80	1
27	6
17	1
39	6
50	2
15	9
78	1
93	1
82	1
39	2
96	1
98	8
43	6
71	8
98	3
7	2
44	2
29	1
96	2
88	7
27	4
3	2
60	16
60	1
76	1
49	2
73	1
15	1
35	4
46	1
30	12
61	4
89	4
37	6
8	8
33	1
78	2
42	1
81	1
30	1
2	15
78	3
28	1
94	13
29	2
46	2
95	1
36	3
46	1
70	2
48	7
39	1
89	2
14	1
32	5
77	9
25	1
11	1
51	4
66	2
95	3
41	2
68	1
23	2
100	1
18	1
98	1
24	1
87	1
56	1
36	1
54	12
38	3
64	5
68	4
19	1
91	1
54	1
87	2
22	13
72	1
84	5
46	1
7	20
49	2
53	2
46	4
96	1
23	2
75	1
91	1
8	1
55	1
42	1
89	1
30	7
6	1
80	2
73	1
87	1
100	13
56	1
97	9
80	1
13	5
65	2
98	1
35	3
32	4
45	8
43	2
83	1
39	8
50	2
1	7
87	2
79	1
97	3
97	2
98	1
33	1
12	2
85	3
85	7
26	1
40	2
55	2
19	2
36	1
60	17
8	4
88	3
40	2
13	1
63	1
46	2
75	2
28	3
59	1
30	2
93	1
56	1
95	1
95	1
47	2
70	3
100	2
92	1
44	14
27	16
69	2
4	1
33	1
5	7
46	2
27	2
7	6
88	3
9	1
34	3
88	1
12	1
63	1
30	3
10	1
67	1
80	2
72	3
4	4
54	3
14	2
39	1
15	1
76	1
61	3
81	1
16	1
39	2
47	2
40	1
23	4
38	14
28	6
65	5
37	3
32	4
51	2
25	1
49	8
91	3
60	1
60	1
14	1
57	2
65	2
72	2
