9877
3	1
81	1
8	7
71	1
16	1
23	1
75	1
9	1
11	1
47	1
90	1
84	1
46	27
45	13
30	1
50	1
3	4
39	3
85	6
23	2
74	3
91	5
1	1
24	1
56	1
95	1
40	2
82	2
41	1
92	3
48	2
5	1
75	3
12	4
5	1
63	2
78	1
77	1
3	5
93	1
73	1
56	1
69	2
1	3
67	1
82	3
37	1
16	10
33	1
26	1
61	1
66	2
92	2
20	1
93	2
4	2
3	1
30	2
96	1
31	2
74	2
27	1
1	2
76	6
22	1
22	1
40	4
24	1
29	1
77	1
59	2
87	2
39	5
35	8
97	2
99	13
80	2
35	1
19	6
66	1
63	3
74	3
74	1
85	4
96	1
28	3
45	1
19	2
33	1
20	1
70	1
51	1
46	2
82	3
47	3
56	1
85	6
64	1
82	3
65	5
65	1
35	2
9	1
43	1
59	1
69	2
83	1
29	1
8	11
44	2
8	1
15	2
32	1
55	10
30	3
42	5
62	1
54	2
81	2
10	2
9	1
71	5
1	1
70	1
61	1
13	1
17	1
12	4
9	4
65	3
36	1
35	3
33	1
70	4
35	1
56	3
61	5
37	2
77	1
72	5
24	1
8	5
63	8
39	1
89	4
13	9
60	5
25	4
35	1
10	1
77	2
16	1
43	17
49	1
11	3
7	1
56	2
73	5
37	1
93	3
66	1
2	2
53	1
69	1
72	1
60	8
95	1
37	8
28	5
59	1
9	2
23	7
82	1
86	1
57	1
44	1
83	2
99	1
74	6
26	13
49	1
46	3
60	5
83	4
23	3
28	2
57	1
47	2
96	4
8	2
10	1
78	6
99	2
31	1
99	1
70	1
92	3
41	1
100	4
42	1
15	1
6	1
71	1
60	4
36	1
23	1
70	2
92	2
80	1
41	1
81	20
76	2
76	3
28	1
90	1
49	1
90	3
26	4
10	1
31	1
52	2
45	1
4	7
90	4
10	1
64	1
91	2
14	3
58	2
44	1
62	15
50	3
2	3
15	1
12	1
59	1
49	1
36	3
91	1
39	1
58	1
93	1
97	2
17	1
99	3
1	5
57	16
15	1
29	3
21	1
26	2
55	1
34	1
78	2
19	2
27	9
75	4
28	1
77	1
25	1
8	1
39	1
32	1
74	10
86	2
4	2
76	3
36	2
99	9
36	3
34	1
97	1
85	1
30	7
71	1
40	2
84	3
94	1
35	5
78	3
64	3
82	2
90	2
52	1
83	1
9	1
53	2
75	33
80	1
2	4
10	3
81	1
75	1
11	7
45	2
33	2
21	2
51	4
36	1
51	1
94	8
85	3
16	2
35	1
14	1
97	2
80	2
20	13
55	3
16	4
23	1
10	2
66	1
5	1
67	3
70	1
66	1
57	1
16	2
27	1
30	1
57	4
4	3
16	4
10	5
60	11
34	1
79	2
34	1
52	3
90	3
63	2
27	1
35	3
66	1
24	3
88	3
56	2
7	1
5	7
57	4
52	2
86	1
42	4
65	2
74	8
66	18
8	2
10	2
39	9
6	5
22	1
93	1
41	1
52	3
19	3
61	2
2	1
4	2
68	1
88	2
73	9
80	5
49	1
77	1
16	1
100	1
32	1
66	2
43	4
68	1
28	1
83	2
26	2
76	1
6	14
38	1
20	5
14	2
59	1
7	1
25	2
11	2
50	3
79	1
96	4
4	2
26	1
56	1
77	2
49	4
98	2
16	2
7	1
37	5
20	1
43	1
52	2
3	1
32	3
44	1
78	1
1	8
90	1
7	1
92	2
51	3
44	8
10	3
48	3
19	2
92	5
14	1
65	1
48	2
48	8
22	1
42	5
80	1
83	1
100	3
44	2
66	1
69	8
42	1
24	1
86	3
73	1
62	2
66	7
85	1
51	7
37	2
32	3
27	1
6	2
91	1
29	2
41	1
35	1
64	2
45	3
77	5
99	1
6	21
50	1
28	2
47	2
45	4
84	1
96	1
49	2
43	4
99	2
25	5
68	5
95	10
40	2
81	3
65	4
5	2
79	2
67	3
100	1
7	3
85	1
28	1
93	1
62	1
4	1
75	3
78	1
35	1
45	1
7	11
4	1
75	6
47	2
58	17
55	2
33	1
19	6
25	4
82	1
1	1
24	1
8	1
48	1
71	6
8	4
5	5
92	1
96	1
72	5
36	1
69	9
17	1
80	3
49	1
79	9
97	1
28	1
7	1
97	3
19	1
6	1
18	1
53	3
35	4
18	9
2	1
90	1
77	16
11	1
33	1
78	1
94	10
33	1
79	3
77	1
85	13
71	2
31	13
19	1
99	1
39	2
26	2
70	1
1	2
30	5
20	1
15	3
63	2
13	1
80	2
42	2
75	1
71	1
88	5
74	9
29	1
38	6
44	1
59	1
86	13
82	6
99	1
69	2
46	1
6	1
75	2
42	4
12	1
6	1
52	3
36	1
94	5
37	1
31	2
34	1
87	3
24	1
14	9
49	1
26	1
84	5
54	5
100	1
88	1
15	1
35	2
23	1
75	2
18	6
6	1
73	5
69	1
80	3
88	2
92	1
87	1
16	1
4	6
4	6
20	3
35	1
19	1
87	1
68	1
50	4
6	1
69	2
17	1
7	1
81	2
73	3
77	1
58	1
4	5
24	3
82	1
33	1
18	7
45	7
74	2
11	2
67	1
4	1
31	7
43	7
60	3
29	2
56	2
68	3
50	1
37	3
52	7
83	5
40	7
55	3
24	8
92	7
95	7
76	2
57	2
88	1
34	1
4	15
6	5
51	1
14	4
38	1
56	1
34	2
98	2
61	2
4	1
62	1
51	1
76	11
56	7
75	6
31	1
81	5
1	3
44	1
17	2
30	1
1	1
72	1
3	2
23	4
39	1
9	4
21	2
49	4
46	2
20	3
57	1
17	4
82	2
74	1
40	1
75	5
70	4
42	3
81	1
83	4
99	2
60	1
26	2
51	5
87	1
51	1
70	3
3	1
78	1
2	4
30	3
61	2
77	2
76	1
69	1
79	1
52	1
91	1
50	1
99	9
11	2
82	2
68	2
36	1
11	1
15	1
16	5
96	1
29	2
100	3
80	2
16	2
68	1
59	1
47	1
9	1
58	1
41	1
78	1
23	2
64	1
33	2
11	1
22	4
50	3
88	3
3	5
63	1
61	1
43	5
29	2
67	1
46	17
16	2
83	1
63	1
74	9
77	5
74	24
27	1
23	3
55	1
20	1
47	1
41	2
90	1
92	4
60	15
64	1
12	1
12	1
44	4
21	1
20	12
71	1
21	18
63	1
70	1
96	3
14	1
8	1
57	2
60	1
40	18
42	1
20	1
25	2
89	2
36	5
42	4
58	2
50	2
41	1
3	1
90	1
23	1
71	2
49	5
47	4
56	2
91	9
93	7
91	1
63	4
94	1
35	4
18	1
75	2
7	3
45	1
97	1
45	1
98	1
1	1
85	2
85	5
35	1
41	19
62	1
54	2
6	3
10	2
24	1
84	2
13	1
81	2
47	1
27	6
22	2
88	1
87	6
32	2
1	3
98	12
74	1
21	1
91	2
58	2
65	14
99	2
21	10
89	1
56	1
11	6
46	1
35	2
74	4
5	1
38	4
39	2
4	4
47	3
40	2
11	2
49	1
37	5
40	5
88	2
45	1
72	2
48	2
26	7
73	1
46	1
83	2
77	8
47	1
32	1
31	3
94	1
55	1
100	3
60	6
88	2
85	2
45	2
18	4
56	1
51	3
55	1
41	1
71	2
58	1
24	1
47	1
19	1
52	2
46	2
5	5
14	10
45	1
77	1
32	1
7	1
37	9
19	3
96	3
15	1
94	1
93	3
8	2
45	1
29	1
21	14
75	3
78	2
47	1
84	5
39	3
12	5
3	1
56	1
70	2
3	2
60	1
58	2
6	1
77	3
44	2
23	1
34	1
89	4
54	1
10	6
66	1
23	1
54	2
17	2
99	3
89	4
67	9
77	23
100	7
62	6
54	1
13	4
35	6
72	3
76	3
36	1
6	3
60	2
87	7
34	1
100	2
96	7
20	2
93	1
29	16
66	1
89	10
74	2
82	8
16	2
77	2
50	5
61	2
93	2
90	2
84	1
51	1
10	1
55	3
94	2
8	3
17	1
89	3
75	2
38	6
27	1
93	5
48	23
90	1
51	1
69	3
71	5
65	1
42	1
33	2
54	1
45	1
40	22
64	7
55	2
56	3
67	1
61	2
4	1
58	2
28	1
40	1
98	1
29	5
75	1
25	2
53	1
2	1
54	2
58	1
69	1
40	1
64	3
54	1
50	3
72	3
41	1
79	4
68	2
28	7
21	4
74	8
73	1
69	1
43	9
33	3
42	3
98	18
72	3
75	1
66	2
3	2
57	1
48	1
92	1
18	5
79	1
89	1
17	1
76	4
38	10
69	1
31	1
87	1
21	1
28	1
6	11
96	2
62	1
38	2
69	2
69	3
97	5
49	2
17	2
71	12
35	2
84	4
10	1
20	14
82	2
20	4
80	10
54	7
61	1
98	1
98	5
28	1
75	1
7	2
4	8
45	1
20	2
55	3
2	1
63	10
24	1
75	1
48	1
48	2
22	18
88	2
63	3
65	1
95	2
81	3
51	2
87	1
57	3
3	2
67	1
94	1
46	2
45	6
99	1
52	3
41	2
39	4
6	5
92	3
77	1
49	1
49	1
1	8
29	2
15	1
20	3
37	1
27	1
14	1
77	1
45	1
9	2
72	1
41	5
18	7
39	2
47	1
5	3
95	8
55	1
28	1
17	1
95	4
97	1
20	1
26	6
42	1
50	2
99	6
32	2
58	3
86	1
60	5
56	5
23	2
63	1
87	3
65	14
27	2
42	10
39	8
14	1
4	2
97	1
57	4
22	1
1	2
22	1
96	1
65	2
38	18
19	10
11	5
58	12
49	1
86	3
69	6
18	3
14	1
77	2
45	2
35	3
56	1
8	1
85	4
21	1
56	1
99	1
27	10
6	2
58	1
61	7
42	2
1	3
44	1
28	31
79	2
37	2
22	3
37	1
20	1
81	1
1	1
92	1
38	2
1	3
92	1
24	2
90	1
39	1
4	1
25	1
31	11
68	1
60	1
11	2
13	7
6	1
73	1
39	12
50	2
8	4
3	1
73	1
6	1
29	1
32	3
43	1
69	3
19	1
13	1
60	1
23	12
90	2
18	1
8	2
71	3
8	3
45	4
70	3
47	2
62	2
55	1
45	1
65	1
51	3
43	1
55	2
79	8
11	6
76	2
15	2
84	2
72	1
59	2
81	1
38	1
35	2
50	1
67	1
93	4
91	1
83	3
99	1
93	1
8	1
30	3
66	5
49	5
44	3
77	3
63	6
22	1
62	10
80	1
84	4
49	7
7	1
75	1
43	1
18	1
87	2
76	4
64	2
41	1
82	2
87	11
87	7
98	2
30	4
28	4
49	6
40	1
6	2
65	2
33	2
50	14
85	1
74	2
53	1
12	2
87	6
34	1
58	1
73	3
8	2
52	3
76	2
67	3
9	6
33	1
17	2
15	6
11	1
53	2
6	5
100	2
14	1
16	1
64	1
61	1
89	1
83	1
7	1
49	3
32	2
59	2
67	2
52	13
13	23
91	2
20	10
61	9
76	1
55	1
64	1
66	1
80	8
68	4
48	1
53	2
49	1
30	1
84	2
44	2
90	8
65	3
29	5
94	1
100	2
98	2
67	1
67	1
10	1
84	4
2	2
40	2
98	2
69	2
55	1
28	5
99	4
56	1
68	10
34	1
1	1
35	1
94	3
17	22
87	1
16	3
87	2
41	1
77	4
17	11
74	2
26	3
40	6
50	5
34	1
30	4
17	2
4	2
17	8
17	10
19	1
94	2
39	2
41	14
47	1
45	1
56	1
43	2
55	1
6	2
78	2
73	5
51	3
56	16
96	1
21	2
8	1
23	2
51	2
61	1
75	2
69	1
31	2
77	2
55	1
76	1
20	3
79	5
27	11
88	2
10	3
40	1
25	1
14	1
28	2
25	2
35	2
83	3
4	2
53	3
44	3
43	4
79	1
85	2
6	1
79	17
84	7
35	1
83	1
36	1
78	2
15	9
56	9
80	1
60	1
22	1
63	3
70	1
36	4
98	1
31	1
12	4
97	4
74	1
98	1
40	3
72	1
39	2
54	2
91	1
2	1
20	2
27	1
57	11
95	1
58	1
81	1
91	3
67	1
7	2
77	2
91	2
3	6
79	1
100	5
21	1
80	1
17	6
81	2
19	3
79	2
4	1
97	2
40	26
61	9
31	14
96	1
89	1
2	9
7	1
36	1
54	4
71	3
73	2
47	3
77	1
71	18
41	1
77	2
34	4
78	2
78	2
37	2
24	2
85	1
91	1
60	1
86	6
17	2
32	2
5	1
93	1
92	1
46	1
16	1
62	6
95	3
71	1
57	1
21	3
27	1
64	3
58	3
20	1
63	2
89	1
63	3
93	2
17	3
27	7
74	5
30	3
78	7
3	4
45	2
78	3
37	1
60	1
42	3
67	4
82	2
22	1
92	2
50	1
8	1
45	2
63	1
1	1
73	1
78	1
77	14
91	1
48	1
6	2
81	1
44	2
83	11
57	6
83	1
87	1
82	2
71	1
56	1
89	1
73	4
48	1
73	1
13	6
39	1
9	1
45	3
84	5
21	3
6	1
99	1
93	1
74	2
28	1
85	9
60	1
34	1
9	3
48	1
78	1
94	2
61	1
43	2
17	1
36	1
18	2
65	2
66	2
76	2
70	1
61	1
20	1
91	6
3	2
52	10
80	6
19	5
34	2
83	3
27	1
24	7
4	1
5	1
30	1
14	4
43	2
32	8
23	2
41	1
64	1
57	2
88	1
82	11
39	1
24	1
87	2
9	1
87	2
11	8
97	1
68	4
1	10
53	3
25	1
99	1
37	1
83	2
82	2
50	1
85	3
86	1
19	2
64	1
63	1
74	1
1	2
3	1
91	1
23	5
100	1
8	1
29	1
13	1
58	1
82	2
86	2
16	7
65	2
13	4
57	7
38	1
78	1
58	4
47	1
88	5
6	3
34	1
36	1
95	2
11	14
39	1
95	1
4	1
38	3
38	1
54	1
3	2
19	1
55	1
93	1
62	2
88	5
83	2
45	17
21	9
5	1
3	3
69	1
10	2
74	2
4	3
26	1
13	2
66	1
12	3
9	1
11	1
72	1
24	2
22	5
76	4
6	1
29	5
88	7
84	1
37	2
91	1
93	4
9	1
70	10
72	4
97	3
79	1
27	2
88	4
49	1
77	1
93	2
32	4
96	2
44	1
54	1
98	4
88	2
8	1
30	8
40	1
12	2
45	3
71	2
89	1
99	3
76	1
23	1
74	3
75	5
53	1
50	3
26	2
60	8
47	1
67	1
66	1
55	2
68	5
46	1
47	1
73	4
87	1
81	30
16	1
77	1
83	1
70	3
68	4
96	1
69	2
3	1
91	2
96	1
85	1
18	3
37	1
56	2
89	2
84	1
91	4
76	4
42	8
84	2
78	1
26	2
44	1
32	1
36	3
96	3
20	4
54	1
59	6
79	3
98	1
54	3
78	1
65	6
79	1
80	5
83	3
6	1
85	10
12	1
16	2
44	2
76	5
91	1
10	2
32	3
87	1
47	2
19	2
34	3
62	1
56	3
70	8
22	3
51	2
25	1
44	11
53	6
17	2
5	7
67	2
85	7
26	1
68	1
45	1
96	1
66	1
54	1
16	1
92	9
59	3
84	5
88	3
26	3
82	3
34	2
70	18
53	1
52	1
94	4
73	1
57	1
92	1
77	1
36	1
25	1
89	5
1	2
47	1
84	2
59	5
79	4
86	1
27	1
55	1
36	1
61	1
69	4
54	32
11	2
18	1
35	11
46	4
85	3
64	21
75	1
36	3
3	1
88	1
9	3
53	4
72	1
40	1
17	1
42	1
85	3
13	1
68	2
6	2
53	6
72	6
44	7
32	5
80	1
30	2
16	11
36	2
100	3
31	1
71	2
47	1
34	3
26	1
73	1
5	2
5	1
4	1
86	4
97	1
9	1
5	1
12	2
62	2
18	3
83	3
16	2
94	1
91	2
54	4
3	3
40	1
37	1
58	2
33	3
39	6
31	1
64	1
86	5
57	3
21	3
42	21
19	1
90	6
7	2
76	1
53	1
19	3
13	1
63	1
81	5
85	2
48	3
9	1
29	4
88	1
56	1
37	3
17	1
88	1
21	5
87	1
82	1
13	11
84	3
39	12
81	2
30	1
27	2
13	1
56	3
55	1
30	1
89	4
69	3
72	6
43	3
13	2
66	2
69	2
5	5
64	4
86	1
64	2
83	2
18	6
77	6
53	2
15	3
7	1
21	1
76	5
39	3
38	1
66	2
4	1
17	2
58	1
63	2
17	1
49	2
35	6
9	1
86	1
80	2
11	2
21	4
14	10
26	2
62	1
8	3
64	18
83	13
29	1
94	10
43	5
30	2
71	1
68	1
14	1
100	3
50	2
13	2
79	1
65	3
33	2
9	1
52	1
69	2
40	2
25	3
56	2
63	1
96	4
85	7
80	1
36	1
4	1
95	1
39	6
77	7
86	1
19	1
80	2
69	20
1	7
53	5
50	1
85	1
96	2
6	2
5	3
59	2
42	2
93	3
15	1
2	10
6	2
89	3
12	1
4	1
1	8
72	1
22	2
99	3
29	9
95	1
98	1
93	3
57	1
70	1
7	3
74	3
47	1
97	2
22	3
22	7
59	1
76	1
4	1
48	2
30	6
18	4
98	1
69	1
99	1
80	2
65	7
69	1
19	1
69	5
20	1
66	2
86	2
9	3
18	1
73	4
53	4
78	1
56	3
7	1
88	1
11	2
42	4
15	1
99	4
4	5
24	2
95	5
61	1
1	1
62	4
77	2
67	2
15	3
53	5
28	1
10	2
96	1
20	1
15	10
44	13
87	3
38	1
79	1
35	5
79	1
56	1
61	6
62	1
48	1
47	2
9	25
16	3
10	1
13	7
56	4
45	2
74	1
74	2
83	1
35	4
7	2
69	1
16	7
93	2
47	4
90	1
98	1
11	2
92	10
35	3
83	1
89	2
65	2
12	2
74	1
13	2
39	3
47	1
14	1
18	7
30	4
18	1
64	1
39	1
55	4
3	5
56	1
96	1
57	1
72	11
56	1
11	1
68	5
1	1
100	19
44	2
28	2
13	1
93	2
47	1
75	13
87	1
43	27
55	2
41	2
82	1
13	3
94	2
4	2
64	1
63	6
89	1
19	7
34	1
51	1
61	10
80	1
59	2
29	2
25	1
94	1
68	26
53	2
89	1
7	1
64	2
10	4
64	6
52	1
43	3
76	1
30	2
50	5
32	1
57	15
50	9
66	3
8	1
83	1
79	1
100	1
62	2
45	1
90	1
73	14
53	8
87	1
6	4
26	1
70	2
98	1
85	2
41	1
85	2
40	1
63	1
8	2
49	17
1	2
3	6
73	2
73	1
89	3
52	3
20	2
48	3
44	4
83	1
24	2
10	2
34	1
2	1
1	2
49	1
91	1
26	1
6	1
79	1
33	1
12	1
54	1
72	1
91	3
33	28
73	2
28	1
67	3
52	2
35	3
19	8
3	8
93	1
47	8
6	1
4	3
82	1
28	1
54	1
58	2
83	2
81	2
89	6
95	1
17	10
91	4
7	3
35	6
54	1
73	2
11	5
80	3
32	1
48	11
24	6
24	2
88	8
71	8
6	12
19	2
95	2
60	1
54	2
3	1
27	1
22	7
2	6
85	9
7	1
22	3
38	2
39	5
52	14
52	1
26	1
82	1
82	4
24	4
40	3
46	2
4	2
7	1
19	1
42	12
24	5
6	1
60	1
89	2
57	3
72	4
13	2
54	2
46	2
81	1
59	1
3	1
45	1
71	5
52	2
40	12
78	5
39	8
45	2
52	1
70	7
35	1
27	2
28	1
68	3
61	1
86	6
40	7
76	2
98	1
25	2
6	5
38	6
43	4
23	1
35	13
20	2
26	5
56	2
74	6
60	2
1	1
1	8
80	2
1	6
55	4
17	1
79	2
55	1
89	5
18	9
73	1
92	1
86	9
2	1
74	4
46	1
10	2
14	2
74	1
69	1
91	4
91	3
44	9
93	1
26	4
6	1
98	3
47	1
48	1
95	8
60	7
99	4
37	2
62	7
31	8
89	6
20	1
94	1
76	2
98	8
100	1
98	5
4	1
84	1
91	3
75	2
69	2
71	2
38	2
67	5
67	2
92	4
86	3
52	1
23	1
13	3
55	2
70	1
57	2
12	2
83	16
1	2
12	2
9	3
7	1
20	1
82	10
10	1
48	1
32	2
61	4
43	1
58	17
25	2
69	7
13	1
75	7
55	3
88	2
90	4
37	1
19	3
71	3
90	1
41	2
91	5
17	1
20	2
1	3
89	1
85	35
72	1
18	4
48	2
40	5
50	1
97	1
99	4
96	5
41	4
60	14
40	1
68	1
3	2
8	4
88	1
95	1
2	1
37	4
68	5
37	1
5	2
85	2
3	1
94	6
71	2
26	3
81	1
22	1
12	2
77	2
20	2
10	4
87	1
21	1
75	7
24	7
41	1
85	4
44	1
38	2
82	1
76	10
7	1
49	1
77	2
16	11
53	1
20	5
76	5
97	6
100	11
80	2
84	1
87	1
45	1
92	2
38	1
92	12
64	2
61	1
70	5
40	3
5	2
64	4
51	4
81	1
36	1
42	8
27	3
97	1
3	3
49	1
8	1
83	20
84	21
15	1
23	1
78	1
66	3
59	10
58	1
18	3
3	5
64	2
91	1
52	1
100	2
85	1
43	1
82	7
14	2
31	18
50	4
67	1
54	1
83	3
67	2
55	1
63	6
2	1
30	1
99	1
56	1
40	1
2	2
76	5
68	3
55	1
71	1
84	6
97	4
38	3
70	2
36	2
62	4
41	3
41	7
75	1
74	1
98	6
86	5
94	1
35	2
23	1
21	1
80	3
28	2
37	1
61	1
32	1
61	1
16	3
63	1
49	2
8	4
67	1
22	1
50	1
12	3
13	2
82	3
54	3
9	1
9	1
61	2
42	2
16	5
74	4
51	3
18	2
71	2
2	1
96	2
52	1
75	1
91	1
9	8
68	1
33	7
38	11
68	6
18	3
92	1
13	1
16	6
51	11
66	1
30	2
55	5
20	1
97	2
89	1
6	1
26	1
84	4
35	3
45	10
86	1
95	2
29	1
80	3
48	1
83	6
58	1
62	2
18	1
39	2
67	1
67	1
85	2
6	6
5	2
24	2
90	1
91	2
32	20
49	1
20	2
60	7
19	1
58	8
35	14
47	3
43	2
44	1
18	3
98	1
54	1
15	1
43	1
13	2
28	21
5	1
43	1
27	9
89	1
49	2
31	3
75	1
11	1
52	10
70	1
2	1
70	6
18	1
74	4
37	5
42	1
51	1
10	5
97	5
61	2
73	1
44	1
16	1
69	17
34	1
67	1
13	2
4	2
51	1
64	1
81	3
33	2
41	1
59	2
91	1
86	2
14	7
14	1
34	3
99	1
71	2
59	5
53	2
70	3
42	13
42	1
90	18
4	2
67	7
71	1
33	2
76	2
36	2
26	1
22	1
93	1
88	1
32	1
64	2
95	1
33	1
78	12
62	1
5	2
94	2
41	1
35	1
23	6
57	1
43	1
71	3
75	2
37	1
2	2
6	1
56	4
36	6
64	1
65	1
28	1
47	6
36	8
89	5
54	1
58	13
75	1
83	2
91	1
6	2
71	1
40	7
5	1
11	15
75	2
40	1
38	6
74	1
18	1
83	6
59	1
19	3
21	1
86	1
73	6
6	15
6	1
21	1
71	2
29	4
11	1
51	1
5	6
72	2
86	1
97	7
99	16
28	1
68	1
33	1
56	6
87	2
83	1
74	3
94	1
2	4
74	1
3	2
27	2
4	1
81	1
59	2
66	7
49	8
3	1
77	9
18	1
22	1
26	4
9	27
53	1
23	2
65	2
55	11
51	5
55	8
9	3
61	1
51	3
60	5
41	3
63	2
3	3
62	2
35	1
46	6
83	1
12	3
97	1
90	1
76	3
30	4
8	7
11	2
3	1
16	1
9	3
5	2
66	3
90	3
40	3
39	2
7	5
21	2
69	1
2	14
5	1
32	1
24	1
75	1
15	9
21	2
71	1
86	3
43	3
41	2
15	1
57	1
81	1
28	9
39	1
97	4
63	3
7	4
26	2
12	1
22	1
15	1
8	3
81	13
32	1
85	3
51	2
22	13
69	2
84	1
81	1
2	2
64	3
81	1
89	5
28	2
75	2
54	24
99	4
36	1
10	2
27	10
12	3
96	2
49	1
91	1
63	21
24	2
100	26
14	1
99	1
1	1
87	11
58	8
92	1
66	4
13	1
14	2
92	1
9	2
39	8
72	1
43	3
78	3
2	1
81	3
36	2
24	1
87	8
11	3
27	1
32	2
20	3
67	3
57	3
6	1
78	2
100	11
76	10
13	4
72	1
81	5
25	1
32	1
89	20
42	3
70	3
6	5
21	1
55	3
3	2
23	1
88	10
51	2
3	1
44	1
55	6
84	2
31	3
94	1
61	2
86	3
11	3
22	1
19	1
59	4
87	1
100	4
59	2
89	5
64	1
38	1
7	5
100	1
40	2
8	1
80	2
33	2
40	14
73	2
81	3
30	1
69	1
92	4
30	3
40	1
63	1
14	1
2	1
58	2
59	8
92	1
14	8
80	4
81	14
63	15
40	1
79	1
73	14
86	2
54	1
99	1
58	10
37	1
26	3
51	2
62	4
73	4
69	2
81	2
9	1
61	1
35	11
7	1
12	1
62	3
73	1
33	1
72	1
88	1
66	4
84	9
83	9
6	1
61	2
99	2
29	1
68	1
49	5
22	1
69	1
29	1
47	1
22	14
33	1
19	1
50	2
28	2
10	2
82	1
71	2
42	1
90	3
66	1
34	2
54	2
26	1
95	2
46	2
41	3
77	2
27	1
65	1
58	4
39	14
48	4
23	1
60	1
50	1
6	1
16	11
37	9
92	1
64	2
100	1
66	1
15	5
54	4
46	1
4	1
55	2
45	3
92	7
41	1
33	3
75	6
9	5
92	1
95	1
89	2
11	2
21	1
98	5
55	1
38	1
31	2
13	4
68	14
83	4
48	1
11	3
67	1
37	7
71	1
17	1
76	1
66	1
55	21
23	1
58	1
23	2
3	2
14	19
42	2
34	8
64	2
66	2
63	4
44	7
85	1
44	13
91	1
61	1
24	2
58	3
98	1
72	4
66	5
73	1
85	1
99	1
2	2
34	5
19	1
1	1
89	1
67	1
57	1
29	12
13	8
16	1
18	3
61	3
27	3
42	1
44	2
11	7
8	1
13	11
73	1
81	1
12	1
44	7
26	2
51	1
10	2
100	1
56	15
61	2
97	1
94	6
98	1
37	2
52	3
83	2
17	5
88	3
9	3
48	6
7	1
24	2
16	1
46	1
86	1
5	2
12	3
74	1
58	1
18	2
14	1
36	4
62	2
10	1
58	3
56	1
6	3
84	1
5	13
44	2
88	1
76	1
50	1
12	2
15	9
19	2
28	11
10	2
80	1
62	2
75	2
6	2
99	3
53	1
18	2
97	3
100	1
56	4
77	1
7	6
47	4
72	1
30	2
14	1
52	1
50	5
44	2
58	3
96	2
49	3
62	1
22	7
20	3
61	1
47	1
40	3
43	7
18	1
43	1
85	1
57	1
72	2
89	2
46	1
43	12
48	4
90	7
17	1
97	1
9	5
96	4
87	4
10	1
14	1
86	1
98	3
32	1
46	1
2	3
55	1
36	1
100	3
75	1
90	2
46	5
66	1
98	16
31	2
8	4
63	1
42	1
35	5
33	5
44	1
23	1
30	1
56	3
39	1
97	1
52	6
78	1
35	1
73	1
85	1
9	4
72	1
64	2
27	3
91	1
82	1
24	1
75	3
43	7
8	1
41	4
33	2
80	2
96	3
84	4
31	1
32	1
46	3
13	1
42	3
47	1
67	1
37	2
1	1
7	1
23	1
19	3
69	1
74	9
50	4
44	1
100	1
87	1
73	8
22	2
53	1
41	4
41	1
12	4
61	1
1	1
17	1
89	9
69	1
48	4
22	2
55	4
22	2
71	2
91	1
9	1
15	3
61	1
30	2
48	1
42	1
76	6
70	2
94	2
30	1
61	4
89	2
25	12
7	2
4	15
90	1
91	1
65	6
10	1
27	1
88	2
8	1
78	3
79	1
20	2
69	1
64	2
98	3
18	11
34	4
52	1
37	3
78	2
44	1
47	3
48	1
91	2
48	1
36	1
95	4
39	1
38	3
71	1
41	3
90	4
62	4
100	1
86	13
51	1
19	4
4	1
34	6
25	9
65	2
11	2
19	4
74	1
2	2
43	5
85	1
19	4
77	1
47	1
50	1
95	1
97	33
86	1
95	1
63	3
22	2
71	1
26	9
47	2
40	1
73	1
25	12
25	12
13	3
66	1
72	3
34	3
62	1
50	4
81	1
68	2
89	2
45	1
33	3
92	2
84	2
100	7
59	8
60	5
48	5
36	1
90	1
87	2
41	2
11	1
52	1
79	2
67	1
53	1
18	2
24	1
12	2
61	1
47	2
44	2
98	6
65	7
53	1
93	3
39	1
17	2
85	1
82	1
22	1
3	1
35	3
92	1
100	1
20	1
25	2
44	1
46	2
64	3
63	2
94	1
11	1
95	7
9	1
99	3
63	1
21	1
30	1
94	2
16	1
31	1
80	1
65	7
86	1
27	1
36	2
1	12
82	2
45	7
71	1
72	3
47	1
81	1
56	1
9	5
43	9
63	7
17	1
51	1
7	1
50	1
48	1
91	3
45	4
24	1
30	22
52	1
39	7
4	2
10	2
16	4
55	3
26	2
61	1
73	2
4	7
60	3
72	1
85	1
37	1
35	4
54	2
43	2
69	1
89	5
62	3
83	1
86	1
38	2
88	2
64	1
85	1
94	1
77	3
28	2
37	1
31	6
47	1
38	1
23	3
45	1
83	1
3	4
39	1
18	1
54	2
68	1
8	2
50	1
39	1
48	1
38	2
22	4
3	3
50	4
85	5
12	1
25	3
39	2
6	3
40	1
88	2
53	8
21	1
30	2
30	1
38	2
8	4
2	3
70	1
39	3
49	1
77	2
16	3
88	11
22	1
83	5
39	4
56	5
88	1
69	1
66	1
35	9
69	1
87	2
91	1
48	1
26	1
64	3
90	1
13	1
83	1
71	3
82	1
31	17
63	3
38	1
9	1
53	5
12	2
19	1
15	4
45	6
41	4
33	1
11	6
40	1
92	3
65	1
88	1
47	1
46	5
30	1
60	2
35	2
24	2
77	2
71	4
81	1
29	4
41	1
10	1
36	1
95	1
26	1
99	2
84	2
60	3
1	1
98	1
94	16
89	1
10	1
91	1
22	1
55	1
62	2
99	14
16	1
100	1
74	2
17	1
45	1
73	4
51	2
33	3
42	12
66	1
83	3
45	3
79	3
23	1
14	2
40	1
13	1
22	10
41	2
47	1
70	6
35	1
93	3
16	11
91	1
89	1
89	2
81	1
83	3
11	1
23	1
76	1
94	2
25	1
92	6
23	9
45	1
33	5
23	1
23	1
80	11
38	1
43	5
40	1
25	5
72	9
4	7
86	5
48	9
35	2
36	9
52	1
14	2
17	1
83	16
53	1
49	4
34	2
11	2
67	5
75	10
34	2
88	1
27	2
32	2
78	7
69	1
98	1
16	6
22	2
4	3
12	4
15	12
46	1
70	1
64	1
44	2
45	1
93	1
51	2
98	1
9	1
32	1
61	2
5	1
38	2
82	1
18	1
29	2
83	1
83	6
69	3
51	2
51	1
31	3
26	3
16	3
43	1
76	2
15	1
81	3
86	1
67	1
100	15
69	2
53	2
80	1
29	2
89	3
77	1
31	1
46	6
93	1
44	4
94	9
51	7
63	1
41	1
43	4
76	2
25	2
14	8
4	1
39	2
24	2
10	16
73	31
52	3
46	1
84	2
5	3
18	1
75	7
48	1
53	1
32	1
7	1
33	1
90	2
2	3
90	7
18	3
22	2
79	4
16	1
10	10
100	1
39	7
88	6
47	1
12	1
69	1
26	1
80	1
76	1
79	1
95	1
30	3
69	1
35	3
74	1
7	3
23	1
99	2
34	4
2	5
74	2
15	1
22	1
17	1
26	1
65	5
94	1
88	1
6	2
97	2
18	1
4	6
100	4
53	2
50	6
31	2
75	1
73	3
91	3
97	2
35	8
88	3
60	1
42	4
49	1
48	10
45	5
9	3
4	1
82	7
67	1
79	2
60	1
42	1
91	2
70	1
55	1
56	1
84	24
83	1
39	1
2	3
32	1
31	3
24	1
43	2
27	9
83	1
71	1
40	1
18	1
41	1
66	1
90	6
97	1
85	1
5	2
21	1
49	10
26	1
15	2
13	2
88	2
80	3
23	2
74	4
28	1
64	14
61	5
45	1
28	2
43	2
20	2
71	4
67	2
91	1
63	1
74	7
2	2
11	1
24	1
16	13
97	1
47	3
35	7
66	3
24	2
45	8
23	3
14	1
62	5
70	2
59	13
25	1
48	4
36	10
70	4
73	2
34	2
27	6
61	3
34	4
51	20
31	3
97	1
14	1
100	1
34	1
30	3
70	1
97	1
99	1
60	4
36	1
41	1
66	7
57	1
37	1
33	3
85	5
64	7
40	2
85	8
21	1
35	1
94	1
98	3
2	5
14	2
3	1
3	1
6	6
22	3
18	2
62	12
36	2
52	1
87	2
51	3
5	2
100	3
73	2
41	1
7	1
62	1
59	1
80	2
75	1
58	3
7	7
98	1
95	10
72	5
88	4
40	5
12	2
41	4
41	2
9	1
86	1
7	2
38	2
59	2
90	2
59	9
87	4
42	2
56	2
15	5
40	3
86	1
49	1
38	2
6	1
87	2
19	3
38	1
82	2
23	5
17	3
72	6
37	1
88	3
30	1
87	2
60	5
71	1
98	5
49	4
57	6
98	1
80	3
35	2
36	3
36	1
91	2
58	3
24	1
19	2
51	1
74	8
30	1
22	1
56	1
34	1
56	2
39	6
71	7
52	2
83	1
9	4
98	7
99	1
15	1
25	10
27	2
31	10
94	8
34	2
73	1
60	1
3	5
19	4
72	1
82	2
61	2
78	2
59	1
30	6
97	2
43	4
52	11
30	1
77	1
93	6
87	2
33	2
2	1
65	2
25	3
30	1
87	1
94	2
35	1
22	3
77	1
6	6
89	2
72	1
54	1
17	2
67	2
80	2
53	1
93	1
89	1
14	1
29	1
72	1
30	2
46	1
9	3
85	1
89	1
65	3
23	4
34	1
82	2
9	1
9	1
15	3
76	2
76	2
86	2
71	4
44	3
24	1
70	2
52	1
67	6
100	12
48	1
30	1
99	32
67	2
91	3
8	1
60	2
74	4
82	4
16	2
63	1
28	4
51	4
41	4
46	2
6	1
78	3
75	2
25	3
34	1
74	3
85	1
77	1
82	1
5	1
35	3
89	1
54	7
93	3
8	8
38	39
31	4
52	1
42	1
98	10
43	1
21	1
55	3
36	1
6	3
86	1
62	13
6	1
16	3
8	1
87	4
89	1
12	1
26	2
68	2
33	1
45	2
88	1
53	1
88	6
14	2
50	3
2	1
41	3
56	1
92	6
97	2
63	1
24	4
14	1
15	1
52	2
54	4
11	9
13	2
63	1
74	2
4	4
22	2
95	1
43	3
71	1
70	1
100	12
25	1
87	1
14	1
3	2
80	1
72	4
62	2
69	6
2	1
65	4
19	3
52	1
45	2
5	1
58	1
11	2
20	1
26	1
87	10
99	1
92	2
10	2
59	2
43	1
54	1
35	1
65	1
86	2
59	7
28	1
45	4
2	1
87	4
96	1
58	1
92	1
19	1
5	1
31	1
89	6
5	1
9	2
60	2
83	1
87	2
37	2
99	6
98	3
69	1
11	8
90	5
27	2
54	1
36	1
82	4
21	1
98	3
60	1
78	1
78	2
3	2
98	5
5	1
90	9
39	1
51	1
53	1
39	4
61	2
43	2
2	4
32	3
47	3
60	21
32	1
39	2
3	2
91	4
34	1
32	1
32	6
3	6
59	3
94	3
70	1
65	3
2	3
74	2
87	4
71	3
21	3
8	1
100	2
82	2
77	3
56	2
47	10
96	2
54	1
28	1
77	2
98	1
39	2
78	1
55	1
99	1
13	2
3	1
55	4
97	1
1	3
43	1
14	1
51	2
26	1
94	5
73	1
84	3
66	1
40	1
12	6
100	2
43	9
36	2
89	2
80	4
35	1
35	2
11	1
71	2
67	1
42	1
59	1
3	12
89	1
97	1
80	2
24	6
1	8
23	1
42	1
30	6
75	1
28	2
53	7
24	1
65	1
11	1
41	1
48	1
6	2
81	4
91	3
11	1
14	1
31	5
86	1
86	4
28	1
48	1
14	4
51	2
88	1
2	1
77	7
61	1
44	1
71	1
96	1
28	1
65	2
19	10
22	1
65	4
69	2
80	2
35	6
12	6
47	1
5	3
13	4
58	1
57	1
93	2
61	2
16	4
82	6
79	4
90	5
55	15
59	10
43	5
68	3
18	5
19	5
90	2
39	4
91	3
26	1
51	22
7	38
15	2
52	3
42	7
39	18
50	8
82	3
93	2
98	2
67	10
84	1
100	2
54	6
68	1
25	1
69	2
36	4
71	1
79	10
79	5
60	20
18	2
23	1
46	1
24	1
89	2
68	1
80	3
29	2
4	1
69	2
37	5
59	4
94	7
71	5
11	4
3	3
75	2
42	3
50	2
84	6
24	2
77	3
75	1
55	5
10	1
55	1
83	2
5	6
54	6
52	5
57	36
44	2
83	2
55	1
2	6
69	5
92	1
81	7
50	17
49	1
61	3
57	23
19	8
71	1
87	1
88	1
27	4
79	3
20	1
41	1
23	3
98	2
6	1
32	2
16	1
18	6
86	2
71	1
38	1
81	1
14	2
19	1
3	3
50	2
82	2
46	2
3	1
69	2
25	1
67	3
36	1
69	1
13	1
78	1
84	2
26	2
29	1
37	4
93	1
56	1
32	1
81	1
49	2
46	2
5	1
65	3
100	1
14	1
76	5
14	1
52	1
7	3
35	1
63	3
85	1
4	2
23	4
2	2
36	5
96	3
11	1
33	2
97	13
75	1
40	4
34	12
79	5
22	2
39	5
91	4
6	1
91	4
81	2
51	3
91	2
8	1
57	1
15	5
37	3
28	1
81	2
66	1
57	1
23	1
75	5
70	1
62	3
12	1
4	1
9	1
59	2
99	6
8	2
72	3
58	2
20	3
16	2
48	1
77	1
18	1
38	1
35	1
100	3
92	1
59	1
53	2
20	1
83	1
67	6
72	1
9	6
13	7
32	2
47	1
85	2
63	1
55	2
24	1
46	6
61	1
19	2
72	5
67	2
65	3
12	3
9	2
31	2
95	3
37	2
22	2
8	1
95	4
84	7
20	2
85	1
84	1
44	1
40	3
12	2
95	7
92	1
46	3
79	2
88	2
84	3
88	1
96	4
58	1
51	2
11	7
9	7
37	6
52	1
14	1
85	2
90	2
66	3
2	1
27	2
11	1
1	4
5	3
83	1
78	22
91	2
20	2
37	1
2	2
36	8
54	1
78	4
48	5
82	1
91	3
41	1
21	1
2	13
40	6
91	1
16	1
60	1
31	3
95	3
87	1
51	2
2	4
87	1
23	9
1	1
27	3
17	5
85	1
76	2
53	2
92	9
51	13
7	1
50	1
66	3
83	1
79	1
48	2
84	1
36	11
87	3
76	4
13	2
73	4
35	4
58	3
98	8
80	1
42	2
57	1
68	1
78	15
22	2
15	2
100	14
40	1
16	3
93	11
26	2
19	1
95	2
89	1
89	1
47	2
100	2
92	3
93	3
64	1
46	2
70	2
80	1
87	5
75	2
74	1
100	2
63	1
24	2
89	3
74	1
93	1
42	1
43	1
5	1
100	3
88	2
99	2
30	3
65	1
67	1
56	1
34	1
12	1
73	1
21	1
88	1
71	5
1	1
63	2
72	3
58	2
84	3
30	2
44	3
17	5
36	1
29	1
95	1
29	7
92	2
65	14
66	1
60	2
1	2
74	3
88	14
34	3
39	1
84	1
61	14
96	1
76	2
16	1
68	1
89	2
45	1
90	1
40	3
27	1
74	1
15	2
82	2
32	1
15	6
58	1
19	1
22	13
29	2
16	1
81	4
6	5
60	1
86	1
47	3
43	4
15	1
34	8
10	2
20	1
84	1
3	8
81	1
24	1
9	3
62	1
93	6
14	1
29	1
6	5
7	3
22	9
83	1
12	3
40	1
1	2
11	1
18	2
58	2
11	1
5	1
26	4
93	4
17	3
98	1
100	2
42	1
86	1
52	2
58	1
77	1
10	4
87	4
3	1
72	6
65	1
36	2
25	3
28	1
100	2
67	2
33	1
24	2
88	3
67	2
69	1
6	3
34	1
57	14
39	4
100	3
56	2
45	12
67	2
24	2
54	8
21	2
2	2
8	4
70	2
37	3
21	3
68	1
38	2
41	1
4	4
83	1
79	1
90	1
56	1
66	1
3	4
46	2
81	14
96	6
80	1
40	4
78	2
6	1
35	5
42	16
90	1
97	1
56	10
68	2
52	1
19	1
71	10
62	6
69	1
1	1
45	1
100	1
50	2
88	5
54	3
75	1
57	4
14	3
61	14
22	3
66	2
18	9
8	1
38	1
39	3
76	1
33	1
56	5
31	3
19	1
76	2
79	1
67	2
44	3
25	2
39	1
9	2
29	2
86	2
43	2
56	1
59	3
44	2
22	2
61	11
62	4
36	16
68	2
83	1
82	1
27	1
48	2
80	7
54	2
94	1
93	2
66	1
40	1
70	2
39	6
53	1
18	2
91	1
95	3
47	4
32	6
47	1
12	2
59	1
43	3
13	2
4	3
90	6
92	10
5	7
41	18
30	1
1	8
94	45
93	19
70	4
64	5
8	3
46	31
44	22
70	36
27	3
86	1
16	3
27	1
7	2
33	3
76	3
7	1
28	1
60	1
28	1
69	1
2	1
4	1
6	1
52	4
50	1
52	8
66	5
89	1
48	2
11	3
53	3
43	2
21	2
81	18
28	5
86	6
15	1
29	1
66	2
4	2
22	1
31	5
84	1
63	1
91	3
57	4
42	1
27	2
4	1
13	1
8	4
64	2
39	2
42	1
25	4
22	2
4	2
36	2
75	1
22	26
23	13
12	14
29	2
78	7
97	5
68	2
40	17
26	1
75	2
85	1
16	3
48	5
9	4
11	2
33	1
100	2
62	1
71	3
1	1
27	5
89	2
53	1
76	2
9	2
1	1
53	1
50	1
39	1
88	1
45	1
85	14
27	1
59	2
92	7
48	3
60	3
63	2
16	1
94	1
93	1
69	2
62	5
97	3
80	2
53	6
56	1
72	7
86	2
82	5
93	13
95	4
16	4
68	10
100	1
59	2
7	3
88	3
96	1
72	3
72	1
4	8
12	1
12	5
57	7
74	3
73	5
52	1
82	1
23	2
33	13
72	1
59	3
11	2
95	3
34	2
9	1
97	1
15	2
68	1
53	1
23	2
66	3
18	2
46	4
79	1
73	1
20	1
12	2
89	7
67	23
77	2
10	3
98	3
33	1
47	2
63	10
15	1
96	2
26	7
23	1
22	6
57	3
30	1
27	3
78	6
92	1
20	1
79	1
77	1
34	1
100	1
97	4
75	2
97	2
36	12
59	4
18	9
53	31
87	7
17	1
24	4
22	2
60	2
63	2
14	1
16	1
96	16
79	4
7	3
74	1
99	6
2	1
51	2
67	2
85	1
53	3
42	2
6	4
25	1
41	2
68	2
3	4
19	4
86	2
61	1
18	1
95	1
26	1
73	6
34	4
26	3
68	6
11	1
20	1
92	2
77	2
68	3
75	1
64	2
15	1
74	6
34	2
51	1
18	2
55	1
35	1
89	7
99	2
26	6
90	2
82	1
80	2
48	2
38	1
17	2
39	4
36	1
11	1
36	2
12	1
30	1
22	1
99	24
73	1
90	1
96	7
31	1
23	2
33	6
45	1
16	2
92	1
60	19
88	2
33	3
88	3
48	13
36	2
82	2
25	1
73	3
98	12
48	5
84	1
84	2
81	1
16	1
54	3
29	1
73	2
44	4
27	1
73	4
41	2
21	1
81	2
86	1
47	2
97	2
64	4
62	12
84	4
20	2
3	1
30	1
13	17
39	4
69	23
52	1
69	9
26	4
68	5
26	1
47	16
100	3
6	1
11	1
38	1
78	2
82	3
67	1
84	23
33	1
19	4
13	4
12	3
87	5
1	1
49	2
38	1
61	1
9	25
36	1
5	2
37	1
23	2
80	1
11	1
58	1
1	15
68	1
60	2
95	1
18	2
10	3
91	1
2	2
45	5
96	1
53	1
87	4
39	1
33	1
30	10
31	2
64	4
46	1
4	5
86	1
83	6
32	1
22	1
24	5
73	2
19	2
56	5
4	3
22	1
95	30
30	2
85	3
27	2
68	2
22	2
55	1
1	1
81	7
71	2
39	3
28	3
24	3
13	3
80	1
15	3
38	3
55	4
89	2
4	1
63	1
10	5
32	1
55	2
83	1
21	1
25	1
34	4
34	2
27	2
32	1
43	1
88	1
43	2
78	5
33	1
74	1
9	2
3	1
69	11
92	1
61	1
88	2
64	9
92	1
90	2
34	7
44	1
81	5
97	4
35	3
2	1
22	5
16	2
77	4
12	1
77	38
84	1
18	1
41	3
40	2
32	1
14	1
93	1
64	2
56	1
70	5
9	2
19	1
67	1
12	1
15	1
3	1
57	2
48	2
81	2
27	4
11	7
90	4
85	3
96	1
54	1
50	1
9	5
37	2
67	1
5	13
89	1
82	1
31	1
93	1
71	1
74	1
10	2
87	1
19	1
87	1
100	3
85	4
7	3
34	10
73	5
5	14
49	3
9	1
70	5
89	1
72	1
72	1
28	3
28	8
93	2
17	1
53	1
3	1
26	3
84	2
26	1
63	5
78	5
53	1
72	5
39	14
7	9
77	10
20	5
32	4
21	2
7	2
53	1
31	1
97	10
28	1
54	2
48	1
12	3
81	1
94	1
79	1
29	1
38	1
62	4
64	2
70	2
54	2
31	6
4	8
50	1
100	1
24	5
37	2
100	1
70	1
88	1
96	2
6	16
67	3
3	3
48	3
52	1
97	2
89	1
12	1
34	1
44	2
10	1
92	20
100	1
53	4
61	15
2	4
82	11
85	1
50	1
11	3
37	1
86	1
11	1
66	1
60	2
53	1
92	1
30	2
8	1
78	2
82	3
86	1
51	19
2	1
53	7
5	2
71	5
65	9
91	1
76	1
90	6
23	2
23	1
72	2
85	1
50	1
31	3
33	3
56	2
34	15
46	1
1	3
32	9
48	2
99	3
76	4
3	1
73	1
1	2
8	3
96	5
56	1
96	1
60	2
22	5
15	1
34	5
87	4
85	1
92	1
10	1
27	1
17	4
89	6
47	3
6	2
57	5
21	3
49	1
6	2
76	1
93	1
88	1
30	2
66	4
10	1
40	7
38	1
88	3
76	5
74	6
28	1
42	2
85	4
31	2
16	3
63	8
19	2
39	2
25	1
21	8
30	2
22	4
19	2
46	13
47	2
79	1
53	3
74	8
14	1
79	4
62	1
89	2
42	2
79	13
83	2
4	4
62	1
31	1
38	1
78	4
99	2
9	3
28	3
91	2
90	1
22	4
62	3
34	2
89	1
73	4
15	5
82	4
5	1
8	1
44	2
81	1
44	1
96	1
75	1
65	1
8	4
18	3
100	1
28	1
14	6
58	6
80	1
4	1
7	1
81	1
99	1
44	2
2	15
65	1
30	2
91	1
71	29
9	4
10	2
9	1
89	1
51	2
8	3
56	2
20	3
17	5
49	3
11	1
3	2
29	12
60	2
20	1
78	1
51	1
69	10
9	1
76	4
28	6
68	4
50	3
23	1
56	1
77	3
24	1
46	5
11	2
22	1
87	3
63	1
37	2
48	1
39	1
8	6
6	2
5	1
14	1
72	15
1	10
39	1
28	2
79	4
41	1
72	4
2	1
15	2
16	6
86	2
37	1
24	1
72	3
1	4
58	1
5	1
72	2
37	4
79	3
41	1
18	9
49	5
98	1
60	3
29	1
19	7
90	1
11	2
73	3
97	3
86	2
91	1
48	1
60	1
93	1
1	36
64	2
32	1
17	1
25	3
39	7
14	5
40	4
92	3
38	1
45	1
93	3
32	1
13	2
70	1
43	1
18	3
72	1
70	1
43	5
36	1
93	2
13	1
28	7
96	1
44	3
92	5
79	1
80	1
18	2
48	1
23	1
70	1
18	6
85	3
38	3
46	1
25	1
14	2
62	1
69	1
54	1
45	5
87	2
27	2
77	2
16	1
44	4
45	2
81	1
25	1
53	2
99	2
80	3
30	1
26	3
50	1
62	1
66	3
22	1
3	2
67	2
49	1
8	2
22	1
25	3
57	1
68	6
55	1
23	1
92	1
85	1
82	5
87	2
45	1
40	1
10	2
18	6
19	1
54	1
16	4
90	1
8	2
82	2
56	2
49	1
4	1
40	1
35	6
85	1
90	4
78	2
81	8
61	3
23	3
90	3
97	7
13	1
89	1
17	1
51	2
95	9
53	1
43	1
63	1
18	1
2	1
4	1
94	2
32	1
30	2
10	3
53	2
81	1
68	1
36	1
65	1
76	3
67	2
56	2
97	4
34	1
72	6
32	9
52	2
36	3
84	10
59	1
19	1
28	2
40	2
56	5
97	9
26	6
52	2
45	1
58	2
98	4
18	1
49	5
43	1
2	13
81	1
66	1
4	3
36	3
61	3
99	2
25	3
24	2
57	1
76	4
1	1
98	1
5	1
39	1
81	2
78	2
56	1
11	7
88	1
54	3
89	4
61	3
28	3
90	2
8	11
53	1
42	3
26	1
95	1
45	3
7	5
88	2
17	1
25	1
44	2
56	3
82	1
50	2
51	1
96	3
7	2
18	4
49	2
46	1
10	3
69	1
12	2
82	1
54	4
83	1
36	1
85	1
5	3
29	2
24	2
65	1
75	7
30	2
28	1
65	5
65	3
57	2
41	3
7	1
96	1
47	1
79	1
100	1
65	1
42	1
4	1
22	1
92	2
53	8
26	2
8	2
55	2
21	1
54	1
93	3
20	1
32	1
21	2
84	3
12	1
77	1
36	3
97	8
1	1
50	1
19	2
20	18
21	1
19	1
71	4
75	3
53	2
39	2
89	1
62	1
100	3
19	2
40	3
17	1
64	3
18	1
24	4
6	2
82	1
70	5
87	15
94	3
1	2
65	4
6	4
41	2
16	1
95	4
26	6
46	2
78	3
23	4
5	1
48	13
4	2
41	1
12	2
82	2
70	5
6	2
23	1
36	6
57	5
96	2
41	1
22	18
9	2
22	6
24	1
2	6
38	1
69	9
80	2
18	1
47	5
27	13
68	2
59	2
92	1
57	1
48	2
6	2
26	6
20	13
48	1
80	1
66	4
91	4
50	1
45	9
30	2
65	2
85	1
25	1
82	2
64	1
63	9
36	9
47	1
41	1
79	3
84	5
20	2
41	2
81	1
16	1
60	2
10	6
8	5
72	2
19	1
69	1
55	1
21	2
62	2
48	2
33	2
83	4
56	1
24	1
60	2
49	1
24	9
15	2
96	1
23	1
25	6
46	3
98	10
33	1
32	4
50	5
62	1
72	1
59	1
56	1
86	2
88	1
17	1
95	1
93	2
77	6
59	1
48	3
45	2
66	4
11	12
43	1
51	2
92	5
9	1
78	1
6	1
59	2
19	1
86	1
70	2
80	1
89	1
88	3
59	1
60	1
24	3
45	2
68	2
34	1
87	2
73	1
27	16
66	5
36	1
60	1
66	1
36	7
18	1
90	3
32	4
48	1
54	1
80	2
32	1
48	2
75	3
13	2
55	1
50	1
82	2
98	2
52	1
4	2
12	1
48	1
45	1
49	2
39	2
71	1
40	2
91	2
42	9
19	2
34	14
90	4
29	1
13	1
25	1
1	1
64	1
79	1
96	2
9	1
7	2
56	11
49	1
64	1
1	6
38	10
1	4
48	2
67	2
62	4
31	3
78	1
14	19
53	2
87	4
95	2
92	1
42	2
99	1
82	4
38	3
85	1
50	1
20	1
96	1
10	1
46	7
72	1
95	2
72	1
38	1
25	2
67	3
21	1
75	2
69	2
76	1
3	1
37	1
45	1
6	2
63	1
94	1
66	1
10	1
21	2
3	1
76	1
67	3
91	4
1	1
6	1
11	12
53	5
85	3
84	2
4	2
44	2
31	4
36	2
99	1
87	2
57	2
74	1
13	7
16	1
22	3
41	1
32	1
84	1
94	6
57	6
16	3
45	1
14	1
38	1
92	5
64	1
90	2
75	3
5	1
67	9
63	4
63	2
4	2
14	8
68	1
46	3
26	1
80	2
74	3
54	21
94	2
17	10
59	3
37	4
33	1
93	10
62	1
92	1
4	5
62	1
79	3
5	1
48	2
47	3
54	1
91	1
69	1
81	3
2	1
94	1
21	4
80	2
45	2
99	2
32	1
23	3
70	2
17	7
63	1
42	1
15	2
14	6
43	3
62	3
64	3
29	3
44	4
17	1
82	4
88	2
30	7
26	2
88	4
68	3
57	1
70	1
45	1
54	1
82	1
82	1
25	1
80	2
69	2
56	2
15	2
19	1
4	3
95	1
38	1
93	3
74	1
65	1
98	1
56	1
36	3
75	1
50	1
80	1
1	1
72	5
29	3
11	1
85	4
22	1
70	3
17	14
29	1
13	3
51	6
8	2
9	1
50	2
87	3
28	1
63	1
54	7
92	11
74	4
24	1
50	1
61	7
87	3
99	1
18	1
23	1
38	1
58	1
40	1
67	8
35	1
21	1
23	4
55	2
40	8
43	2
22	9
7	11
44	3
11	1
5	24
90	1
15	10
33	1
95	1
77	1
80	9
68	1
61	6
50	1
51	1
40	2
94	4
31	1
2	4
2	1
77	2
4	1
89	1
1	1
86	1
11	1
73	1
71	1
51	1
84	1
11	1
76	1
21	4
97	2
51	15
32	3
88	2
74	2
74	3
11	2
50	2
28	1
3	3
59	2
69	1
10	1
70	6
39	5
43	4
16	5
32	2
77	2
86	1
98	18
24	4
71	4
33	1
99	3
48	9
43	2
52	4
47	9
89	1
62	1
19	1
80	2
29	1
72	1
6	2
25	1
29	1
53	1
93	1
51	2
61	1
55	1
49	10
36	17
89	2
71	3
78	1
60	7
6	3
72	13
52	1
43	18
91	1
96	2
99	3
74	1
42	3
26	3
85	1
78	1
61	5
32	1
51	6
96	1
74	1
23	1
15	2
8	1
60	1
91	1
100	1
72	1
95	1
83	1
61	5
4	4
12	2
64	1
29	2
74	1
30	2
30	12
60	1
52	1
43	7
33	1
9	2
87	1
5	1
34	1
32	2
91	1
27	1
61	2
68	5
61	2
81	1
44	3
31	1
64	1
40	2
71	1
52	1
55	1
29	2
26	1
28	1
59	4
73	1
60	4
5	2
89	1
62	3
30	1
83	2
68	1
40	1
74	1
98	1
52	3
67	1
42	1
96	7
51	6
23	8
59	5
30	4
17	2
35	1
86	2
90	1
90	1
95	1
24	3
42	1
22	7
3	1
53	10
66	2
17	1
65	7
68	2
26	2
88	2
81	1
76	1
77	13
50	1
80	3
67	1
100	2
81	1
2	13
52	1
40	1
7	1
44	1
49	16
9	1
81	1
60	1
62	1
73	1
11	3
37	5
78	7
16	1
90	2
47	1
88	2
62	1
42	2
20	2
77	7
78	5
21	7
65	10
78	6
97	9
93	1
17	1
21	1
84	3
53	1
55	2
68	1
37	3
24	7
52	23
40	1
9	7
70	2
45	1
62	1
39	2
26	2
80	3
90	3
12	1
44	4
37	1
86	16
73	2
33	1
13	3
56	4
35	6
46	2
76	2
73	3
17	2
72	2
48	1
10	4
59	3
76	3
68	1
73	2
26	2
15	1
29	1
11	3
100	3
46	1
19	1
93	3
68	5
82	10
29	1
25	11
48	16
87	4
65	1
7	3
15	1
79	1
95	11
10	1
50	3
21	1
25	1
55	1
80	1
58	18
31	13
100	6
85	6
92	2
96	1
42	1
71	5
57	1
62	1
11	2
72	1
34	1
47	2
87	3
28	9
90	2
77	3
87	1
78	2
14	2
28	3
35	1
76	1
66	1
8	21
3	1
10	3
27	7
28	1
86	1
61	3
64	1
16	6
2	2
79	3
18	2
71	2
59	1
94	1
86	1
52	3
83	1
27	2
69	16
74	2
60	16
81	6
22	3
24	1
40	4
39	1
12	1
60	1
58	5
47	1
57	1
34	2
11	3
100	1
66	1
37	1
6	1
100	2
64	2
3	1
77	1
12	2
1	1
11	2
80	2
52	1
54	1
28	1
96	12
48	2
52	1
38	1
1	1
36	33
11	4
71	2
78	1
28	3
10	15
87	2
94	1
77	1
74	3
15	2
35	1
34	2
46	10
94	1
11	2
13	6
19	2
61	1
70	1
78	4
25	1
19	5
54	1
16	3
55	9
49	1
92	9
26	4
57	1
86	2
1	13
88	1
86	4
67	2
87	2
37	3
61	6
28	1
6	1
41	1
78	1
1	1
75	1
10	3
98	3
97	5
45	1
20	3
36	6
88	1
83	1
33	2
83	2
56	1
60	1
48	7
41	2
57	1
27	5
45	2
13	16
25	4
30	2
39	1
82	1
39	2
50	3
58	4
36	4
71	2
66	3
83	21
19	1
21	1
57	1
20	7
62	1
77	4
39	1
8	5
41	2
36	9
21	2
25	1
11	8
54	3
65	1
33	9
27	1
79	2
22	9
3	10
93	13
26	16
46	3
56	1
82	6
27	1
88	7
62	1
97	8
25	6
3	1
44	2
62	1
15	1
72	1
18	1
100	2
100	1
27	1
30	1
97	1
14	3
58	1
34	4
43	1
67	1
20	5
26	1
37	1
16	8
61	1
76	1
27	20
4	1
81	1
64	1
40	2
66	2
57	1
6	6
61	11
43	1
35	1
13	2
12	1
82	8
12	8
31	2
84	10
94	3
18	1
46	1
38	1
9	1
61	2
44	3
38	4
5	1
58	4
46	1
96	1
92	2
85	1
48	1
59	4
84	13
50	2
36	4
91	1
85	4
62	2
25	1
66	6
23	2
98	3
44	1
47	1
4	1
61	1
51	1
92	4
99	2
67	1
31	1
82	1
8	2
43	1
42	2
65	1
83	2
83	2
58	4
66	2
12	1
12	4
49	4
100	11
47	1
34	1
74	1
44	3
58	1
17	1
97	1
66	1
98	2
10	10
29	2
68	1
4	1
58	1
85	3
100	1
26	3
60	1
99	2
33	7
92	1
10	1
86	2
67	2
75	1
90	6
2	1
99	3
88	2
10	1
65	1
55	1
45	2
42	8
20	3
3	1
26	1
51	6
39	1
46	3
45	5
19	3
44	3
55	3
26	6
8	2
24	6
84	2
80	2
15	1
2	9
62	3
32	3
90	4
32	2
86	2
22	1
26	1
74	2
100	1
96	1
44	1
21	1
91	1
56	2
2	1
73	6
89	5
78	4
78	3
65	1
37	12
67	1
2	2
94	6
94	1
8	3
63	1
69	1
31	1
9	1
37	1
47	1
89	1
3	1
34	7
28	9
4	10
84	2
38	1
10	9
21	1
73	2
49	1
88	3
20	1
64	4
29	1
81	4
86	7
82	3
53	3
93	3
55	2
17	1
8	5
28	8
95	1
62	4
96	1
75	1
97	3
71	1
51	3
41	1
38	1
59	2
30	3
50	3
82	1
81	3
92	1
20	2
11	2
81	2
82	7
72	1
96	2
2	21
46	3
87	2
15	2
77	4
100	3
33	1
92	2
22	1
72	5
73	1
74	18
91	1
12	2
37	2
56	2
5	1
84	4
88	1
88	1
47	8
90	3
71	1
43	1
20	2
85	2
99	2
97	2
17	1
2	1
66	1
44	3
10	1
65	2
77	7
61	2
42	1
53	12
35	1
56	8
60	1
98	1
2	2
50	9
53	7
23	1
9	2
93	1
45	2
15	2
13	1
96	15
28	2
70	3
43	1
69	2
69	2
64	1
12	6
92	1
16	4
82	1
32	1
94	5
83	1
48	3
34	1
100	1
43	5
75	1
47	1
90	5
61	1
89	1
18	6
35	2
45	1
61	1
94	2
55	1
13	6
74	3
49	1
10	6
95	1
75	13
31	1
11	1
21	3
14	3
30	10
75	3
21	1
6	5
88	1
94	3
67	24
49	3
92	1
6	10
46	1
30	5
48	1
71	1
91	17
58	3
37	1
99	4
18	1
22	3
16	1
8	6
34	2
97	3
70	25
63	2
33	1
43	6
36	1
49	22
50	3
99	1
90	2
46	1
4	7
16	1
86	2
53	3
83	2
95	1
2	2
66	1
53	4
19	1
26	1
66	1
76	43
12	1
12	1
76	1
75	8
87	1
13	7
30	1
40	2
98	5
33	3
79	2
76	2
25	3
67	1
27	8
6	1
59	4
98	4
36	3
24	1
84	6
13	1
35	5
89	2
48	13
100	2
10	3
75	1
27	2
28	2
36	1
94	1
53	1
80	1
62	6
14	1
95	5
62	1
81	2
66	7
75	6
59	1
39	1
70	1
26	1
69	1
81	5
59	2
52	2
26	2
44	1
14	1
17	1
20	1
28	2
29	1
49	1
87	2
72	4
55	3
57	1
62	5
88	3
22	4
9	3
7	1
38	1
42	3
46	3
54	5
97	2
76	11
21	10
35	2
73	4
93	1
15	1
18	6
25	2
44	1
90	1
88	1
22	1
32	6
42	2
93	5
19	6
87	2
85	2
83	1
14	1
38	1
32	1
34	1
45	3
92	2
80	2
12	2
61	1
20	1
28	1
92	2
83	2
37	3
52	3
76	4
98	1
97	1
67	2
89	3
60	13
49	33
12	7
39	1
3	1
25	1
74	11
79	1
47	5
75	2
39	1
66	6
62	9
69	5
45	2
95	10
42	2
94	1
54	1
76	2
94	2
89	2
68	1
76	2
87	4
15	1
52	1
12	2
47	1
97	1
42	2
98	3
85	3
87	3
26	3
46	9
13	1
39	1
53	1
98	14
15	1
15	1
45	1
31	1
11	2
33	1
69	4
86	2
72	5
90	14
37	1
68	3
21	5
33	18
71	1
64	1
43	1
3	1
56	1
29	2
63	2
21	8
90	1
83	2
29	1
9	8
11	1
18	1
34	3
56	1
32	1
94	5
48	2
64	2
33	1
73	2
4	1
78	2
51	1
57	1
36	2
96	22
94	1
29	1
67	1
83	2
54	7
76	4
24	8
57	3
83	2
2	1
22	2
83	1
91	3
4	1
8	1
76	3
16	1
80	1
88	2
31	6
90	2
43	1
97	2
72	4
79	1
68	1
4	3
73	2
93	6
75	8
78	2
1	1
55	1
26	4
45	10
35	2
14	2
50	1
27	2
40	1
98	1
6	7
61	1
98	6
57	1
53	16
22	4
31	1
36	4
70	1
64	2
18	1
33	1
91	1
92	1
16	1
42	1
41	1
54	7
7	1
9	3
48	5
15	1
58	2
85	1
33	1
83	2
30	1
69	11
25	1
2	1
100	1
13	7
97	1
29	1
28	3
13	1
71	3
4	2
28	1
11	1
41	1
10	1
59	2
93	1
41	1
76	5
89	1
83	3
6	1
39	1
51	7
64	1
77	2
6	2
60	4
16	36
9	1
73	1
6	1
2	1
11	3
89	1
17	2
36	1
33	6
11	2
77	5
8	5
94	2
9	1
81	3
4	1
52	3
7	2
92	1
54	1
37	3
54	1
16	3
79	3
15	3
35	1
63	2
97	2
7	4
60	1
33	3
27	1
94	1
93	1
45	1
40	1
92	1
86	1
85	1
7	1
5	1
43	1
34	1
27	1
47	3
78	2
53	3
15	1
41	1
83	1
56	13
18	1
18	2
6	12
71	1
54	2
4	1
94	1
38	15
81	1
9	2
15	2
66	1
59	1
39	2
42	10
19	2
45	10
67	3
42	3
13	1
64	1
94	2
56	7
80	15
67	4
46	4
49	1
13	1
16	1
3	13
48	1
68	2
61	2
93	3
75	3
49	1
72	6
46	5
25	2
15	1
12	1
23	4
70	4
22	1
89	1
46	2
49	1
80	17
51	9
63	4
77	1
62	1
4	3
79	11
83	3
18	1
5	2
10	2
26	1
63	5
7	4
2	2
73	1
16	1
52	1
99	2
40	2
32	2
22	4
71	3
55	1
1	1
32	5
86	2
93	4
75	1
8	1
6	3
8	1
54	2
3	1
91	1
67	1
38	1
84	4
43	7
52	4
49	3
57	4
93	2
86	1
99	1
95	1
72	1
82	3
65	4
32	4
78	1
29	2
85	1
79	3
2	1
73	1
65	6
88	2
29	2
28	1
17	2
36	3
27	30
16	1
100	1
51	1
96	3
48	18
43	4
62	2
60	1
97	2
67	4
85	3
60	5
74	1
37	2
15	1
77	1
58	7
80	5
58	2
87	3
58	1
35	1
76	3
5	2
73	1
12	3
17	1
72	1
47	3
3	1
75	11
95	2
8	7
40	1
53	9
73	6
58	1
81	1
4	1
8	2
59	1
85	1
42	3
69	3
68	2
52	3
3	2
26	1
24	2
26	1
42	2
37	1
9	1
83	9
5	2
92	2
13	1
90	1
37	7
45	10
85	1
98	6
46	3
48	2
39	9
48	1
75	1
30	4
53	3
98	15
5	1
72	2
18	5
74	7
74	4
61	2
14	1
97	3
32	1
31	5
21	4
1	3
13	2
81	2
93	1
26	1
20	2
18	17
61	1
42	4
9	6
44	1
12	2
84	1
89	3
65	2
43	5
8	1
47	2
24	4
18	1
40	2
97	1
25	10
1	13
95	6
20	9
35	2
82	1
25	1
88	2
31	1
58	2
89	4
77	4
46	1
13	1
83	2
95	2
18	1
73	1
55	2
54	4
74	3
63	3
5	5
91	2
31	1
24	23
3	4
84	2
46	14
86	2
57	1
36	1
26	1
38	1
4	8
73	1
78	1
27	1
36	2
20	1
65	2
89	1
94	3
20	1
20	2
68	1
36	1
2	1
14	1
92	6
82	1
46	3
2	2
92	3
89	1
7	1
53	2
25	2
19	3
38	1
100	2
65	5
59	1
95	1
58	6
41	2
6	3
50	1
9	3
96	3
4	14
55	9
48	2
6	1
74	3
7	1
99	5
59	2
42	1
33	1
94	3
93	3
10	3
6	2
87	2
67	5
6	2
1	1
3	1
75	1
53	2
52	1
56	3
12	2
14	1
99	2
68	2
58	16
85	3
99	1
67	1
64	1
90	2
29	1
75	4
20	1
35	3
30	1
33	1
91	1
89	6
57	2
85	5
89	1
29	1
44	1
56	1
19	1
75	1
40	2
1	1
28	7
34	1
30	1
2	1
15	1
61	3
51	1
38	18
18	1
78	1
65	1
71	1
33	6
34	2
46	5
35	3
74	1
82	1
85	1
74	1
25	2
22	1
83	1
66	1
29	2
64	3
79	2
80	7
32	1
34	3
100	1
50	2
87	1
79	1
65	3
22	1
38	1
68	1
58	1
24	8
79	2
30	7
74	1
71	1
75	1
33	1
24	3
50	1
16	1
85	2
31	1
74	7
53	1
45	1
78	1
47	2
7	2
69	4
89	3
36	5
95	1
88	1
2	3
85	1
68	5
50	2
27	3
71	5
67	1
40	7
82	1
4	18
65	1
72	6
62	1
16	1
28	3
31	6
44	7
50	1
83	2
62	2
77	1
39	2
98	1
39	10
67	3
71	2
13	1
37	3
2	1
35	1
11	1
61	1
79	1
18	3
65	9
22	1
62	1
85	3
90	7
41	1
17	2
91	4
6	1
55	3
35	3
39	3
5	1
51	3
13	1
44	9
50	12
19	1
76	1
73	1
29	2
25	14
77	1
26	1
46	2
40	1
73	4
24	2
28	1
60	6
46	1
70	1
71	2
58	2
46	1
63	3
96	1
71	1
5	1
53	2
31	4
29	8
21	1
32	1
79	2
92	5
49	4
71	5
4	2
16	1
11	4
75	15
68	1
29	1
44	1
74	1
76	1
29	1
7	1
47	4
6	1
12	3
51	1
24	3
63	2
55	1
73	5
82	1
77	4
64	2
42	1
98	1
92	1
64	3
41	1
34	5
48	2
51	1
79	1
57	10
16	1
65	1
44	2
32	8
7	2
96	20
84	3
16	1
22	1
24	3
89	1
59	1
6	4
90	5
86	11
77	1
61	3
93	1
91	2
27	1
70	1
97	2
66	4
32	2
43	5
100	1
64	1
70	2
18	1
5	2
57	1
56	7
73	1
72	2
71	1
12	2
72	5
45	1
71	3
76	1
84	1
43	1
85	3
20	1
24	1
5	2
56	1
49	2
59	1
43	1
22	1
21	10
13	1
83	1
41	5
96	1
37	4
75	1
54	1
24	4
17	4
61	1
92	2
51	1
32	2
79	3
98	3
51	1
15	2
93	1
94	11
83	1
29	1
4	1
50	7
63	3
58	1
41	1
87	1
51	7
36	3
76	7
31	1
43	26
10	15
4	9
26	1
37	5
95	1
89	1
70	1
14	1
30	3
28	3
98	1
86	6
10	1
66	1
86	2
37	1
47	3
2	1
78	1
79	14
78	5
69	1
73	1
78	2
88	1
70	11
87	1
18	1
68	1
36	3
95	3
52	1
64	6
18	3
90	1
17	2
66	1
18	1
19	1
92	3
52	2
43	3
67	35
35	2
46	1
39	2
46	1
86	2
42	1
53	1
50	1
50	1
6	1
4	1
61	2
34	1
59	6
3	2
91	13
11	1
10	12
80	3
38	7
67	9
19	2
62	4
93	4
34	9
81	3
26	5
88	1
57	2
90	5
24	3
47	1
67	1
83	1
15	2
63	2
3	2
5	2
1	1
30	1
98	1
76	3
2	1
85	3
61	3
69	3
5	4
18	3
76	22
70	1
23	2
23	1
65	3
44	1
27	2
4	1
34	23
51	3
45	24
98	3
13	29
89	1
85	9
41	8
9	3
2	2
45	4
60	1
55	1
31	2
28	1
57	2
16	3
49	1
47	4
65	4
15	1
28	2
63	11
63	2
33	1
55	6
40	2
91	2
69	6
74	8
58	3
10	3
42	1
32	7
59	2
46	1
54	5
76	2
97	1
39	1
2	2
59	1
59	1
86	1
73	1
27	1
94	2
2	2
49	1
74	1
33	1
84	1
96	2
54	5
49	1
74	2
85	1
95	2
84	2
25	1
44	2
37	1
43	3
75	1
74	1
2	4
18	9
44	1
96	2
58	2
89	1
98	1
14	3
71	1
77	7
4	1
98	1
60	2
33	1
84	14
81	1
16	1
74	2
63	1
60	1
64	1
2	2
24	4
58	1
15	2
41	2
53	2
61	1
30	1
97	1
3	1
2	1
26	1
29	1
95	1
12	13
88	1
23	2
32	2
57	1
13	1
16	3
87	1
80	1
73	6
33	4
4	1
93	2
60	1
22	8
13	2
63	3
50	1
16	2
17	10
28	4
73	1
46	7
71	1
78	2
53	1
70	2
47	1
38	2
87	2
11	1
95	3
51	6
63	2
26	2
90	13
8	1
99	1
72	3
83	4
65	2
63	1
43	1
48	7
67	5
42	1
84	1
54	1
33	1
100	4
47	2
14	1
2	1
11	1
33	1
74	5
80	1
35	3
96	3
54	2
19	8
43	1
35	2
88	1
64	1
28	2
80	2
67	8
57	3
54	5
74	1
42	2
66	2
27	2
61	2
27	13
78	3
84	1
69	2
31	4
63	1
93	7
3	1
23	1
40	3
52	1
7	12
18	1
20	1
38	2
27	2
62	1
37	17
21	1
20	1
40	10
13	2
24	2
42	2
26	6
26	3
47	1
73	1
9	4
60	1
75	2
65	2
94	1
85	1
9	6
17	2
86	8
31	1
96	10
6	3
58	4
2	2
68	2
19	1
18	6
77	9
68	1
80	1
46	5
27	2
68	2
6	1
75	4
13	3
12	2
96	2
5	2
76	7
23	3
51	1
24	3
85	4
72	2
56	4
80	5
74	3
28	10
3	13
19	9
76	1
36	6
3	2
72	4
16	1
24	1
86	1
97	4
42	1
86	4
36	1
30	1
63	1
92	5
15	3
31	2
44	1
13	1
62	2
75	4
29	2
96	2
98	1
36	1
12	1
88	3
85	1
60	1
78	3
15	1
65	6
33	7
15	2
5	2
32	1
5	2
82	1
27	8
92	3
21	2
83	1
1	2
77	1
70	1
16	6
97	1
81	2
40	2
78	1
74	6
75	4
69	1
78	2
86	3
57	1
75	1
66	3
9	8
40	2
99	2
14	3
86	3
76	3
92	1
21	3
61	1
43	1
55	2
28	3
45	8
98	2
26	2
99	18
9	5
16	1
44	1
54	8
74	1
58	1
33	5
82	6
24	2
27	1
48	2
70	6
42	1
64	3
34	1
5	2
3	2
2	1
53	13
78	1
36	1
95	14
64	1
13	4
4	2
17	1
97	1
95	7
9	2
8	1
23	3
88	3
37	1
22	3
48	7
19	2
38	1
2	3
41	26
41	3
57	1
47	3
47	1
42	1
3	9
100	14
66	5
2	8
80	15
46	5
78	10
61	9
30	6
17	1
29	2
18	20
65	1
90	4
8	1
69	1
36	2
39	1
8	1
58	2
18	3
14	4
20	1
11	2
88	5
22	7
87	4
5	1
6	3
66	1
28	3
27	2
54	2
68	1
56	1
48	10
29	2
21	3
38	2
100	1
61	1
93	1
64	1
49	7
42	1
86	2
100	2
37	1
29	2
66	2
81	1
10	3
77	4
8	2
64	3
91	2
80	4
70	2
32	6
15	2
84	1
47	1
65	3
39	5
90	7
29	4
68	1
79	5
23	4
10	3
97	1
61	5
35	1
70	1
52	1
44	9
89	3
21	1
76	1
97	1
63	1
35	3
19	4
26	2
56	3
79	3
86	2
80	1
73	1
87	5
37	1
62	10
23	1
29	12
41	2
14	1
7	1
88	1
66	1
70	5
51	1
72	1
92	1
57	1
52	6
92	6
76	4
65	1
35	6
95	9
22	1
33	4
8	1
57	1
85	1
45	2
30	3
23	1
71	3
89	1
25	2
14	1
84	2
49	11
74	2
96	3
55	2
79	2
52	2
39	1
65	4
74	1
55	2
67	2
79	2
51	1
86	1
55	2
45	2
39	2
50	1
70	1
18	2
70	1
35	1
8	4
94	1
92	1
29	1
26	20
64	1
63	3
44	1
22	3
72	8
10	2
97	2
29	3
27	1
86	1
57	1
11	1
74	11
51	2
64	2
13	6
3	4
80	1
44	2
86	39
64	1
40	3
26	3
78	1
18	2
64	1
56	1
29	2
27	1
34	1
6	1
21	1
21	1
6	2
52	1
31	1
37	1
78	2
42	2
65	5
18	2
38	2
53	1
5	2
96	2
73	2
36	8
60	2
44	2
24	1
59	2
13	4
28	2
61	2
97	1
32	2
5	8
90	1
38	2
41	2
84	1
85	5
58	1
31	2
65	1
100	1
12	1
23	4
54	6
60	7
60	3
64	3
12	1
26	2
99	7
34	1
30	2
57	2
18	7
40	2
93	1
10	1
2	23
43	1
66	6
6	2
97	1
94	5
26	1
8	1
36	2
10	25
15	7
56	2
53	14
18	3
85	1
49	1
10	2
41	4
97	2
5	1
19	1
4	1
68	2
20	2
56	1
71	2
47	2
6	1
72	3
48	1
2	8
46	1
91	13
90	2
36	1
84	1
43	2
49	2
51	2
16	1
50	2
80	3
64	2
99	5
59	1
47	2
93	2
23	1
82	4
27	6
58	2
22	10
49	2
14	3
42	1
9	1
67	1
91	1
24	1
22	6
86	2
46	1
12	1
17	2
83	1
61	1
53	4
44	4
55	1
52	1
89	1
91	6
99	2
38	7
21	1
7	3
78	6
40	2
71	1
81	2
99	2
97	1
26	1
3	1
100	1
29	2
17	4
44	1
52	3
40	3
43	1
82	1
98	2
61	1
76	2
26	5
86	2
76	2
62	3
43	1
36	1
1	1
42	1
19	1
80	1
16	3
57	2
46	2
21	2
26	2
50	2
22	1
73	1
98	1
28	2
98	10
63	5
19	3
46	8
48	2
48	1
47	1
16	9
61	8
49	16
32	11
37	1
85	2
55	1
46	6
74	2
48	1
94	7
91	1
56	4
64	2
56	1
10	1
6	2
7	1
8	7
57	3
47	1
57	1
75	1
34	2
98	8
35	2
100	1
81	2
66	1
61	1
11	1
44	4
91	9
74	2
43	2
95	19
71	1
90	1
53	1
92	4
57	2
44	4
2	1
62	1
73	3
91	2
43	1
50	1
87	5
31	2
53	2
19	1
76	5
19	2
35	1
82	2
39	3
50	3
1	2
10	1
84	1
7	3
86	2
59	6
32	1
54	3
66	2
11	3
83	1
24	1
95	5
64	3
34	7
77	2
76	2
11	1
90	2
85	1
77	1
52	1
36	1
96	3
28	1
45	4
90	2
83	2
25	4
21	1
12	1
95	1
38	1
98	5
74	30
7	3
29	2
62	2
62	2
16	5
66	3
2	4
80	3
43	1
83	1
65	1
11	6
32	1
64	10
27	10
64	1
90	3
42	2
8	1
7	6
95	3
35	1
31	1
85	2
21	21
87	1
64	1
95	1
48	7
28	2
46	1
11	4
87	11
86	1
7	4
20	3
20	1
2	2
71	1
74	2
4	1
27	1
60	1
17	3
79	1
86	2
39	1
64	2
100	1
22	1
97	1
60	1
47	9
18	7
46	2
60	7
3	1
71	1
60	1
74	5
35	1
66	3
6	12
2	3
82	1
64	16
69	2
46	1
35	1
84	2
7	18
84	1
82	1
75	2
92	3
30	3
58	3
52	4
28	2
73	2
80	3
91	1
58	1
15	1
99	1
75	4
45	11
66	2
11	2
70	1
92	7
32	2
51	2
16	1
40	2
91	2
23	1
19	3
68	3
75	2
34	2
23	1
58	1
8	2
84	1
74	15
81	15
75	1
92	3
60	9
30	1
1	2
82	10
88	5
3	4
68	3
15	1
67	3
34	1
92	2
55	3
91	1
74	1
17	1
59	4
47	1
30	2
97	7
18	1
65	6
50	1
8	32
25	1
89	5
100	3
74	2
97	6
41	12
81	6
86	5
37	5
31	4
30	1
34	1
15	6
67	3
81	2
80	2
100	1
63	1
100	5
4	15
52	4
17	4
5	4
26	6
85	11
63	7
87	4
61	4
45	3
65	4
4	5
30	14
16	1
5	4
31	1
14	1
56	3
69	1
35	5
57	1
3	1
84	3
67	1
42	3
26	2
88	2
53	1
88	4
12	35
86	3
5	2
28	3
32	1
24	4
94	2
36	4
50	4
89	14
19	4
79	1
87	1
78	10
34	2
63	1
9	1
42	16
99	2
25	1
69	2
48	1
79	2
10	8
6	1
96	4
79	1
21	2
43	1
59	2
14	1
24	1
21	1
35	1
38	1
100	1
58	1
19	1
82	1
16	1
77	2
63	1
40	11
23	3
80	2
9	4
54	1
68	2
100	1
96	20
65	1
94	1
94	1
62	1
92	1
66	1
91	1
75	8
11	3
63	2
83	1
87	7
58	1
62	4
8	2
98	1
4	2
45	1
55	1
76	3
34	1
67	1
21	2
57	3
42	3
72	3
93	1
12	5
12	5
11	3
81	1
42	3
50	5
86	2
44	5
3	1
6	2
53	3
61	2
56	2
80	3
78	3
89	3
74	1
13	1
23	6
43	2
82	1
3	1
49	1
83	2
75	3
71	3
13	1
89	1
37	1
99	4
92	1
7	7
39	19
1	2
69	2
78	1
88	1
20	2
81	3
90	12
42	2
87	2
46	2
26	1
46	1
1	1
14	5
7	1
30	11
18	1
2	6
99	2
78	1
28	2
24	1
65	1
80	1
70	1
77	1
60	1
22	11
64	4
22	2
40	2
28	3
53	9
3	2
74	5
73	2
41	7
22	12
64	2
60	2
31	2
32	1
63	2
5	1
41	3
47	1
29	4
88	2
59	2
85	1
25	1
86	6
9	1
74	2
12	6
57	2
74	1
35	1
42	14
65	1
65	1
13	2
88	6
78	1
93	1
79	1
23	1
33	3
74	3
54	1
44	7
31	1
99	1
8	1
56	1
25	1
86	2
17	2
88	7
71	1
8	2
48	2
68	1
64	8
90	2
31	1
79	3
5	9
30	1
20	1
35	12
57	2
32	5
45	3
71	1
2	1
20	2
11	3
81	3
80	1
94	2
7	1
23	1
53	1
75	6
89	1
20	2
81	4
22	2
74	3
43	2
21	2
76	3
49	3
8	2
30	6
90	2
78	1
50	2
15	2
58	1
33	24
1	1
33	1
41	2
66	12
33	12
45	1
21	1
16	1
24	3
33	1
84	1
76	1
92	4
57	3
98	1
78	5
5	2
75	1
68	1
28	2
30	2
60	3
20	6
29	2
72	3
8	2
23	4
41	3
29	1
67	1
90	8
27	6
58	4
39	2
93	1
28	2
93	1
23	13
15	2
6	4
17	2
45	3
100	3
57	1
34	20
58	3
18	1
16	16
89	2
3	6
75	2
55	3
70	3
82	2
85	2
73	2
4	1
91	3
54	1
35	2
21	2
9	3
79	1
65	1
34	3
1	3
50	1
27	3
88	1
54	7
48	2
24	1
95	1
6	3
13	9
35	2
35	1
24	16
24	1
80	5
11	1
17	4
39	4
82	6
56	1
50	1
13	1
57	2
39	4
7	1
5	6
89	2
41	5
4	9
55	9
72	3
67	1
77	5
88	5
82	1
45	11
49	1
4	1
68	1
19	2
49	1
19	1
14	1
52	1
22	1
51	4
24	1
86	1
21	2
62	1
67	1
85	4
15	1
71	2
34	4
8	1
64	5
23	1
37	4
45	1
84	2
55	1
12	4
63	2
16	12
38	3
30	14
100	9
14	1
30	3
11	3
33	1
67	1
54	1
32	1
12	2
45	3
26	1
10	1
91	6
64	2
11	5
55	1
41	4
85	2
67	3
63	1
25	1
5	4
83	16
28	1
3	3
65	4
31	1
20	8
55	4
5	15
80	5
80	7
79	1
94	2
62	5
95	9
89	1
16	2
86	1
18	3
18	1
73	11
11	2
72	1
79	2
83	1
35	1
29	1
77	1
9	1
35	10
76	3
5	2
94	7
33	3
83	1
96	1
49	5
50	2
24	19
48	2
37	3
19	3
47	1
92	1
84	2
62	1
48	1
49	1
9	2
56	2
34	1
49	1
62	4
6	1
26	1
42	2
35	2
79	3
54	4
41	2
99	4
48	4
20	7
92	2
81	2
22	1
54	1
100	2
68	1
3	5
57	1
6	4
3	4
29	1
10	1
49	1
74	1
7	3
43	2
73	1
48	3
89	1
64	1
68	4
92	1
27	1
14	16
43	1
73	1
28	1
91	10
90	1
23	2
10	1
45	2
40	1
80	2
46	8
67	7
78	1
35	2
10	1
41	1
21	2
27	1
94	1
76	1
85	2
31	2
15	4
28	1
72	1
34	2
2	1
81	5
10	2
88	2
16	1
75	3
92	1
35	1
21	1
72	2
60	8
99	1
34	2
80	1
37	5
73	2
66	9
21	1
20	1
98	4
39	2
74	1
24	2
19	4
22	1
1	4
96	1
59	1
81	3
85	1
3	5
59	1
62	1
95	3
91	1
68	2
67	5
11	1
1	2
37	1
70	5
55	2
89	1
46	3
3	1
38	1
91	13
77	2
26	2
33	1
66	3
49	2
92	4
73	1
87	2
67	1
46	16
25	1
86	2
55	1
5	24
96	6
39	5
47	1
94	1
36	2
82	2
42	1
42	5
17	6
23	2
87	1
56	1
6	10
86	1
32	2
55	1
88	5
51	1
12	1
16	2
55	5
30	1
22	2
62	1
54	2
21	3
55	1
56	4
20	2
75	1
34	1
29	1
25	1
7	3
75	1
35	2
71	1
28	1
39	12
29	1
76	3
37	1
28	1
94	1
84	4
49	1
49	1
89	3
8	1
62	1
21	1
14	8
64	1
34	1
82	1
99	6
15	1
92	1
78	4
93	1
57	1
81	2
18	1
83	1
68	4
59	3
43	8
30	1
66	2
13	1
76	1
60	1
97	3
88	1
40	1
90	2
72	1
53	10
94	2
67	2
82	5
100	1
1	1
83	1
91	2
17	7
57	7
12	8
79	1
82	3
30	1
65	1
44	1
43	2
56	1
50	3
37	2
14	4
30	2
55	1
42	2
90	3
51	2
6	19
4	1
98	1
9	17
87	1
83	2
92	11
41	1
28	1
94	1
66	1
40	2
94	1
95	3
34	2
41	1
25	1
25	1
29	2
88	1
40	1
99	20
60	1
76	1
68	1
31	1
91	1
57	1
54	1
71	1
48	2
77	5
7	1
98	3
37	1
6	1
7	2
59	2
95	1
9	2
54	6
98	1
13	2
31	1
10	2
57	4
16	3
33	2
86	2
61	1
19	2
2	2
69	5
95	5
97	1
76	10
45	3
97	1
32	5
79	1
32	3
1	3
19	1
73	1
16	6
30	3
50	4
11	5
94	1
33	1
63	2
43	5
86	1
68	1
17	1
61	1
32	1
52	3
46	2
58	4
9	1
99	2
21	2
28	3
69	1
55	1
73	2
89	1
87	2
78	2
53	5
55	1
2	1
38	2
82	2
64	3
33	15
51	7
74	5
66	3
91	2
24	2
20	1
72	5
72	14
60	8
90	1
12	7
24	1
42	1
43	1
50	1
71	1
79	1
79	5
90	16
19	3
31	6
30	4
43	7
54	2
29	1
21	1
37	1
41	1
53	4
36	1
62	1
2	12
2	1
88	3
100	1
61	1
44	1
87	5
94	1
93	1
34	1
15	1
8	4
1	5
90	3
14	1
93	3
44	1
99	1
42	1
89	2
84	2
43	1
75	8
62	2
10	1
31	1
17	1
31	1
2	17
4	3
23	3
33	1
95	1
49	1
85	1
37	1
73	9
89	1
66	5
65	2
49	16
51	1
85	5
34	1
53	1
52	2
37	1
93	1
19	1
70	1
29	1
74	2
36	10
52	1
16	2
29	1
11	2
80	7
12	1
32	9
54	5
90	11
19	2
25	2
74	1
43	6
52	7
60	1
81	1
92	7
27	1
11	8
51	2
36	1
7	6
29	3
2	1
6	2
52	8
60	3
27	13
31	1
69	2
69	2
53	2
97	1
32	10
72	4
50	1
99	3
79	1
72	1
44	10
52	2
58	1
24	1
65	4
14	2
48	1
82	1
45	2
34	2
38	3
61	2
17	1
46	4
85	15
74	13
45	1
79	1
88	2
38	2
60	2
84	7
36	3
10	1
48	5
8	1
52	1
75	2
79	4
62	1
89	3
47	2
64	2
87	2
79	1
2	2
78	1
96	1
7	1
92	3
52	4
42	1
71	3
23	2
87	1
15	4
23	1
60	2
39	7
37	2
21	2
55	1
80	2
62	2
59	13
91	1
56	2
64	1
47	2
26	2
22	1
