***********CONSTRUÇÃO**************
ANTES | DEPOIS
1.76456   1.70291
1.75841   1.71033
1.75671   1.67358
1.75542   1.68577
1.76553   1.56728
1.7631   1.67966
1.76211   1.7031
1.75641   1.70349
1.76728   1.61712
1.76092   1.67042
1.76502   1.70051
1.75773   1.71056
1.75972   1.683
1.76276   1.6798
1.76102   1.56618
1.76189   1.68008
1.75936   1.70021
1.76318   1.71243
1.7661   1.61417
1.7585   1.67403
1.76438   1.70112
1.75843   1.70741
1.76515   1.68057
1.76202   1.68021
1.75984   1.56164
1.76021   1.67607
1.76   1.70779
1.76314   1.70237
1.75946   1.61951
1.76734   1.67322
1.76006   1.6962
1.75984   1.70807
1.76198   1.67638
1.76406   1.68044
1.76675   1.5612
1.76088   1.67776
1.76342   1.71331
1.76482   1.70946
1.76371   1.61758
1.76199   1.67285
1.76336   1.68719
1.77158   1.71466
1.76785   1.67464
1.76247   1.681
1.76026   1.56072
1.76765   1.68408
1.76297   1.70628
1.75826   1.70635
1.76419   1.61414
1.76567   1.66763
***********BUSCA LOCAL**************
ANTES | DEPOIS
1.61326   1.60359
1.60975   2.75483
1.5493   2.79061
2.15442   1.58085
1.59536   1.69233
1.56299   1.60057
1.5882   1.63063
1.55039   3.36988
1.62747   1.6583
1.61574   1.66573
1.56671   2.22562
1.54082   1.68917
1.55553   1.69782
2.21016   1.69659
1.64337   1.16642
1.9761   2.22557
2.58226   1.68459
2.25794   1.6556
1.65149   1.65021
1.63613   1.68969
1.53041   3.32451
1.51107   1.60187
1.55985   2.79466
1.67894   2.21848
2.62448   1.66603
1.48577   1.5582
2.23823   1.5596
1.589   1.62141
1.56431   2.19701
1.62476   1.61962
2.10158   1.62883
1.5736   1.58654
1.65061   1.63193
1.58797   2.24627
2.12934   2.22185
1.55968   1.62352
1.58646   1.54388
2.77565   2.22711
1.65641   3.88753
1.67983   2.84495
1.6454   1.62722
1.67296   1.67914
3.18125   1.68982
1.57564   1.63078
2.65771   1.1477
1.67547   1.60728
1.59521   1.58858
1.66423   2.75483
1.62143   2.23833
2.53415   1.65143
