***********CONSTRUÇÃO**************
ANTES | DEPOIS
1.65555   1.07067
1.66484   1.04771
1.65524   1.03555
1.65755   1.05607
1.6571   1.04788
1.65557   1.05774
1.65688   1.05371
1.65537   1.04766
1.65965   1.05798
1.65643   1.05493
1.65295   1.0667
1.65883   1.0476
1.65297   1.03522
1.65872   1.05432
1.65884   1.04585
1.65544   1.0597
1.65984   1.05114
1.65968   1.04989
1.65939   1.05573
1.65793   1.05635
1.66387   1.06483
1.65739   1.04511
1.65802   1.03446
1.65679   1.05483
1.65451   1.04804
1.65952   1.05937
1.65393   1.05373
1.65909   1.0488
1.6594   1.05429
1.65869   1.05641
1.6585   1.06509
1.66126   1.04767
1.6576   1.03421
1.66129   1.05674
1.65724   1.04664
1.65688   1.06039
1.65772   1.05108
1.65866   1.04851
1.65654   1.05581
1.65677   1.05184
1.65625   1.0639
1.66046   1.04554
1.6568   1.03225
1.65719   1.05641
1.66296   1.04762
1.65953   1.05947
1.65967   1.05425
1.65431   1.04701
1.65621   1.05865
1.65498   1.05407
***********BUSCA LOCAL**************
ANTES | DEPOIS
2.60632   0.870903
2.17179   0.873946
3.01675   0.898001
2.59362   0.876133
3.05459   0.865637
4.35056   0.856085
2.59607   0.878305
3.06738   0.887585
4.3625   0.8714
2.62005   1.75418
4.31904   0.866797
3.02653   0.885456
2.59072   0.888995
2.60552   1.31696
2.16347   1.73142
4.35539   0.874957
3.03494   0.882721
1.68786   0.868968
1.72152   0.881551
2.16885   0.881535
1.73157   0.874203
2.60517   0.882756
2.61003   0.889974
4.34954   0.889122
2.18503   0.882255
1.7211   0.88138
2.17221   0.875668
2.58654   0.88221
2.58483   0.880939
1.69138   0.88355
3.44553   1.30756
2.57701   0.887667
1.72892   0.891717
2.14777   0.883381
2.16408   0.865087
1.73149   0.861811
1.72244   0.889434
1.72206   0.890633
2.58732   0.859771
3.49654   0.872868
1.74267   0.885876
2.18669   0.896863
2.5933   0.891798
2.17089   0.883815
2.59561   0.871522
2.1512   1.74867
3.03023   0.886822
2.63335   0.880168
1.30363   0.865529
2.13453   0.898402
