***********CONSTRUÇÃO**************
ANTES | DEPOIS
0.213407   0.16286
0.213187   0.155201
0.212765   0.155315
0.209756   0.154582
0.211367   0.156654
0.213068   0.157597
0.216507   0.159149
0.214477   0.157623
0.212353   0.157002
0.209725   0.154459
0.209824   0.159513
0.21205   0.155428
0.210459   0.15588
0.212628   0.154009
0.211384   0.155222
0.211812   0.159073
0.214107   0.158932
0.21317   0.157574
0.212367   0.156829
0.215514   0.155566
0.213717   0.161302
0.212112   0.155113
0.213588   0.156614
0.214613   0.156377
0.211905   0.157524
0.21476   0.15793
0.211089   0.158608
0.210669   0.158615
0.212922   0.156227
0.212752   0.155136
0.210951   0.158741
0.216486   0.154306
0.213205   0.156977
0.213893   0.154324
0.21401   0.155879
0.214475   0.159604
0.213195   0.158754
0.214377   0.15799
0.213786   0.15631
0.213988   0.155159
0.211053   0.160337
0.213862   0.154871
0.211889   0.156276
0.214605   0.154592
0.212881   0.156523
0.212736   0.158269
0.213309   0.160481
0.211172   0.158156
0.212701   0.156202
0.214443   0.156537
***********BUSCA LOCAL**************
ANTES | DEPOIS
0.117306   0.178579
0.236195   0.177116
0.18033   0.242447
0.117188   0.175605
0.115968   0.176477
0.107823   0.348031
0.112989   0.301079
0.114919   0.173069
0.119021   0.177478
0.109958   0.181977
0.112451   0.232749
0.107492   0.172271
0.176255   0.230987
0.112345   0.230146
0.115211   0.173812
0.116108   0.173709
0.114411   0.178172
0.169634   0.174361
0.117182   0.172185
0.113828   0.175251
0.113318   0.181182
0.167107   0.176265
0.108571   0.174796
0.111701   0.175211
0.10877   0.172912
0.178121   0.235852
0.108218   0.290444
0.110523   0.296368
0.11376   0.236922
0.235464   0.295508
0.109622   0.230286
0.176471   0.361299
0.172074   0.229898
0.173934   0.311486
0.22665   0.174372
0.113445   0.177689
0.115016   0.11529
0.116693   0.293987
0.239158   0.36192
0.116732   0.301197
0.175449   0.231693
0.164929   0.180417
0.111958   0.223483
0.108962   0.407081
0.115584   0.184223
0.174855   0.17211
0.230316   0.281487
0.163704   0.232747
0.175627   0.182856
0.222117   0.179554
