***********CONSTRUÇÃO**************
ANTES | DEPOIS
0.469946   0.277628
0.469692   0.277469
0.471705   0.276697
0.471382   0.27902
0.471605   0.277832
0.471328   0.274609
0.471845   0.278574
0.469443   0.275999
0.47088   0.275871
0.469915   0.273337
0.469427   0.27491
0.471124   0.278166
0.470671   0.277835
0.470742   0.278585
0.469745   0.278632
0.47265   0.273487
0.469463   0.278857
0.471091   0.276402
0.471064   0.277022
0.470435   0.272719
0.469361   0.275143
0.471257   0.277394
0.470036   0.277555
0.470859   0.278975
0.46897   0.27768
0.471679   0.274077
0.470976   0.278319
0.47103   0.276356
0.472111   0.276031
0.470346   0.273393
0.471997   0.274461
0.471394   0.278229
0.470405   0.27664
0.47159   0.278735
0.468661   0.278509
0.470693   0.273563
0.47146   0.279151
0.471116   0.276865
0.469695   0.276796
0.469855   0.273324
0.4714   0.275097
0.468129   0.277193
0.470601   0.278227
0.471422   0.27937
0.471748   0.277969
0.471169   0.274068
0.469584   0.27785
0.47075   0.27594
0.46984   0.276021
0.470555   0.273709
***********BUSCA LOCAL**************
ANTES | DEPOIS
0.853154   0.247494
0.974291   0.246724
0.728369   0.245659
1.22395   0.244156
0.488188   0.252286
0.362777   0.246185
0.488636   0.247526
0.489995   0.249016
0.839379   0.242422
0.855231   0.248433
0.60777   0.248157
0.739022   0.24664
0.608089   0.243072
0.489587   0.250663
0.970104   0.242535
0.482719   0.24588
0.726608   0.244608
0.603653   0.246309
0.86052   0.245632
1.09632   0.250876
0.851746   0.249875
0.609975   0.365313
0.853419   0.239365
1.21526   0.245126
0.733741   0.24839
0.363515   0.246435
0.738583   0.247176
1.09857   0.247296
0.608965   0.249098
0.482136   0.246059
0.609216   0.246859
0.605149   0.246812
0.73021   0.248181
0.85557   0.369269
0.725182   0.243813
0.61013   0.244982
0.605534   0.248385
0.973156   0.244633
0.847296   0.244918
0.617749   0.246346
0.358281   0.246058
0.490533   0.246079
0.475281   0.248124
0.48503   0.246005
0.600933   0.240048
1.33963   0.247073
0.608869   0.246717
0.731799   0.245244
0.727621   0.247497
0.726887   0.248382
