***********CONSTRUÇÃO**************
ANTES | DEPOIS
1.72043   1.65271
1.72749   1.63796
1.71995   1.63776
1.73191   1.63983
1.72016   1.64792
1.72075   1.63972
1.72511   1.65609
1.72439   1.62824
1.71936   1.6396
1.72226   1.65108
1.71653   1.64058
1.72019   1.64256
1.71721   1.63522
1.73162   1.63972
1.72185   1.64524
1.72348   1.64551
1.72909   1.63367
1.71738   1.63679
1.71905   1.64765
1.72335   1.64316
1.71987   1.63317
1.72464   1.63338
1.71695   1.64024
1.72189   1.64128
1.72229   1.64061
1.72569   1.64794
1.72292   1.64988
1.72179   1.64108
1.72848   1.64409
1.7176   1.63986
1.72689   1.64071
1.72697   1.644
1.72112   1.65204
1.72469   1.63133
1.72201   1.63516
1.72157   1.64054
1.72572   1.63362
1.72111   1.63607
1.71947   1.64653
1.71629   1.64393
1.71585   1.63372
1.72692   1.63622
1.72176   1.64643
1.71805   1.64654
1.72256   1.6485
1.71708   1.65622
1.72499   1.64556
1.72099   1.636
1.71446   1.64508
1.71611   1.64184
***********BUSCA LOCAL**************
ANTES | DEPOIS
3.43848   2.1378
3.56961   1.57466
2.03189   1.60273
1.55409   3.0913
3.59394   1.52022
1.62322   2.19423
2.06752   2.96347
1.60979   1.6072
2.59789   2.12531
1.50697   2.09658
2.59628   1.51952
2.57766   2.69661
1.95086   1.68012
2.09977   2.58584
2.93394   2.17562
1.81893   1.60749
2.06805   2.09769
2.68256   1.61135
3.57628   2.15175
2.09568   1.5361
3.72543   1.58488
1.45227   2.02596
1.51006   2.08238
1.95654   1.58199
1.61983   3.29485
1.57551   3.15366
1.54362   1.50514
1.57501   2.55523
1.60299   2.19373
1.5831   2.13949
2.11511   1.53797
1.57011   1.62761
2.04908   2.76437
2.57431   1.62615
2.06108   2.14632
1.48594   1.65237
2.63971   2.63444
2.0219   2.12748
2.01023   1.6229
1.54924   1.62697
2.93609   1.63404
2.41759   2.12299
1.5691   1.56535
1.58575   2.62203
1.55515   2.45001
2.96866   2.578
1.91886   2.15855
1.50187   1.58346
3.09777   1.61707
2.50516   1.63741
