Tamanho    Peso
1060  34611
1063  34700
1056  34716
1055  34665
1061  34627
1053  34650
1060  34666
1061  34733
1057  34638
1059  34518
1056  34481
1063  34637
1055  34523
1055  34706
1059  34664
1056  34574
1054  34656
1059  34819
1065  34777
1065  34536
1052  34420
1066  34660
1052  34587
1054  34641
1056  34671
1052  34564
1057  34603
1058  34690
1059  34744
1059  34534
1059  34618
1060  34585
1056  34590
1055  34647
1055  34673
1060  34533
1061  34559
1057  34723
1057  34702
1062  34550
1056  34601
1064  34542
1055  34657
1050  34611
1053  34607
1055  34689
1062  34612
1057  34727
1058  34775
1061  34606

Time taken: 20
