***********CONSTRUÇÃO**************
ANTES | DEPOIS
0.483121   0.293253
0.48323   0.287047
0.481753   0.287571
0.482198   0.285032
0.483644   0.285758
0.484401   0.284686
0.482386   0.286551
0.483116   0.289699
0.48349   0.285289
0.482857   0.290035
0.483093   0.291362
0.484245   0.286685
0.483546   0.286766
0.483229   0.284976
0.482169   0.285831
0.482604   0.284564
0.48414   0.286228
0.481902   0.290279
0.483753   0.284812
0.482353   0.291891
0.482364   0.291916
0.484172   0.285362
0.483732   0.286885
0.483113   0.284755
0.482153   0.285893
0.48313   0.284869
0.485127   0.286685
0.483415   0.289628
0.483777   0.286829
0.481529   0.290265
0.483611   0.291035
0.483711   0.286916
0.484054   0.286957
0.483051   0.284787
0.484133   0.286295
0.483313   0.284395
0.483605   0.286798
0.48418   0.289879
0.48236   0.286453
0.483492   0.291465
0.482587   0.291189
0.483967   0.286018
0.483687   0.286897
0.482634   0.284781
0.484005   0.285561
0.483826   0.285103
0.484968   0.2863
0.483245   0.290042
0.483497   0.285531
0.482015   0.288618
***********BUSCA LOCAL**************
ANTES | DEPOIS
0.365739   0.249
1.24862   0.251469
0.603006   0.373801
0.995713   0.250679
0.868126   0.251938
0.618255   0.255284
0.6113   0.252581
0.6145   0.255197
0.744057   0.252896
0.742157   0.492687
0.981804   0.618706
0.493486   0.249037
1.24918   0.250233
0.492657   0.245214
0.611653   0.377158
0.988431   0.253567
0.746045   0.246943
0.495102   0.500306
0.742838   0.254186
0.873925   0.250283
0.741931   0.241717
0.741237   0.254773
0.870264   0.24581
0.989739   0.249772
0.484745   0.251959
0.616127   0.251671
0.993546   0.251693
0.742761   0.378351
0.982919   0.374234
0.865125   0.25142
0.995092   0.501493
0.618929   0.250715
0.742817   0.251593
0.611623   0.249699
0.981756   0.374322
0.98215   0.252781
1.23713   0.493089
0.752053   1.12124
0.738147   0.246074
0.745326   0.255127
0.620173   0.249938
0.618268   0.249429
0.617586   0.494363
1.11865   0.254726
1.35048   0.247321
0.871185   0.254005
0.748354   0.249408
0.744275   0.490407
0.733881   0.249485
1.24831   0.251003
