Tamanho    Peso
1096  35791
1098  35719
1091  35737
1098  35502
1103  35587
1092  35567
1103  35789
1098  35837
1093  35687
1093  35643
1101  35832
1093  35644
1092  35524
1097  35648
1090  35555
1091  35612
1099  35709
1107  35722
1092  35665
1100  35835
1099  35820
1092  35614
1098  35835
1099  35623
1101  35612
1093  35537
1101  35752
1109  35831
1105  35702
1096  35737
1095  35685
1095  35721
1099  35762
1096  35706
1099  35763
1091  35550
1097  35590
1099  35687
1094  35632
1101  35755
1098  35740
1091  35637
1101  35717
1096  35654
1098  35628
1092  35514
1098  35736
1097  35773
1098  35704
1091  35752

Time taken: 30
