Tamanho    Peso
100  4022
100  3971
98  3997
109  4326
99  3897
121  4684
131  4823
120  4682
99  4093
93  3440
116  4566
93  3609
97  4043
115  4702
97  3854
104  4179
116  4176
102  4054
131  4993
109  4192
107  4179
121  4877
99  4125
135  5006
109  4280
102  3894
130  4879
118  4505
112  4474
94  3811
94  3886
95  3751
115  4487
118  4408
119  4569
107  4115
122  4691
95  3862
102  3823
105  4114
136  5123
106  4079
119  4376
106  4172
111  4191
108  4201
107  4215
101  3983
101  4062
112  4251

Time taken: 188
