Tamanho    Peso
111  4211
107  4640
113  4415
115  4643
127  4735
104  4125
103  3861
111  4238
102  4137
118  4588
106  4184
124  4840
122  4891
132  4881
134  5046
121  4746
129  5005
148  5802
109  4219
126  4926
108  4281
106  4154
113  4492
119  4685
100  3939
112  4358
111  4497
107  4238
149  5657
114  4207
115  4565
119  4512
132  5050
139  5314
132  5084
102  3897
123  4754
113  4516
145  5536
125  4719
111  4210
127  4912
103  4049
120  4614
113  4451
114  4560
113  4625
103  4172
112  4181
104  4107

Time taken: 192
