Tamanho    Peso
1104  34712
1090  35106
1094  34918
1101  35508
1093  35311
1106  34911
1104  34931
1106  35006
1104  35139
1092  34683
1099  34821
1106  34915
1101  34877
1091  35309
1097  34894
1103  34971
1108  35034
1100  35026
1101  34749
1098  34915
1094  34996
1096  34899
1107  34849
1102  34912
1096  35089
1095  35219
1098  34939
1110  34843
1099  34847
1109  34917
1092  34964
1097  34793
1106  34656
1101  34915
1114  34795
1112  35208
1086  34590
1086  34725
1092  34818
1100  34645
1092  35129
1111  34828
1095  35197
1102  35149
1108  35045
1120  34676
1099  34668
1099  35232
1105  35008
1103  34934

Time taken: 60
