Tamanho    Peso
1720  56780
1734  57494
1724  56577
1737  56920
1714  56897
1710  57059
1721  56839
1722  57332
1723  57373
1720  57394
1743  57059
1731  56802
1720  57247
1731  57260
1708  57093
1713  56963
1724  56788
1717  57369
1725  57333
1715  56723
1703  57300
1723  57165
1722  57022
1716  57223
1723  57207
1726  57017
1734  57380
1743  57320
1720  57213
1727  57089
1716  56984
1722  56837
1728  57209
1720  56771
1720  57012
1730  56728
1743  56781
1720  56561
1724  56894
1715  56566
1736  57451
1725  57130
1733  57570
1707  56923
1726  56806
1699  57061
1730  57381
1712  56984
1733  57046
1714  56863

Time taken: 226
