Tamanho    Peso
1711  56150
1704  56126
1708  56160
1708  56221
1704  56211
1717  56305
1695  55724
1702  55915
1704  55756
1707  55908
1704  55891
1712  56046
1708  55901
1708  56051
1701  56061
1698  55907
1698  55849
1709  56086
1705  55920
1701  55965
1706  56360
1700  56163
1703  56052
1709  55942
1702  55987
1710  56143
1694  55878
1706  55975
1700  55947
1700  56012
1703  56144
1706  56107
1716  56094
1709  56026
1707  56055
1698  55923
1703  55783
1711  56125
1714  55788
1705  56030
1698  56084
1698  55925
1701  56158
1708  56251
1715  56235
1712  56176
1690  55639
1697  56087
1710  56095
1708  56017

Time taken: 98
