Tamanho    Peso
88  3739
109  4262
94  3587
83  3192
116  4516
95  3731
107  4466
100  4151
91  3627
104  4268
97  3769
97  3795
92  3868
99  3715
94  3802
90  3744
88  3722
99  3772
78  3396
90  3486
97  4036
88  3585
87  3511
102  3696
107  4260
99  3744
95  3724
109  4223
106  4112
106  3602
110  4390
100  3748
95  3730
119  4796
93  3673
91  3252
100  4352
91  3915
100  4068
90  3564
101  3993
98  4021
89  3524
99  3900
94  3685
102  3881
101  3962
108  4539
114  4358
101  3621

Time taken: 183
