***********CONSTRUÇÃO**************
ANTES | DEPOIS
1.66005   1.09198
1.65961   1.08669
1.65973   1.0957
1.66147   1.09295
1.65441   1.08811
1.66549   1.09329
1.66078   1.09138
1.66268   1.07969
1.6621   1.07698
1.65973   1.08711
1.66261   1.09657
1.65829   1.08612
1.66007   1.09028
1.65875   1.09167
1.65704   1.08973
1.65913   1.09558
1.65984   1.08906
1.66227   1.08498
1.65889   1.07822
1.65992   1.08889
1.6599   1.09601
1.65898   1.09011
1.6544   1.09452
1.66408   1.09462
1.66129   1.09116
1.65661   1.08669
1.66122   1.08634
1.66223   1.0826
1.65989   1.07612
1.663   1.08977
1.66027   1.0914
1.65908   1.08894
1.65656   1.0897
1.66104   1.09352
1.65577   1.09117
1.65817   1.09182
1.6604   1.08292
1.65844   1.08069
1.65769   1.07768
1.65718   1.08973
1.662   1.08705
1.65699   1.09138
1.66086   1.09358
1.65942   1.09336
1.65399   1.09778
1.66186   1.08995
1.66464   1.08451
1.65768   1.07917
1.6599   1.0763
1.66301   1.08988
***********BUSCA LOCAL**************
ANTES | DEPOIS
5.62122   0.864019
2.57216   1.312
3.02088   1.72484
3.02619   0.857272
3.45084   0.864949
3.87459   1.75337
1.28346   1.71683
3.45972   0.878648
1.28956   0.862283
3.4245   0.856137
2.14674   1.74326
2.5646   1.29939
1.2814   1.30499
1.2826   1.72804
1.72594   1.73402
2.5652   0.859225
1.2815   0.862236
1.71768   0.856608
3.02552   0.875703
1.7161   0.861079
2.56074   1.74237
4.2756   1.73967
2.58382   1.30499
1.71528   1.74615
2.15021   0.860868
2.55631   0.869076
3.01341   1.73691
3.86286   0.868852
1.28273   0.863902
2.16706   1.72978
1.2833   1.29787
3.44725   0.875342
2.59555   1.72508
3.46293   0.862217
1.27864   0.864699
1.30205   0.865302
1.70723   0.863765
3.85363   0.866638
3.41858   0.860545
3.03114   0.855086
1.70689   0.868755
3.4605   0.873005
2.58988   1.73412
3.88023   1.28583
4.76423   1.30666
3.46613   1.73225
4.3721   1.74518
1.70074   0.860444
3.04711   1.31047
2.16682   2.15198
