Tamanho    Peso
265  8433
261  8602
261  8421
250  8166
270  8935
251  8267
264  8573
251  8159
249  8165
257  8490
269  8471
261  8579
269  8673
268  8589
257  8108
241  7884
280  9145
273  8870
250  8208
245  7655
261  8247
288  9087
258  8303
260  8377
276  8951
243  8045
272  8780
270  8384
264  8528
263  8393
264  8680
284  8842
275  8926
282  9054
251  8213
234  7539
275  8835
287  9132
257  8335
232  7723
256  7991
279  8855
266  8324
289  9256
293  9320
257  8084
258  8387
255  8507
254  8129
248  7935

Time taken: 21
