***********CONSTRUÇÃO**************
ANTES | DEPOIS
1.61027   1.34459
1.60791   1.3385
1.61326   1.33942
1.61914   1.33818
1.62012   1.33715
1.61729   1.34405
1.61058   1.33896
1.61511   1.33867
1.60968   1.34343
1.61495   1.34004
1.61106   1.33941
1.61661   1.33927
1.60521   1.33938
1.61795   1.3397
1.6136   1.33768
1.61113   1.34234
1.61476   1.34175
1.61527   1.33781
1.61458   1.34319
1.61217   1.33847
1.61115   1.33733
1.60791   1.34041
1.61353   1.34112
1.60874   1.34323
1.61446   1.33824
1.61276   1.34442
1.60526   1.34028
1.61583   1.33757
1.60727   1.34597
1.61562   1.3396
1.61405   1.34003
1.61877   1.3403
1.61175   1.34146
1.61655   1.33736
1.609   1.34004
1.61239   1.34183
1.61007   1.34068
1.61364   1.33651
1.6115   1.34387
1.60876   1.34072
1.61216   1.33692
1.61829   1.34453
1.60416   1.34202
1.61026   1.3404
1.61026   1.338
1.61417   1.3419
1.61519   1.34392
1.60968   1.33794
1.61103   1.3426
1.61802   1.33967
***********BUSCA LOCAL**************
ANTES | DEPOIS
2.93619   1.42446
1.49281   1.48018
3.40869   2.47082
1.97427   3.38495
2.84463   2.523
1.49154   2.27357
1.94005   2.45382
1.4904   1.48917
0.98533   1.43174
2.81243   1.45225
1.41857   1.45541
1.47101   2.39041
1.45541   1.85059
2.41212   1.4576
1.96382   1.49121
1.92905   1.91995
1.83066   1.90575
1.41081   1.42828
1.42913   1.9387
2.39845   1.94121
2.36644   1.44946
1.94029   4.3498
1.43538   1.45195
1.48024   3.83858
2.8723   1.95485
2.43993   1.87994
1.36797   2.41499
1.48476   3.36944
2.9423   1.42758
1.43244   1.87804
1.8399   1.38839
1.46343   2.33397
2.86369   3.50982
1.51022   2.44268
1.43358   1.87034
1.42483   1.47755
1.88987   1.4561
1.49894   1.46679
2.98377   1.4364
1.38489   1.49506
1.98903   1.48708
1.91617   2.35306
1.40577   1.47228
1.49776   1.47497
2.29048   2.38207
2.4721   1.41495
3.36409   2.30597
2.39107   1.93838
1.4972   1.91601
1.96301   3.29265
