Tamanho    Peso
1069  36621
1071  36699
1071  36720
1065  36585
1071  36652
1070  36732
1069  36710
1059  36560
1063  36518
1071  36740
1062  36527
1068  36743
1071  36581
1073  36769
1074  36728
1073  36893
1072  36809
1072  36630
1066  36681
1067  36419
1070  36645
1077  36759
1059  36625
1072  36779
1070  36728
1073  36701
1073  36610
1070  36695
1072  36685
1067  36671
1066  36592
1065  36644
1069  36593
1051  36709
1070  36585
1067  36628
1072  36740
1072  36763
1073  36646
1063  36681
1070  36784
1069  36700
1068  36684
1083  36734
1059  36711
1068  36681
1071  36637
1070  36789
1057  36765
1066  36760

Time taken: 26
