Tamanho    Peso
1702  55595
1699  55711
1698  55652
1714  55793
1710  55804
1706  55715
1705  55666
1697  55423
1719  55852
1702  55634
1702  55412
1687  55654
1692  55588
1718  55907
1705  55827
1704  55750
1703  55445
1712  55582
1708  55795
1700  55467
1698  55548
1707  55701
1688  55256
1713  56008
1706  55693
1701  55513
1706  55654
1696  55399
1714  55906
1703  55620
1704  55519
1709  55896
1683  55593
1718  55858
1697  55453
1708  55673
1714  55659
1705  55430
1712  55769
1698  55545
1702  55620
1704  55877
1686  55504
1695  55965
1698  55669
1703  55638
1704  55591
1711  55544
1718  55708
1698  55640

Time taken: 100
