Tamanho    Peso
1694  57022
1712  56664
1699  56157
1714  56720
1708  56164
1697  56621
1680  56896
1717  56739
1719  56819
1705  56506
1709  56511
1717  56423
1705  56428
1720  56697
1717  56431
1709  56348
1703  56879
1719  56292
1695  56613
1723  56187
1712  56771
1708  56475
1708  56536
1705  56665
1713  56762
1695  56350
1713  56261
1706  56038
1711  56469
1702  56273
1704  56800
1704  56562
1700  56625
1712  56076
1699  56376
1709  56237
1685  57299
1724  56457
1709  56373
1699  56248
1700  56581
1709  56624
1701  56927
1693  56514
1711  56887
1711  56456
1706  56140
1675  57051
1706  56352
1720  56097

Time taken: 225
