***********CONSTRUÇÃO**************
ANTES | DEPOIS
1.65274   1.0849
1.65224   1.09018
1.65233   1.06943
1.6485   1.09619
1.65881   1.0879
1.65348   1.08888
1.6491   1.08674
1.65159   1.08232
1.64843   1.09833
1.64964   1.08468
1.64797   1.08322
1.65316   1.09255
1.65072   1.07302
1.65167   1.1008
1.65576   1.08506
1.65251   1.08618
1.65779   1.08586
1.65236   1.08425
1.65187   1.09866
1.64787   1.08389
1.65425   1.08049
1.65065   1.09267
1.64562   1.07219
1.65228   1.09947
1.6562   1.08689
1.65623   1.08458
1.64827   1.08879
1.65408   1.08228
1.65405   1.09966
1.64705   1.08143
1.65386   1.08503
1.64634   1.09357
1.64592   1.06818
1.64801   1.09687
1.64683   1.08316
1.64896   1.08719
1.64478   1.09081
1.64996   1.0833
1.65046   1.09737
1.65373   1.08244
1.64996   1.08306
1.65204   1.09142
1.65009   1.06727
1.65683   1.10055
1.65085   1.08444
1.64956   1.08495
1.6497   1.08814
1.65245   1.08553
1.65132   1.09978
1.65812   1.08098
***********BUSCA LOCAL**************
ANTES | DEPOIS
1.30356   0.888503
3.04978   0.882326
3.9191   0.874813
2.1913   0.890689
4.37159   0.869749
2.6326   0.886138
1.28688   0.895547
1.73453   0.889534
2.18186   0.876602
2.62431   0.878592
3.06678   0.878629
4.40037   1.32025
3.52329   0.878737
2.16879   0.881423
2.60639   0.884125
5.25666   0.878623
2.16329   0.88409
2.62165   0.886675
2.19146   1.32873
2.62573   0.876293
2.16261   0.890951
2.60246   0.880686
2.62561   0.896417
3.05993   0.884736
2.62294   0.894602
2.16275   0.89064
3.50491   0.873224
2.62844   0.879931
3.06928   0.889606
3.02817   0.872143
2.16127   0.901557
1.74208   0.890059
2.60728   0.903196
4.38307   0.875912
3.92573   0.875574
3.07936   0.86255
1.30997   0.874008
2.63294   0.881347
3.95377   0.877484
4.83687   0.886282
3.08202   0.889416
2.59269   0.889662
1.72196   0.913721
3.0802   1.30944
2.16889   0.877271
3.50433   0.899071
2.16849   0.885111
1.29785   0.881325
4.381   0.879066
4.40107   0.876086
