Tamanho    Peso
266  7102
265  7072
265  6957
267  6991
266  7088
266  7104
264  6945
268  7064
265  7044
267  7028
264  6965
265  7084
263  6941
265  6981
265  7044
265  6979
266  7036
266  6985
266  7066
266  7042
264  6973
265  6985
266  7036
266  7064
266  7070
267  7088
265  7048
267  7042
264  6941
266  7052
263  6975
266  7046
267  7092
267  7078
266  7062
264  6967
266  6999
265  7030
267  7038
264  7019
267  7110
266  6975
266  6979
265  6969
265  7044
265  6981
266  7048

Time taken: 12
