***********CONSTRUÇÃO**************
ANTES | DEPOIS
1.68141   1.13139
1.67966   1.11637
1.67666   1.11914
1.67955   1.11103
1.68171   1.1129
1.68152   1.11184
1.68114   1.11054
1.67821   1.11536
1.67649   1.10369
1.68167   1.10527
1.68092   1.12639
1.67981   1.11622
1.68424   1.12087
1.68038   1.1117
1.68348   1.1121
1.67882   1.11266
1.67839   1.11201
1.6796   1.114
1.68206   1.10273
1.68124   1.10198
1.67771   1.12893
1.67874   1.12136
1.68434   1.11908
1.68332   1.10889
1.6816   1.11261
1.68524   1.11002
1.68426   1.11353
1.68122   1.11514
1.67738   1.10414
1.68082   1.10647
1.68187   1.12898
1.68091   1.11746
1.68531   1.12187
1.68398   1.10884
1.6818   1.11275
1.68045   1.11094
1.67842   1.10898
1.6743   1.11088
1.67446   1.10467
1.68138   1.10467
1.68502   1.1247
1.67809   1.11853
1.6845   1.12019
1.68414   1.11062
1.68685   1.1117
1.68423   1.11022
1.67988   1.10876
1.6853   1.11593
1.68712   1.10328
1.68298   1.10149
***********BUSCA LOCAL**************
ANTES | DEPOIS
2.64739   1.35712
3.12576   1.78228
3.09973   1.8053
2.21098   1.35805
4.00199   1.34487
3.99031   2.24249
2.64323   1.33127
2.67848   1.34688
2.65164   0.898096
1.76178   0.903507
2.6311   1.32523
3.98597   0.898706
3.98894   1.33208
1.76588   1.78454
3.09918   1.33302
4.40822   1.76768
1.76894   1.78381
3.98056   1.34263
2.64378   0.901584
3.11307   0.882898
2.21325   1.34618
2.23277   0.900818
3.53763   1.35109
2.23815   0.899554
4.45052   0.889738
2.20122   1.34255
2.65289   0.904443
3.09874   1.77762
2.68262   1.33286
1.31377   1.79699
2.67927   0.90933
4.41194   3.59508
3.56286   0.891772
1.74959   0.912476
1.77743   0.892409
2.23532   2.26039
5.32656   0.903065
4.42548   0.91095
1.76892   1.77375
3.5446   0.89614
3.09124   1.3219
3.55469   1.80842
3.12532   0.903388
3.53735   1.35066
3.5442   1.79343
1.77522   1.78731
3.55278   0.904901
2.21716   0.892898
2.20166   1.32819
2.65206   0.902786
