Tamanho    Peso
232  8645
269  8639
266  8824
268  8735
269  8808
245  8570
239  8507
266  8634
265  8651
232  8032
270  8768
266  8854
260  8599
261  8827
267  8742
249  8844
263  8780
238  8571
240  8586
262  8676
270  8930
262  8728
274  8849
267  8873
272  8682
273  8681
233  8036
266  8728
265  8607
266  8749
269  8657
266  8784
261  8711
265  8712
269  8709
271  8610
262  8730
262  8640
267  8874
260  8662
266  8665
240  8650
268  8852
272  8773
243  8844
239  8613
235  8598
264  8880
243  8675
264  8622

Time taken: 17
