***********CONSTRUÇÃO**************
ANTES | DEPOIS
0.479613   0.292772
0.478439   0.295749
0.477562   0.297351
0.477637   0.293506
0.479602   0.290934
0.477895   0.291583
0.479065   0.295216
0.478485   0.288503
0.478849   0.288125
0.477604   0.286702
0.478476   0.290324
0.478531   0.295302
0.47792   0.297274
0.479642   0.293644
0.478815   0.29097
0.477524   0.291309
0.47949   0.295626
0.479379   0.288079
0.477674   0.288063
0.478499   0.287117
0.479728   0.289539
0.479517   0.295171
0.47698   0.296869
0.478493   0.293516
0.477633   0.290768
0.478358   0.290966
0.478057   0.295629
0.47886   0.287858
0.477166   0.288678
0.478471   0.286915
0.479618   0.290105
0.478715   0.296189
0.477126   0.297343
0.479065   0.293622
0.477527   0.29162
0.479368   0.291991
0.478029   0.295836
0.479448   0.288147
0.47853   0.288564
0.477925   0.287403
0.480376   0.289735
0.47964   0.295896
0.478215   0.297352
0.481222   0.294089
0.478159   0.291126
0.478807   0.292047
0.480373   0.296117
0.479471   0.287542
0.478537   0.287597
0.477759   0.287912
***********BUSCA LOCAL**************
ANTES | DEPOIS
0.611027   0.249621
0.74194   0.257872
0.617006   0.246061
1.10632   0.248959
0.988758   0.252048
0.865113   0.252402
1.11623   0.254431
0.864484   0.253607
0.988558   0.256073
0.617751   0.248637
1.23951   0.247686
0.740194   0.24829
0.744948   0.245509
0.739794   0.252236
0.616018   0.252419
0.494798   0.248578
0.742392   0.249151
0.869455   0.255347
0.747542   0.252837
1.10976   0.254226
0.624268   0.250491
0.745498   0.252783
0.988285   0.247073
0.739373   0.251503
0.878992   0.248692
0.739973   0.246888
1.11617   0.376346
0.614145   0.254734
1.11491   0.254607
0.984418   0.247366
0.734584   0.253859
1.11636   0.251861
0.999287   0.253371
0.740953   0.254399
0.620823   0.257156
1.11848   0.245675
0.490385   0.249217
0.744716   0.259584
0.990118   0.247781
0.620829   0.253593
0.863861   0.244908
0.864436   0.251276
0.491984   0.246146
0.739959   0.250843
1.10395   0.252529
0.617749   0.244452
1.10463   0.248407
0.746214   0.250477
0.984458   0.254566
1.11604   0.251459
