Tamanho    Peso
1104  37007
1108  36929
1109  36988
1100  37057
1097  36911
1087  36899
1098  37023
1105  37148
1095  36917
1086  36988
1098  37089
1063  37662
1097  36812
1107  37315
1090  37183
1097  37214
1117  37091
1107  37022
1102  36943
1101  37194
1092  37590
1100  37035
1110  36946
1111  37224
1101  37137
1092  37202
1097  37446
1088  36948
1092  37047
1081  37056
1099  36769
1097  36919
1101  36915
1097  36963
1101  36704
1103  36783
1101  37280
1109  37003
1103  36995
1101  37148
1077  37648
1102  37022
1109  37156
1107  36768
1097  37497
1114  37249
1099  36995
1095  36936
1098  37287
1098  37047

Time taken: 58
