***********CONSTRUÇÃO**************
ANTES | DEPOIS
0.40511   0.222912
0.403734   0.216926
0.403481   0.221143
0.403802   0.219365
0.403448   0.219819
0.404197   0.219322
0.405354   0.220395
0.402994   0.218303
0.40209   0.218613
0.402665   0.218184
0.403889   0.219896
0.404694   0.217268
0.404606   0.221596
0.404742   0.219366
0.405089   0.219492
0.404408   0.220165
0.405855   0.220235
0.404461   0.218094
0.404883   0.218782
0.404322   0.218008
0.403732   0.220935
0.405516   0.216644
0.404714   0.221872
0.40438   0.21992
0.404072   0.219786
0.403413   0.220002
0.404852   0.220259
0.405146   0.21862
0.405049   0.218443
0.403144   0.218145
0.405209   0.220794
0.402828   0.216944
0.40476   0.221661
0.404084   0.218478
0.403852   0.22046
0.406272   0.220218
0.405679   0.220207
0.406616   0.217739
0.403276   0.218963
0.404903   0.218836
0.405354   0.220893
0.404919   0.216574
0.403193   0.221855
0.403794   0.220058
0.404985   0.21955
0.404185   0.219673
0.402808   0.220548
0.403464   0.218207
0.403668   0.218996
0.403357   0.218171
***********BUSCA LOCAL**************
ANTES | DEPOIS
1.17106   0.200613
1.29153   0.194969
1.38281   0.198305
1.28303   0.197323
0.889576   0.197624
0.589494   0.20131
0.888616   0.196631
0.596696   0.198881
0.973114   0.201314
0.483972   0.20221
0.586441   0.200739
0.199119   0.393222
1.28186   0.196786
0.879088   0.198105
0.587717   0.198536
0.875927   0.298569
0.687086   0.200573
0.875158   0.20056
0.883229   0.196248
0.491654   0.200801
0.392737   0.201091
0.586498   0.197382
0.890446   0.203539
0.69003   0.20544
0.582618   0.203433
0.68562   0.195855
0.390949   0.193496
0.583513   0.198344
0.393266   0.198488
0.491795   0.204982
1.08398   0.206295
0.780488   0.193897
0.981837   0.203201
0.996241   0.19573
0.984393   0.191602
0.877102   0.198917
0.581645   0.194648
0.681507   0.198503
0.885105   0.196771
0.591001   0.199142
0.297181   0.194816
0.688251   0.1971
0.683262   0.197607
0.794633   0.19694
0.396127   0.195609
0.482049   0.195968
1.37414   0.194968
0.880231   0.198078
0.396332   0.191039
0.686465   0.198763
