Tamanho    Peso
1090  36285
1101  36482
1103  36632
1098  36448
1099  36595
1099  36554
1101  36509
1090  36528
1098  36573
1099  36474
1091  36433
1097  36494
1105  36652
1101  36593
1096  36542
1100  36576
1101  36482
1095  36487
1101  36555
1098  36508
1093  36374
1099  36433
1103  36528
1104  36661
1098  36550
1103  36537
1100  36439
1095  36513
1097  36607
1096  36488
1089  36310
1098  36487
1104  36579
1100  36508
1100  36680
1107  36624
1101  36583
1091  36522
1099  36555
1102  36498
1093  36360
1096  36490
1102  36628
1101  36518
1097  36524
1100  36471
1103  36399
1092  36528
1098  36526
1097  36500

Time taken: 21
