Tamanho    Peso
1727  57703
1719  57535
1722  57827
1699  58048
1718  57951
1707  57920
1730  57991
1714  58164
1717  57615
1704  57767
1709  57780
1707  57733
1713  58202
1720  57854
1720  57756
1699  57552
1708  57720
1713  58282
1718  58093
1715  57147
1699  57838
1706  57699
1695  58141
1705  57803
1714  57451
1720  57795
1716  58199
1723  57698
1729  58292
1719  57685
1713  57326
1705  57886
1697  57828
1726  57390
1704  58332
1728  58128
1715  58004
1727  58821
1699  57339
1709  58099
1729  58389
1722  57859
1710  57663
1699  57844
1712  57563
1715  57661
1693  58616
1706  58484
1722  57797
1725  57708

Time taken: 195
