***********CONSTRUÇÃO**************
ANTES | DEPOIS
1.6597   1.07193
1.65959   1.0563
1.66686   1.06603
1.65879   1.06686
1.66548   1.07626
1.66381   1.0683
1.65755   1.062
1.65751   1.04782
1.65789   1.06352
1.65742   1.05917
1.65863   1.06242
1.66105   1.06014
1.66317   1.06687
1.65834   1.06348
1.65992   1.07782
1.65794   1.06612
1.6565   1.05818
1.65588   1.05053
1.66026   1.06435
1.66115   1.0549
1.66639   1.06708
1.6585   1.05472
1.66527   1.06296
1.66056   1.06068
1.66005   1.07806
1.65818   1.06812
1.66326   1.0589
1.65717   1.04903
1.6597   1.06428
1.66225   1.05507
1.66443   1.06958
1.6619   1.05715
1.66146   1.06205
1.65872   1.06204
1.66025   1.07894
1.66169   1.06889
1.65941   1.063
1.66209   1.05127
1.66023   1.06225
1.65731   1.05734
1.66289   1.07157
1.6602   1.05795
1.65789   1.06505
1.66378   1.06398
1.65897   1.07665
1.66495   1.07046
1.66038   1.06132
1.65556   1.05156
1.65969   1.06338
1.65859   1.05819
***********BUSCA LOCAL**************
ANTES | DEPOIS
2.16554   0.876339
3.52798   0.87524
2.62539   0.876802
1.75826   0.886592
2.1828   1.75456
1.31183   1.74869
2.63804   0.89152
2.17402   0.888689
3.04783   1.75978
1.75064   0.872733
2.17641   0.899204
1.28049   0.887206
1.32226   0.878294
2.17664   1.75324
2.62434   1.30304
2.17267   0.895297
1.75964   0.873103
1.73683   0.892723
1.73229   0.878347
5.66736   0.890019
2.60747   0.878304
2.61145   0.860343
1.30751   0.888102
2.17861   0.888035
4.798   1.33405
2.18942   0.890214
1.70986   1.30205
3.05674   0.877863
1.30258   0.882761
2.16686   0.885138
3.07889   1.75508
2.17243   0.892002
1.31148   0.879853
3.48588   0.890496
1.3074   0.875682
1.74272   1.75658
2.17638   0.887695
1.32174   0.88923
2.62015   0.877285
1.29089   0.885086
1.30426   0.878906
2.16124   0.891412
3.02406   0.886011
1.75811   0.889668
3.03995   1.74312
2.17312   0.875977
1.29814   0.878361
1.31989   0.887596
2.16361   0.886161
3.05509   0.892406
