Tamanho    Peso
234  7442
256  7426
251  7403
257  7380
234  7351
255  7548
256  7368
259  7497
249  7464
237  7317
253  7390
255  7448
258  7369
261  7561
257  7489
256  7409
256  7533
221  7278
237  7345
254  7350
259  7531
233  7374
256  7557
258  7370
217  6907
258  7509
254  7327
259  7452
255  7475
256  7405
261  7593
257  7511
224  7381
253  7398
258  7491
259  7510
254  7403
255  7398
253  7417
255  7404
260  7654
261  7534
232  7356
256  7521
256  7364
256  7398
254  7406
231  7281
260  7528
259  7418

Time taken: 16
