Tamanho    Peso
1095  35699
1093  35985
1084  36312
1087  35968
1096  36169
1071  36253
1090  35859
1104  35915
1095  36191
1076  36027
1085  36283
1089  36125
1082  36260
1066  35935
1101  35773
1076  36259
1093  36009
1081  35831
1087  36002
1095  36021
1093  36301
1078  36135
1073  36091
1092  36425
1082  36258
1080  36419
1078  36071
1090  35817
1079  35909
1069  35812
1062  35685
1093  36204
1078  35939
1088  36482
1092  36156
1094  36151
1081  35842
1094  36120
1091  35696
1091  35701
1078  36196
1072  35706
1100  36188
1084  36049
1103  36293
1086  36149
1071  36167
1086  35753
1086  35993
1072  36329

Time taken: 54
