77;8;254 264 756 811 960 1008 1190 1225 1592 1614 1734 1931 2631 2818 2860 3057 3422 3425 3796 3900 4054 4147 4181 4182 4467 4542 4553 4578 4706 4731 4800 4844 5514 5535 5619 5658 5936 6068 6072 6116 6242 6272 6416 6464 6726 6745 6958 7211 7444 7458 7521 7532 7612 7632 7682 7777 7784 7805 8403 8413 8761 8807 8813 8862 9090 9123 9488 9540 9722 9772 9863 9866 9957 9985 10038 10046 10061
77;8;254 264 569 756 811 960 1008 1190 1225 1592 1614 1734 1931 2631 2818 2860 3057 3422 3425 3796 3900 4054 4147 4181 4182 4467 4542 4553 4578 4706 4731 4800 4844 5514 5535 5619 5658 5936 6068 6072 6116 6242 6272 6416 6464 6726 6745 6958 7211 7444 7458 7521 7532 7612 7632 7682 7777 7784 7805 8403 8413 8761 8807 8813 8862 9090 9123 9488 9540 9722 9772 9863 9957 9985 10038 10046 10061
77;8;254 264 756 811 960 1008 1190 1225 1592 1614 1734 1931 2631 2818 2860 3057 3422 3425 3796 3900 4054 4147 4181 4182 4467 4542 4553 4578 4706 4731 4800 4844 5514 5535 5619 5658 5936 6068 6072 6116 6242 6272 6416 6464 6726 6745 6958 7211 7444 7458 7521 7532 7612 7632 7682 7777 7784 7805 8403 8413 8761 8807 8813 8862 9090 9123 9488 9540 9722 9772 9863 9909 9957 9985 10038 10046 10061
78;8;254 264 756 811 960 1008 1190 1225 1592 1614 1734 1931 2623 2631 2818 2860 3057 3422 3425 3796 3900 4054 4147 4181 4182 4467 4542 4553 4578 4706 4731 4800 4844 5514 5535 5619 5658 5936 6068 6072 6116 6242 6272 6416 6464 6726 6745 6958 7211 7444 7458 7521 7532 7612 7632 7682 7777 7784 7805 8403 8413 8761 8807 8813 8862 9090 9123 9248 9488 9540 9722 9772 9863 9957 9985 10038 10046 10061
82;8;254 264 756 811 960 1008 1066 1190 1225 1592 1614 1734 1931 2522 2576 2631 2818 2860 3057 3425 3796 3797 3900 4054 4147 4181 4182 4467 4542 4578 4731 4800 4844 5321 5514 5535 5619 5658 5930 5936 6068 6072 6116 6155 6242 6272 6416 6464 6647 6726 6745 6958 7211 7444 7458 7521 7532 7612 7632 7682 7777 7784 7805 8195 8403 8413 8480 8761 8813 8862 9090 9123 9488 9540 9692 9722 9772 9863 9957 9985 10038 10046
82;8;254 264 569 756 811 960 1008 1190 1225 1592 1614 1734 1931 2522 2576 2631 2818 2860 3057 3425 3796 3797 3900 4054 4147 4181 4182 4467 4542 4578 4731 4800 4844 5321 5514 5535 5619 5658 5930 5936 6068 6072 6116 6155 6242 6272 6416 6464 6647 6726 6745 6958 7211 7444 7458 7521 7532 7612 7632 7682 7777 7784 7805 8195 8403 8413 8480 8761 8813 8862 9090 9123 9488 9540 9692 9722 9772 9863 9957 9985 10038 10046
82;8;254 264 756 811 960 1008 1190 1225 1592 1614 1734 1931 2522 2576 2631 2818 2860 3057 3425 3796 3797 3900 4054 4147 4181 4182 4467 4542 4578 4731 4800 4844 5321 5514 5535 5619 5658 5930 5936 6068 6072 6116 6155 6242 6272 6416 6464 6647 6726 6745 6958 7211 7444 7458 7521 7532 7612 7632 7682 7777 7784 7805 8195 8403 8413 8480 8761 8813 8862 9090 9123 9488 9540 9692 9722 9772 9863 9909 9957 9985 10038 10046
83;8;254 264 756 811 960 1008 1046 1190 1225 1592 1614 1734 1931 2522 2576 2631 2818 2860 3057 3425 3796 3797 3900 4054 4147 4181 4182 4467 4542 4578 4731 4800 4844 5321 5514 5535 5619 5658 5930 5936 6068 6072 6116 6155 6242 6272 6416 6464 6647 6726 6745 6958 7211 7444 7458 7521 7532 7612 7632 7682 7777 7784 7805 8195 8403 8413 8480 8761 8813 8862 9090 9123 9488 9540 9692 9722 9772 9863 9957 9985 10038 10046 10047
84;8;254 264 756 811 960 1008 1190 1225 1592 1614 1734 1931 2522 2576 2623 2631 2818 2860 3057 3425 3796 3797 3900 4054 4147 4181 4182 4467 4542 4578 4731 4800 4844 5321 5514 5535 5619 5658 5930 5936 6068 6072 6116 6155 6242 6272 6416 6464 6647 6726 6745 6958 7211 7444 7458 7521 7532 7612 7632 7682 7777 7784 7805 8195 8403 8413 8480 8750 8761 8813 8862 9090 9123 9248 9488 9540 9692 9722 9772 9863 9957 9985 10038 10046
90;8;254 264 756 811 960 1008 1190 1225 1592 1614 1734 1931 2522 2576 2631 2818 2860 3057 3422 3425 3796 3797 3900 4054 4147 4181 4182 4467 4542 4553 4578 4706 4731 4800 4844 5321 5514 5535 5619 5658 5930 5936 6068 6072 6116 6155 6242 6272 6300 6416 6464 6647 6726 6745 6958 7211 7444 7458 7521 7532 7544 7552 7612 7632 7682 7777 7784 7805 8195 8403 8413 8480 8761 8807 8813 8862 9057 9090 9123 9488 9540 9692 9722 9772 9863 9957 9985 10038 10046 10061
