Tamanho    Peso
1088  35361
1091  35594
1094  35678
1092  35772
1087  35608
1084  35509
1095  35680
1088  35618
1091  35598
1093  35595
1095  35703
1089  35623
1086  35538
1094  35642
1086  35449
1089  35527
1087  35702
1083  35560
1088  35640
1084  35582
1083  35493
1084  35400
1096  35606
1094  35624
1090  35612
1081  35626
1092  35649
1093  35656
1093  35674
1091  35556
1090  35378
1090  35636
1086  35653
1080  35520
1099  35598
1085  35573
1098  35662
1090  35699
1095  35648
1086  35432
1091  35538
1099  35644
1091  35582
1096  35618
1094  35653
1089  35584
1094  35630
1085  35448
1096  35646
1090  35479

Time taken: 25
