Tamanho    Peso
1052  34691
1046  34639
1045  34703
1046  34595
1048  34396
1041  34659
1039  34487
1043  34535
1048  34658
1051  34694
1049  34579
1044  34797
1057  34665
1049  34780
1044  34582
1044  34637
1044  34441
1048  34568
1057  34617
1046  34534
1053  34600
1040  34657
1046  34571
1048  34639
1046  34512
1043  34535
1041  34338
1043  34521
1047  34677
1044  34755
1051  34564
1040  34548
1049  34607
1052  34564
1041  34563
1052  34526
1044  34497
1048  34438
1055  34621
1047  34636
1045  34612
1045  34443
1053  34494
1048  34656
1040  34369
1045  34532
1040  34510
1046  34548
1053  34708
1044  34804

Time taken: 27
