Tamanho    Peso
1082  35388
1082  35301
1094  35385
1093  35418
1106  35442
1083  35390
1088  35464
1093  35328
1095  35315
1086  35419
1090  35305
1090  35393
1083  35435
1079  35216
1077  35276
1084  35222
1089  35548
1086  35284
1086  35262
1086  35383
1083  35171
1078  35166
1085  35361
1078  35285
1084  35379
1094  35316
1093  35395
1089  35311
1089  35351
1085  35334
1085  35287
1093  35241
1078  35239
1091  35219
1085  35281
1083  35205
1085  35326
1078  35084
1087  35338
1084  35269
1096  35317
1084  35173
1083  35319
1084  35172
1096  35240
1089  35275
1087  35380
1093  35283
1084  35202
1079  35264

Time taken: 29
