***********CONSTRUÇÃO**************
ANTES | DEPOIS
0.21545   0.183279
0.217909   0.172615
0.216324   0.175206
0.216417   0.176986
0.216456   0.176515
0.216938   0.163628
0.216984   0.176288
0.216562   0.1654
0.21655   0.168565
0.216304   0.177715
0.217887   0.176619
0.219011   0.171623
0.217545   0.174733
0.215765   0.173867
0.215331   0.177221
0.218367   0.163949
0.21711   0.177771
0.218306   0.166025
0.215421   0.168447
0.219019   0.176224
0.216475   0.176426
0.21626   0.172715
0.217432   0.174694
0.218291   0.17479
0.216076   0.176824
0.217548   0.16478
0.219904   0.176578
0.217418   0.165765
0.217091   0.168506
0.218772   0.177241
0.216841   0.178294
0.215431   0.17319
0.21658   0.17637
0.215158   0.174899
0.218631   0.177724
0.220304   0.162961
0.218301   0.177077
0.217245   0.165594
0.215255   0.169238
0.215794   0.176022
0.214918   0.17559
0.218124   0.173318
0.217   0.173884
0.217777   0.175587
0.215915   0.176524
0.217532   0.16445
0.218164   0.176609
0.21508   0.165385
0.217835   0.168909
0.216307   0.17666
***********BUSCA LOCAL**************
ANTES | DEPOIS
0.222964   0.326536
0.226496   0.185836
0.110234   0.190934
0.122421   0.196914
0.115667   0.192706
0.164656   0.237467
0.115379   0.309198
0.242959   0.124241
0.1619   0.233949
0.190298   0.188051
0.111114   0.253138
0.227508   0.190897
0.116891   0.299022
0.242208   0.312892
0.112834   0.192081
0.212501   0.163219
0.180188   0.191614
0.24506   0.180226
0.109889   0.191349
0.122145   0.180999
0.169904   0.250346
0.188021   0.182576
0.121297   0.18327
0.176476   0.188902
0.120195   0.440222
0.098825   0.18039
0.110343   0.188092
0.179821   0.127416
0.248835   0.180893
0.119572   0.200205
0.186611   0.19378
0.130708   0.320114
0.119166   0.500452
0.170287   0.181437
0.105854   0.1924
0.103197   0.128209
0.117635   0.188936
0.125883   0.186859
0.106033   0.115951
0.106617   0.177639
0.102731   0.198413
0.1112   0.191957
0.116029   0.194176
0.184643   0.182799
0.121105   0.183545
0.118882   0.124626
0.116226   0.196372
0.101142   0.177121
0.115074   0.240058
0.119924   0.185451
