Tamanho    Peso
241  9031
228  8887
253  9520
262  9618
265  9721
225  8798
272  10194
253  9399
242  8949
265  9967
263  9835
275  10114
256  9415
258  9556
270  9997
223  8556
260  10020
258  9380
256  9347
258  9884
264  10039
251  9571
268  9955
246  9620
255  9710
231  8667
251  9400
254  9364
238  9094
254  9760
265  9874
263  9605
266  9798
258  9662
252  9755
250  9566
248  9193
249  9592
259  9591
260  9981
265  10008
261  10100
269  9907
274  10260
245  9039
250  9329
244  9366
213  8271
246  9384
263  9760

Time taken: 19
