Tamanho    Peso
1040  32795
1040  33030
1031  32698
1036  32925
1033  32728
1039  32920
1034  32674
1034  32704
1034  32740
1031  32784
1039  32862
1034  32817
1034  32779
1037  32834
1034  32863
1033  32840
1036  32744
1033  32744
1033  32731
1032  32702
1040  32925
1039  32985
1038  32843
1036  32770
1036  32779
1034  32741
1030  32846
1034  32789
1032  32771
1033  32722
1037  32800
1034  32763
1039  32881
1037  32986
1033  32660
1037  33041
1034  32747
1033  32800
1034  32736
1031  32729
1040  32956
1037  33075
1031  32809
1037  32747
1036  32797
1037  32818
1035  32739
1032  32757
1034  32609
1036  32893

Time taken: 28
