44;7;232 445 565 768 852 1571 1619 1931 2164 2185 2357 2580 3279 3342 3415 3418 3602 3774 4109 4125 4373 4546 4647 4838 4983 5261 5626 5917 5939 5958 6368 6831 6881 7678 7826 7938 9418 9597 9779 9960 9987 10071 10191 10230
44;7;232 445 768 852 1571 1619 1931 2164 2185 2357 2580 3279 3342 3415 3418 3602 3774 4109 4125 4373 4546 4647 4838 4983 5261 5626 5917 5939 5958 6368 6831 6881 7678 7826 7938 9418 9597 9629 9779 9960 9987 10071 10191 10230
44;7;232 445 768 852 1571 1619 1931 2164 2185 2357 2580 3279 3342 3415 3418 3774 4109 4125 4373 4546 4647 4838 4983 5137 5261 5626 5917 5958 6368 6831 6881 7678 7826 7938 8224 9418 9597 9629 9779 9960 9987 10071 10191 10230
45;7;232 445 560 768 852 1571 1619 1931 2164 2185 2357 2580 3279 3342 3415 3602 3774 4109 4125 4190 4373 4546 4647 4838 4983 5261 5626 5895 5917 5939 5958 6368 6831 6881 7678 7826 7938 9418 9597 9779 9960 9987 10071 10191 10230
45;7;232 445 768 852 1571 1619 1931 2164 2185 2357 2580 3170 3279 3342 3415 3602 3774 4109 4125 4190 4373 4500 4546 4647 4838 4983 5261 5626 5917 5939 5958 6368 6831 6881 7678 7826 7938 9418 9597 9779 9960 9987 10071 10191 10230
45;7;232 445 565 768 852 1571 1619 1931 2164 2185 2357 2580 3279 3342 3415 3418 3774 4109 4125 4373 4546 4647 4838 4983 5137 5261 5626 5917 5958 6368 6831 6881 7678 7826 7938 8224 9418 9429 9597 9779 9960 9987 10071 10191 10230
45;7;232 445 768 852 1571 1619 1931 2164 2185 2357 2580 3279 3342 3415 3602 3774 4109 4125 4373 4546 4647 4838 4983 5137 5261 5626 5917 5939 5958 6368 6831 6881 7678 7826 7938 8224 9418 9429 9597 9779 9960 9987 10071 10191 10230
45;7;232 445 768 852 1571 1619 1931 2164 2185 2357 2580 3279 3342 3415 3602 3774 4109 4125 4190 4373 4546 4647 4838 4983 5137 5261 5626 5917 5939 5958 6368 6831 6881 7678 7826 7938 8224 9418 9597 9779 9960 9987 10071 10191 10230
45;7;232 445 768 852 1571 1619 1931 2164 2185 2357 2580 3279 3342 3415 3602 3774 4109 4125 4373 4546 4647 4838 4983 5137 5261 5626 5917 5939 5958 6368 6831 6881 7678 7826 7938 8224 9418 9597 9629 9779 9960 9987 10071 10191 10230
46;7;232 363 445 768 852 1571 1619 1931 2164 2185 2357 2580 3279 3342 3415 3418 3602 3774 4109 4125 4373 4546 4647 4838 4983 5137 5261 5626 5917 5939 5958 6368 6831 6881 7678 7826 7938 8224 9418 9597 9779 9960 9987 10071 10191 10230
