***********CONSTRUÇÃO**************
ANTES | DEPOIS
0.402753   0.221659
0.4015   0.222795
0.401116   0.22192
0.403226   0.220602
0.40153   0.222951
0.400386   0.220155
0.402527   0.22229
0.402212   0.222514
0.402855   0.219207
0.40312   0.220976
0.403583   0.217883
0.401678   0.221823
0.40031   0.22126
0.401007   0.221259
0.401873   0.221239
0.400668   0.21817
0.400508   0.222106
0.401913   0.222604
0.399766   0.220701
0.399242   0.220794
0.401274   0.219191
0.40235   0.222484
0.402078   0.221349
0.399391   0.220832
0.400589   0.222088
0.402304   0.219604
0.400648   0.22232
0.400956   0.223719
0.401757   0.220652
0.402144   0.221407
0.401622   0.219726
0.401106   0.221677
0.4012   0.222017
0.401345   0.220327
0.401436   0.222206
0.401959   0.219362
0.400153   0.22232
0.400402   0.22287
0.400675   0.220139
0.402333   0.220795
0.400572   0.218492
0.402541   0.22088
0.399525   0.221501
0.398777   0.220914
0.401454   0.222556
0.400974   0.218727
0.401417   0.222544
0.402023   0.222938
0.401126   0.219417
0.402374   0.221421
***********BUSCA LOCAL**************
ANTES | DEPOIS
1.05854   0.291207
0.574085   0.194583
0.583664   0.389592
0.68053   0.197559
0.28475   0.291799
0.486715   0.296629
0.780089   0.291745
0.771841   0.197025
0.770818   0.196547
0.48298   0.194927
0.683205   0.195744
0.58428   0.193331
0.786451   0.193661
0.679894   0.198411
0.386279   0.19075
0.388632   0.19731
0.980904   0.196062
0.580535   0.192851
0.481709   0.19387
0.486141   0.190553
0.784064   0.19689
0.677021   0.200513
1.06713   0.190501
0.682387   0.197742
0.380233   0.289796
0.393117   0.190578
0.389434   0.199956
0.485804   0.19526
0.486631   0.195675
0.961102   0.394516
0.775548   0.195376
0.776741   0.190946
0.676081   0.285405
0.876863   0.194278
0.973839   0.28711
0.67616   0.195752
0.683527   0.192104
0.673741   0.194507
0.481314   0.19688
0.489986   0.294697
0.778891   0.197029
0.390077   0.191699
0.86839   0.194341
0.677036   0.189509
0.674076   0.291145
0.585863   0.19675
0.768542   0.28636
1.05966   0.187493
0.391053   0.19032
0.487167   0.390352
