Tamanho    Peso
253  9195
245  8987
244  9170
251  9207
238  8673
238  8599
240  8679
249  9062
239  8999
236  8541
251  9171
242  9050
243  9125
255  9364
240  8713
236  8531
241  8685
247  9050
236  8877
236  8643
251  9266
247  8992
246  9223
255  9380
239  8689
234  8580
238  8683
248  9142
239  8951
236  8553
248  9205
243  9007
241  9081
254  9377
238  8792
232  8484
238  8662
245  9150
243  9230
235  8535
251  9295
245  9040
244  9209
231  8727
240  8779
236  8497
235  8604
239  8969
238  9057
239  8546

Time taken: 14
