Tamanho    Peso
1095  34397
1094  34374
1093  34413
1091  34321
1095  34357
1090  34272
1092  34262
1099  34379
1095  34123
1084  34190
1096  34440
1088  34281
1089  34317
1093  34336
1095  34370
1095  34267
1090  34152
1097  34465
1091  34189
1090  34307
1091  34321
1093  34353
1096  34336
1090  34328
1095  34432
1093  34252
1089  34170
1099  34387
1094  34199
1090  34285
1100  34403
1090  34427
1089  34329
1087  34322
1097  34407
1090  34273
1086  34225
1092  34208
1092  34116
1090  34362
1097  34394
1086  34345
1090  34331
1090  34225
1099  34352
1094  34346
1093  34275
1098  34353
1089  34132
1086  34326

Time taken: 28
