***********CONSTRUÇÃO**************
ANTES | DEPOIS
1.73382   1.66741
1.71798   1.65211
1.71957   1.67736
1.72086   1.64803
1.72726   1.66642
1.71672   1.66545
1.72273   1.66975
1.72225   1.66214
1.72585   1.63616
1.71513   1.67771
1.72431   1.66537
1.71805   1.63757
1.71977   1.66603
1.72327   1.64356
1.73082   1.67468
1.73314   1.67008
1.73559   1.66868
1.70982   1.6699
1.72651   1.63145
1.71751   1.6741
1.71811   1.66851
1.71945   1.64021
1.71235   1.66185
1.72769   1.63688
1.72311   1.66498
1.72366   1.66736
1.71453   1.67502
1.72447   1.67092
1.7229   1.63938
1.72015   1.66665
1.71711   1.66504
1.71515   1.63492
1.71142   1.6673
1.71958   1.64185
1.71245   1.67686
1.71235   1.67159
1.72393   1.67894
1.72308   1.66629
1.7165   1.64515
1.71648   1.67485
1.73312   1.68106
1.72314   1.65337
1.71968   1.67084
1.71242   1.63908
1.72449   1.67108
1.71435   1.66844
1.72184   1.67194
1.71125   1.67296
1.72306   1.63637
1.71737   1.66685
***********BUSCA LOCAL**************
ANTES | DEPOIS
2.17884   3.91188
1.60081   1.60668
1.5874   1.69599
1.71905   1.63709
1.64656   2.13273
2.80032   2.76848
1.75367   1.65389
2.71756   1.74324
1.64928   1.58
2.28113   1.66673
1.52889   1.63326
1.65189   2.21547
1.692   1.65504
2.08629   2.07074
1.59581   1.55201
2.25213   1.56351
2.27264   1.57981
2.20961   1.60091
1.66644   1.62902
1.65871   1.62147
1.69129   1.65164
1.55651   1.5956
1.68212   2.67271
2.73867   1.69456
1.67494   1.62447
1.60899   1.55903
1.67832   1.67082
1.6531   2.69942
3.37139   1.56578
1.57407   1.63162
3.8943   1.57044
1.58466   1.7408
1.6014   1.65823
2.64656   2.09659
4.44798   2.68114
1.59342   1.54301
1.63467   1.61113
1.6127   2.83897
3.36871   1.64016
1.52665   1.6054
1.5654   1.5691
1.71427   1.5427
1.59015   1.61605
1.672   1.66974
1.55862   1.55234
1.65651   1.54078
1.58081   1.66214
1.64399   1.52455
1.56613   1.70468
1.69378   1.57648
