Tamanho    Peso
1055  34850
1075  34947
1067  34849
1061  34991
1068  35020
1069  34914
1070  34994
1061  34742
1073  34890
1065  35077
1057  34981
1072  34958
1072  34972
1067  34853
1058  34956
1072  34999
1073  34937
1067  34911
1058  34994
1066  34961
1071  35177
1070  34973
1065  34993
1061  34730
1068  34797
1067  34926
1068  34808
1064  34893
1066  34935
1067  35105
1074  34954
1066  34989
1070  34960
1065  35072
1062  34989
1060  35000
1072  34914
1066  34906
1062  34890
1069  34939
1074  35033
1059  34889
1072  34981
1056  34969
1067  34871
1068  35102
1073  35051
1068  34822
1067  35027
1068  35152

Time taken: 27
