Tamanho    Peso
1076  35495
1085  35275
1059  35811
1083  35619
1080  35358
1084  35390
1091  35423
1080  35404
1074  35567
1082  35540
1088  35615
1092  35200
1078  35551
1079  35359
1091  35263
1089  35295
1083  35660
1077  35311
1085  35400
1093  35390
1081  35222
1085  35403
1079  35532
1064  35703
1087  35563
1078  35370
1064  35650
1073  35386
1090  35382
1090  35492
1082  35249
1086  35534
1089  35474
1087  35347
1088  35435
1083  35322
1086  35352
1089  35438
1083  35444
1072  35818
1076  35273
1092  35495
1093  35383
1078  35445
1082  35481
1081  35403
1081  35348
1089  35168
1076  35165
1069  35612

Time taken: 56
