Tamanho    Peso
1746  56793
1752  56352
1733  57242
1748  56775
1734  56577
1721  56517
1735  56528
1742  55968
1738  56676
1745  56935
1728  56751
1747  56414
1729  56491
1736  57058
1727  56901
1717  57197
1740  56635
1742  56695
1760  56637
1724  56375
1734  56734
1769  56749
1742  56854
1741  56380
1746  56709
1730  56410
1726  56910
1728  56864
1730  56879
1750  56787
1738  56357
1731  56837
1742  56448
1732  57048
1742  56893
1721  56699
1738  57207
1733  56243
1737  56515
1721  56963
1736  56819
1720  57277
1724  56890
1740  56699
1728  56559
1733  56629
1737  56592
1733  56354
1744  57096
1740  56519

Time taken: 216
