***********CONSTRUÇÃO**************
ANTES | DEPOIS
1.64958   1.04756
1.65281   1.04484
1.65738   1.04595
1.65452   1.04376
1.65401   1.0435
1.6532   1.03737
1.65661   1.04148
1.65431   1.04134
1.65635   1.04432
1.65387   1.04342
1.65523   1.03954
1.65636   1.04395
1.65603   1.04337
1.65773   1.04404
1.65738   1.04562
1.65851   1.03814
1.65586   1.03973
1.65395   1.04301
1.6541   1.04245
1.6562   1.04317
1.65617   1.04093
1.65571   1.04226
1.65118   1.04547
1.65214   1.04612
1.65804   1.04473
1.65379   1.03863
1.64837   1.0382
1.65094   1.04191
1.65617   1.04635
1.65701   1.04415
1.65048   1.0438
1.65645   1.04341
1.65379   1.04594
1.65552   1.04402
1.65705   1.04322
1.65513   1.03909
1.65836   1.04118
1.65545   1.04315
1.65297   1.0436
1.65273   1.04436
1.6528   1.04119
1.65592   1.04022
1.65253   1.04448
1.6517   1.04539
1.65098   1.04233
1.66026   1.03812
1.65247   1.0405
1.65416   1.04363
1.64939   1.04328
1.65502   1.04316
***********BUSCA LOCAL**************
ANTES | DEPOIS
2.12776   0.859146
3.44228   0.883652
1.28031   0.870083
3.46143   0.885674
2.99845   0.863171
2.55111   0.878585
2.99769   0.872136
3.01569   0.878906
1.69913   0.873547
2.15942   0.87784
1.70994   0.880568
2.99904   0.864315
3.44502   0.864198
1.70847   0.860771
2.57406   0.860598
1.70087   0.883087
3.03178   0.865027
2.12839   0.881223
3.87615   0.868612
3.01304   0.873412
2.15056   0.881142
3.84484   0.869561
2.60277   0.871832
2.54415   0.868545
4.29131   0.873172
3.02152   0.885721
2.15167   0.87205
2.57473   0.884181
2.17318   0.868171
3.00976   0.877714
2.15542   0.872984
2.57029   0.872735
2.98351   0.874903
1.72471   0.871324
2.15429   0.876311
2.57391   0.87245
2.13252   0.874016
2.12471   0.870705
3.00495   0.869987
1.69981   0.872351
3.00333   0.880344
1.29071   0.891194
1.72903   0.881662
2.97948   0.873659
2.58583   0.875485
2.99131   0.878989
3.87097   0.86338
3.86733   0.876432
2.58398   0.876395
4.32238   0.886761
