Tamanho    Peso
283  8977
237  8810
284  9065
277  8853
241  8391
277  8996
276  8725
278  8962
253  8704
287  9215
248  8710
238  8683
280  9219
252  8839
249  8546
275  8981
281  9315
279  9162
240  8697
280  8865
271  8891
279  9065
242  8745
278  8920
277  9096
249  8850
236  8473
251  8765
281  8975
238  8444
251  8576
272  9017
241  8852
250  8975
274  8774
279  8901
274  9059
274  8953
243  8891
286  9185
270  8985
280  8879
277  8972
274  8766
244  8741
244  8895
275  8879
239  8358
275  8773
252  9041

Time taken: 18
