***********CONSTRUÇÃO**************
ANTES | DEPOIS
0.217181   0.177562
0.215706   0.178266
0.215972   0.176126
0.215201   0.179429
0.216358   0.175532
0.218095   0.173723
0.217035   0.174119
0.217529   0.179566
0.217434   0.173868
0.218303   0.172784
0.216581   0.172691
0.216045   0.176113
0.21865   0.177785
0.217533   0.177675
0.218383   0.175568
0.216769   0.173056
0.217111   0.175136
0.21643   0.178743
0.216499   0.174394
0.217729   0.172624
0.215052   0.171465
0.218054   0.178525
0.215371   0.177967
0.215977   0.179543
0.217574   0.173918
0.214042   0.17462
0.218402   0.175233
0.217691   0.177529
0.216039   0.172325
0.217275   0.172096
0.216052   0.172208
0.21804   0.178731
0.21698   0.17868
0.215668   0.178317
0.215838   0.174362
0.215472   0.17437
0.215788   0.173723
0.215877   0.178966
0.21696   0.172551
0.218818   0.173205
0.215211   0.172855
0.217895   0.175898
0.215917   0.177339
0.216354   0.178203
0.216473   0.173768
0.214813   0.174255
0.215252   0.174288
0.217549   0.178779
0.216098   0.171469
0.218006   0.172058
***********BUSCA LOCAL**************
ANTES | DEPOIS
0.107879   0.184174
0.17511   0.188319
0.123249   0.188718
0.1127   0.19053
0.218734   0.316858
0.124986   0.184064
0.121715   0.256833
0.122306   0.187396
0.234705   0.186581
0.126671   0.182965
0.186892   0.259188
0.174321   0.381044
0.106755   0.195607
0.172084   0.182188
0.235154   0.187027
0.117702   0.189281
0.122501   0.181293
0.109225   0.186224
0.184124   0.190099
0.11564   0.188635
0.116683   0.192411
0.117837   0.376437
0.166062   0.186206
0.120136   0.185137
0.126858   0.187349
0.174786   0.184358
0.178889   0.179677
0.18671   0.185434
0.125089   0.1835
0.235695   0.18433
0.166234   0.180785
0.12283   0.185806
0.2364   0.189373
0.184576   0.179167
0.120769   0.17685
0.12855   0.196361
0.118886   0.313845
0.120817   0.321126
0.174208   0.196109
0.112174   0.18257
0.110863   0.18021
0.113934   0.189511
0.122607   0.193246
0.112564   0.189418
0.23719   0.185048
0.168598   0.189493
0.125425   0.247564
0.235298   0.185182
0.11319   0.186218
0.229994   0.182169
