115;7;0 19 23 42 47 115 116 167 179 227 310 324 401 404 414 531 534 538 556 577 594 595 600 615 616 678 858 871 877 904 912 955 1115 1170 1200 1238 1253 1266 1360 1387 1453 1544 1684 1687 1761 1818 1831 1912 1919 1920 1985 2122 2138 2171 2210 2260 2331 2437 2642 2656 2750 2844 2901 2914 2947 2951 2960 3010 3020 3054 3068 3079 3158 3159 3162 3178 3180 3254 3256 3301 3320 3404 3459 3511 3531 3551 3571 3579 3581 3602 3611 3639 3662 3669 3705 3743 3785 3837 3870 3883 3897 3898 3908 3917 3954 3966 3980 3986 3987 3991 4016 4018 4020 4021 4038
116;7;0 19 23 41 42 47 115 116 167 179 227 310 320 324 401 404 414 531 538 556 577 594 600 615 616 678 858 871 877 904 912 955 1003 1040 1063 1115 1170 1200 1238 1253 1266 1336 1360 1387 1540 1544 1684 1687 1761 1781 1831 1912 1919 1920 1985 2122 2138 2171 2210 2260 2437 2642 2656 2660 2750 2844 2901 2906 2914 2947 2951 2960 2988 3010 3020 3054 3068 3079 3158 3159 3162 3178 3180 3254 3256 3301 3404 3531 3551 3571 3579 3581 3602 3639 3662 3669 3705 3743 3785 3837 3870 3883 3897 3898 3908 3917 3954 3966 3980 3986 3987 3991 4018 4020 4021 4038
116;7;0 19 23 41 42 47 115 116 167 179 227 310 324 339 401 404 414 531 538 556 577 594 600 615 616 678 858 871 877 904 912 955 1003 1063 1115 1170 1200 1238 1253 1266 1336 1360 1387 1453 1540 1544 1684 1687 1761 1781 1831 1912 1919 1920 1985 2122 2138 2171 2210 2260 2437 2642 2656 2750 2844 2901 2914 2947 2951 2960 2988 3010 3020 3054 3068 3079 3158 3159 3162 3178 3180 3254 3256 3301 3404 3511 3531 3551 3571 3579 3581 3602 3611 3639 3662 3669 3705 3743 3785 3837 3870 3883 3897 3898 3908 3917 3954 3966 3980 3986 3987 3991 4018 4020 4021 4038
116;7;0 19 23 41 42 47 115 116 139 167 179 227 272 307 310 324 401 404 414 531 538 556 577 594 600 615 616 678 858 871 877 904 912 955 1003 1063 1115 1170 1200 1238 1253 1266 1336 1360 1387 1540 1544 1684 1687 1761 1781 1831 1912 1919 1920 1985 2122 2138 2171 2210 2260 2353 2437 2642 2656 2750 2844 2901 2914 2947 2951 2960 2988 3010 3020 3054 3068 3079 3158 3159 3162 3178 3180 3254 3256 3301 3404 3531 3551 3571 3579 3581 3602 3639 3662 3669 3705 3743 3785 3837 3870 3883 3897 3898 3908 3917 3954 3966 3980 3986 3987 3991 4018 4020 4021 4038
116;7;0 19 23 42 47 115 116 167 179 227 310 324 401 404 414 531 534 538 556 577 594 595 600 615 616 678 858 871 877 904 912 955 1115 1170 1200 1238 1253 1266 1360 1387 1525 1544 1684 1687 1761 1818 1831 1912 1919 1920 1985 2122 2138 2171 2210 2255 2260 2331 2437 2642 2656 2750 2844 2901 2914 2947 2951 2960 3010 3020 3054 3068 3079 3158 3159 3162 3178 3180 3254 3256 3271 3301 3320 3377 3404 3459 3531 3551 3571 3579 3581 3602 3639 3662 3669 3705 3743 3785 3837 3870 3883 3897 3898 3908 3917 3954 3966 3980 3986 3987 3991 4016 4018 4020 4021 4038
116;7;0 19 23 42 47 115 116 139 167 179 227 272 307 310 324 401 404 414 531 534 538 556 577 594 595 600 615 616 678 858 871 877 904 912 955 1115 1170 1200 1238 1253 1266 1360 1387 1544 1684 1687 1761 1818 1831 1912 1919 1920 1985 2122 2138 2171 2210 2260 2331 2353 2437 2642 2656 2750 2844 2901 2914 2947 2951 2960 3010 3020 3054 3068 3079 3158 3159 3162 3178 3180 3254 3256 3301 3320 3404 3459 3531 3551 3571 3579 3581 3602 3639 3662 3669 3705 3743 3785 3837 3870 3883 3897 3898 3908 3917 3954 3966 3980 3986 3987 3991 4016 4018 4020 4021 4038
116;7;0 19 23 42 47 115 116 167 179 227 310 324 401 404 414 531 534 538 556 577 594 595 600 615 616 678 858 871 877 904 912 955 1115 1170 1200 1238 1253 1266 1360 1387 1434 1544 1613 1684 1687 1761 1818 1831 1912 1919 1920 1985 2122 2138 2171 2210 2260 2331 2437 2642 2656 2750 2844 2901 2914 2947 2951 2960 3010 3020 3054 3068 3079 3145 3158 3159 3162 3178 3180 3254 3256 3301 3320 3404 3459 3531 3551 3571 3579 3581 3602 3639 3662 3669 3695 3705 3743 3785 3837 3870 3883 3897 3898 3908 3917 3954 3966 3980 3986 3987 3991 4016 4018 4020 4021 4038
117;7;0 19 23 41 42 47 115 116 167 179 227 310 324 401 404 414 531 538 556 577 594 600 615 616 678 858 871 877 904 912 955 1003 1063 1115 1170 1200 1238 1253 1266 1336 1360 1387 1434 1540 1544 1684 1687 1761 1781 1831 1912 1919 1920 1985 2122 2138 2171 2210 2260 2437 2642 2656 2750 2844 2901 2914 2947 2951 2960 2988 3010 3020 3054 3068 3079 3116 3145 3158 3159 3162 3178 3180 3254 3256 3301 3354 3404 3531 3551 3571 3579 3581 3602 3639 3662 3669 3695 3705 3743 3785 3837 3870 3883 3897 3898 3908 3917 3954 3966 3980 3986 3987 3991 4018 4020 4021 4038
118;7;0 19 23 42 47 115 116 167 179 227 310 320 324 343 401 404 414 509 531 534 538 556 577 594 595 600 615 616 678 858 871 877 904 912 955 1040 1115 1170 1200 1238 1253 1266 1360 1387 1544 1684 1687 1761 1818 1831 1912 1919 1920 1985 2122 2138 2171 2210 2260 2331 2437 2642 2656 2660 2750 2844 2901 2906 2914 2947 2951 2960 3010 3020 3054 3068 3079 3158 3159 3162 3178 3180 3254 3256 3301 3320 3404 3459 3531 3551 3571 3579 3581 3602 3639 3662 3669 3705 3743 3785 3837 3870 3883 3897 3898 3908 3917 3954 3966 3980 3986 3987 3991 4016 4018 4020 4021 4038
120;7;0 19 23 41 42 47 115 116 167 179 227 310 324 401 404 414 531 534 538 556 577 594 595 600 615 616 678 858 871 877 904 912 955 1003 1063 1115 1170 1200 1238 1253 1266 1336 1360 1387 1540 1544 1684 1687 1761 1781 1818 1831 1912 1919 1920 1985 2122 2138 2171 2210 2260 2331 2437 2642 2656 2743 2750 2844 2901 2914 2947 2951 2960 2988 3010 3020 3054 3068 3079 3158 3159 3162 3178 3180 3254 3256 3301 3320 3404 3459 3531 3551 3571 3579 3581 3602 3639 3662 3669 3705 3743 3785 3837 3870 3883 3897 3898 3908 3917 3954 3966 3980 3986 3987 3991 4016 4018 4020 4021 4038
