***********CONSTRUÇÃO**************
ANTES | DEPOIS
0.471279   0.303076
0.472131   0.298017
0.474584   0.296082
0.471544   0.299454
0.472757   0.296847
0.473057   0.298926
0.471906   0.297433
0.472336   0.300407
0.471904   0.296456
0.473625   0.29742
0.472249   0.299088
0.472466   0.297865
0.471282   0.296433
0.472534   0.300747
0.471195   0.294573
0.472118   0.297319
0.472589   0.296522
0.473826   0.301016
0.472587   0.296906
0.472116   0.295141
0.473833   0.299218
0.473922   0.300619
0.472586   0.297238
0.471289   0.299744
0.471317   0.29714
0.473193   0.299028
0.47258   0.296826
0.472016   0.301838
0.472435   0.297054
0.470738   0.297382
0.472297   0.29942
0.471695   0.297446
0.472487   0.296095
0.472909   0.2998
0.472974   0.296089
0.473163   0.298333
0.47031   0.297387
0.472258   0.30144
0.474276   0.297242
0.472413   0.298315
0.470337   0.300039
0.470926   0.298328
0.473281   0.297753
0.472326   0.298642
0.471756   0.296212
0.473711   0.29726
0.470978   0.297045
0.471108   0.299587
0.472732   0.298286
0.471778   0.295614
***********BUSCA LOCAL**************
ANTES | DEPOIS
0.362911   0.355676
0.606519   0.243834
0.606903   0.242868
0.727093   0.365328
1.2057   0.240354
0.592598   0.482764
0.963334   0.244864
0.717097   0.242691
1.21286   0.244627
0.481964   0.235678
0.721273   0.613757
0.361551   0.482023
0.593519   0.234169
0.480363   0.370815
0.601821   0.244045
0.600597   0.239581
0.359353   0.247613
0.841928   0.245043
1.19668   0.251195
0.477961   0.243357
0.604275   0.246849
0.958765   0.246967
0.605929   0.240501
0.842373   0.367589
0.719898   0.248195
0.725947   0.373395
0.600663   0.235456
0.963336   0.361568
0.722569   0.23908
0.469681   0.240432
0.362253   0.249463
1.45913   0.242928
0.480702   0.243652
0.47106   0.729111
0.957234   0.242555
0.355874   0.245924
0.599541   0.245786
0.841677   0.602771
0.965288   0.246142
1.22716   0.236843
0.359629   0.473648
0.836403   0.235705
1.08038   0.242601
0.72627   0.250292
0.716562   0.243076
0.603439   0.240999
0.606823   0.241803
0.966728   0.48419
0.478851   0.240823
0.839609   0.24028
