Tamanho    Peso
1032  32862
1037  32842
1036  32947
1039  32905
1038  32666
1029  32636
1036  32803
1036  32967
1034  32703
1042  32871
1035  32822
1023  32735
1032  32811
1027  32940
1035  32856
1031  32651
1033  32790
1043  33016
1034  32626
1038  32722
1038  32872
1044  32916
1039  32948
1041  32936
1041  32893
1042  32860
1037  32669
1039  33096
1036  32731
1036  32706
1032  32845
1037  32820
1037  32892
1036  32881
1034  32678
1041  32976
1040  32799
1028  32897
1035  32728
1041  32915
1028  32872
1037  32876
1044  32934
1036  32879
1036  32723
1030  32643
1034  32678
1038  32936
1040  32943
1037  32711

Time taken: 30
