Tamanho    Peso
1025  33421
1040  33334
1037  33283
1038  32981
1027  32982
1036  33101
1051  33435
1029  33260
1038  32999
1031  33105
1037  32857
1045  33676
1049  33364
1043  33658
1039  33110
1052  33254
1031  33343
1050  33287
1043  33200
1032  33096
1046  33291
1047  33342
1045  33223
1032  33241
1046  33268
1040  33004
1052  33271
1046  33151
1038  33121
1037  33025
1041  33591
1041  33100
1027  33333
1039  33277
1041  33159
1030  33465
1032  33219
1045  33300
1046  33025
1042  33242
1038  33394
1048  33495
1039  33184
1041  33182
1043  33156
1049  33386
1043  33040
1047  33162
1040  33011
1045  32928

Time taken: 59
