***********CONSTRUÇÃO**************
ANTES | DEPOIS
1.82242   1.69751
1.82024   1.68163
1.81886   1.71046
1.81646   1.70379
1.82661   1.6917
1.81754   1.70574
1.8219   1.67369
1.81262   1.70114
1.81889   1.68092
1.81625   1.7029
1.82156   1.69735
1.81362   1.69036
1.81846   1.7001
1.81773   1.69831
1.81456   1.69102
1.81803   1.70555
1.81627   1.67742
1.81778   1.70205
1.82068   1.68442
1.81719   1.70095
1.81992   1.69056
1.81447   1.68729
1.81794   1.70102
1.81575   1.71071
1.82264   1.68942
1.82228   1.70567
1.81794   1.67757
1.82129   1.69778
1.81935   1.68281
1.82014   1.69504
1.81443   1.69276
1.81803   1.68176
1.82356   1.71027
1.81664   1.70762
1.81579   1.68775
1.81998   1.70489
1.82222   1.67447
1.82201   1.69978
1.81587   1.68326
1.81699   1.70099
1.81488   1.68962
1.81961   1.68969
1.81604   1.70464
1.8207   1.70925
1.81484   1.68807
1.8174   1.69848
1.81844   1.67082
1.81789   1.70301
1.81636   1.68307
1.81847   1.70014
***********BUSCA LOCAL**************
ANTES | DEPOIS
1.22268   2.49599
1.24412   1.26256
1.25608   1.82973
1.21509   2.493
1.84192   1.86826
1.22401   2.44422
1.21982   1.86663
1.80692   1.86298
1.20381   1.25006
1.21707   1.82056
1.23677   3.08982
1.23022   1.88815
1.22276   2.47452
1.2176   1.84369
1.1944   3.72532
1.19645   2.46904
1.19889   1.8521
1.21577   3.13054
1.84225   1.85287
1.81732   1.83146
1.20863   1.85302
1.1887   1.882
1.80166   1.86004
1.20665   1.88008
1.20659   1.84805
1.20961   1.83801
1.18454   1.82364
2.40672   1.83969
1.24987   1.82416
1.22223   1.87378
2.38355   2.49845
1.21447   1.85927
1.18229   1.84059
1.21261   1.87818
1.24309   1.86576
1.23388   2.46036
1.25243   2.51567
2.42223   1.84288
1.19975   1.88044
1.22748   1.86033
1.2336   1.86926
1.2665   1.88125
1.21468   1.88209
1.22922   1.86559
1.82704   1.82689
2.46197   5.0019
1.19281   1.26105
1.23837   1.82422
1.82397   1.86479
1.20207   1.83214
