Tamanho    Peso
286  8398
260  8054
285  8323
282  8193
285  8365
286  8395
285  8325
289  8394
279  8270
258  8343
254  8280
283  8314
288  8386
295  8413
275  8268
284  8349
284  8328
246  8145
284  8267
280  8255
260  8231
284  8416
284  8391
285  8258
286  8292
287  8444
284  8267
290  8409
283  8276
282  8302
281  8230
288  8297
253  8033
247  8084
288  8564
246  8137
257  8150
281  8239
287  8269
284  8333
284  8234
287  8273
289  8371
287  8382
285  8316
284  8351
280  8371
257  7966
280  8290
281  8220

Time taken: 18
