Tamanho    Peso
1061  34801
1063  35013
1060  34948
1063  34861
1069  35065
1053  34944
1065  34768
1059  34573
1068  35071
1061  34753
1063  34944
1047  34607
1052  34561
1061  34987
1078  34959
1057  34863
1063  35130
1059  34970
1059  34794
1059  34730
1055  34697
1069  34879
1058  34763
1054  34880
1051  34759
1052  35001
1070  34996
1070  34912
1054  34733
1060  34984
1061  35103
1063  34747
1058  34981
1067  34878
1053  35030
1059  34850
1064  35028
1048  34931
1052  34796
1067  34983
1070  34930
1056  35101
1067  35079
1077  34915
1052  34911
1046  34787
1048  34522
1066  34855
1063  35245
1063  35089

Time taken: 62
