Tamanho    Peso
1049  34614
1047  34415
1051  34414
1054  34659
1053  34313
1044  34372
1049  34583
1047  34409
1043  34555
1046  34424
1043  34289
1050  34510
1049  34368
1058  34527
1046  34404
1045  34448
1049  34507
1048  34277
1041  34506
1055  34285
1049  34496
1043  34269
1048  34395
1058  34531
1051  34322
1045  34507
1048  34499
1057  34455
1049  34614
1049  34517
1050  34508
1048  34357
1052  34360
1049  34634
1051  34298
1050  34412
1049  34455
1054  34437
1051  34450
1049  34398
1051  34422
1047  34363
1048  34402
1052  34495
1056  34358
1044  34267
1049  34527
1047  34409
1051  34467
1052  34509

Time taken: 27
