Tamanho    Peso
97  3669
101  3760
90  3412
97  3639
100  3889
124  4604
93  3455
107  3847
95  3615
102  4026
107  3845
94  3385
105  4182
94  3465
115  4497
99  3535
115  4461
96  3733
98  3655
92  3640
106  3957
101  3512
84  3281
98  3922
124  4569
97  3598
113  4241
112  4321
87  3146
99  3804
100  3865
91  3407
103  3931
115  4324
103  4001
103  3938
107  4100
110  4123
101  3895
114  4118
107  4015
104  3862
109  4280
113  4135
113  4124
94  3693
110  3961
121  4059
103  4099
95  3838

Time taken: 187
