***********CONSTRUÇÃO**************
ANTES | DEPOIS
1.65463   1.0817
1.65697   1.07742
1.65557   1.07258
1.65593   1.07154
1.66012   1.07808
1.65661   1.06388
1.65766   1.0709
1.65884   1.08071
1.66114   1.06957
1.6587   1.07062
1.65933   1.0757
1.6602   1.07641
1.65933   1.07547
1.65653   1.0747
1.66155   1.0782
1.66025   1.06451
1.65337   1.07659
1.65816   1.07816
1.65823   1.06761
1.65447   1.06961
1.65581   1.07514
1.65478   1.07812
1.66187   1.07536
1.65889   1.07242
1.65564   1.07635
1.65881   1.06472
1.65321   1.07564
1.6568   1.08151
1.66134   1.06963
1.65712   1.07286
1.65784   1.07625
1.65817   1.07725
1.65718   1.07179
1.65724   1.0747
1.65494   1.07793
1.65615   1.06435
1.6578   1.07436
1.65906   1.07774
1.66267   1.06884
1.65877   1.07169
1.65752   1.0749
1.65446   1.07786
1.65436   1.0757
1.65973   1.07135
1.6618   1.07796
1.6574   1.06262
1.66156   1.07533
1.65543   1.07929
1.66043   1.06523
1.65983   1.07261
***********BUSCA LOCAL**************
ANTES | DEPOIS
1.71177   0.871673
2.17828   0.876888
2.58208   0.865671
4.77007   2.19465
4.77998   1.29526
3.46894   0.889528
2.60123   0.885512
2.16356   0.862989
1.28532   1.72906
1.7287   1.34261
3.49818   0.870055
1.3002   1.7423
3.87271   0.865834
3.47538   1.32465
3.44268   1.75168
4.36723   1.31572
5.22084   1.31979
2.16791   0.871217
3.47429   0.878378
2.17388   0.880219
1.30928   0.869179
2.14125   0.872494
2.18277   0.882676
1.72486   1.31656
1.28731   0.868224
3.0531   0.890898
3.05159   1.75057
4.36687   0.866037
2.15698   1.30048
3.03949   0.877108
2.60014   0.859462
2.58204   1.75499
4.77357   0.884549
2.57488   0.893236
2.60641   1.30289
2.60378   0.873121
2.13966   0.869201
2.60088   0.863525
4.78684   1.74318
2.14662   0.878391
1.29527   0.869114
2.58955   0.8815
3.49864   0.879139
1.71792   0.88625
3.0445   0.869863
2.62496   0.876619
1.70878   0.867718
2.63557   1.30775
2.15736   0.877212
2.17522   0.86668
