Tamanho    Peso
1025  34542
1032  34683
1030  34566
1024  34381
1025  34586
1037  34709
1032  34556
1027  34639
1028  34519
1028  34529
1026  34567
1037  34789
1036  34886
1029  34505
1031  34605
1029  34584
1031  34479
1030  34625
1034  34706
1027  34475
1029  34673
1032  34563
1033  34694
1029  34438
1028  34551
1037  34735
1028  34351
1030  34667
1033  34753
1029  34481
1028  34551
1041  34767
1033  34556
1024  34422
1026  34576
1032  34757
1026  34535
1042  34619
1026  34617
1024  34539
1025  34462
1037  34736
1033  34654
1025  34507
1027  34594
1032  34707
1030  34535
1030  34813
1025  34552
1031  34632

Time taken: 26
