Tamanho    Peso
1041  35062
1040  35235
1051  34968
1055  35211
1045  35018
1047  35097
1045  35115
1037  35198
1050  35103
1050  35449
1040  34654
1033  34929
1045  35174
1043  35071
1040  35160
1043  34894
1034  34940
1046  35107
1038  34887
1046  34955
1043  35289
1037  35137
1032  34757
1043  35057
1044  35085
1044  34823
1040  34882
1030  35045
1049  34785
1034  35059
1042  34903
1041  35144
1034  34639
1031  34886
1035  34847
1034  34929
1033  34880
1039  34890
1041  34857
1037  35117
1047  35187
1028  34750
1041  34749
1039  35050
1041  34843
1037  34957
1046  34809
1037  34790
1045  34950
1048  34931

Time taken: 62
