Tamanho    Peso
1682  55688
1683  55782
1690  55883
1682  55681
1687  55883
1684  55979
1686  55863
1694  55843
1687  55683
1697  55884
1706  56119
1684  55723
1681  55636
1690  55789
1703  55980
1687  55756
1693  55689
1697  55935
1695  55921
1689  55830
1706  55999
1684  55795
1690  55573
1678  55369
1703  56019
1683  55851
1692  55696
1695  55985
1686  55900
1699  55777
1708  56093
1674  55609
1691  55672
1684  55555
1702  56233
1696  55940
1692  55733
1694  56084
1699  55973
1690  55793
1706  56030
1685  55737
1691  55734
1684  55783
1690  56013
1696  55853
1670  55558
1699  55995
1685  55590
1679  55825

Time taken: 101
