Tamanho    Peso
1697  56454
1693  56518
1700  56711
1684  55801
1694  56346
1705  56911
1700  56767
1700  56460
1708  56363
1711  56804
1709  56676
1716  56564
1693  55824
1693  56611
1692  56330
1693  56612
1713  56555
1718  56961
1704  56441
1710  56431
1703  56618
1710  56606
1691  56917
1703  56519
1706  56536
1692  56324
1700  56667
1704  56295
1703  56390
1702  56305
1716  56389
1705  56461
1697  57056
1707  56605
1685  56161
1702  56222
1717  56788
1696  56308
1684  56947
1718  56272
1705  56117
1722  56696
1710  56163
1706  56167
1695  56529
1699  56270
1711  56456
1704  56692
1706  56721
1700  56890

Time taken: 225
