123;7;6 19 25 31 68 124 143 144 177 181 252 277 282 323 330 432 456 460 547 556 570 594 600 630 662 686 698 713 752 757 763 789 815 832 867 869 873 879 1000 1002 1032 1118 1121 1127 1154 1196 1197 1240 1264 1363 1368 1378 1401 1435 1468 1473 1505 1548 1551 1553 1615 1642 1747 1797 1831 1905 1959 2008 2018 2139 2168 2189 2275 2373 2393 2403 2444 2497 2527 2540 2565 2570 2622 2651 2667 2734 2774 2805 2807 2837 2895 2945 2982 3026 3033 3037 3074 3119 3131 3271 3382 3413 3455 3485 3487 3510 3538 3638 3670 3700 3708 3726 3793 3844 3918 3937 3975 3999 4007 4016 4017 4021 4027
123;7;6 19 25 31 68 124 143 144 177 181 252 277 282 303 323 328 330 432 456 460 547 556 594 600 630 662 686 698 713 725 752 757 763 789 815 832 867 869 873 879 1000 1002 1032 1118 1121 1127 1154 1196 1197 1240 1264 1363 1368 1378 1401 1435 1468 1505 1548 1551 1553 1615 1747 1797 1831 1905 1959 2008 2018 2139 2168 2189 2275 2373 2393 2403 2444 2497 2527 2540 2565 2570 2622 2651 2667 2774 2805 2807 2837 2895 2945 2982 3026 3033 3037 3074 3119 3131 3271 3382 3413 3485 3487 3510 3538 3596 3638 3670 3700 3708 3726 3793 3844 3918 3937 3968 3975 3999 4007 4016 4017 4021 4027
125;7;6 19 25 31 68 124 143 144 177 181 252 277 282 323 330 346 432 456 460 547 556 594 600 630 662 686 698 713 752 757 763 789 815 832 867 873 879 1002 1032 1118 1121 1127 1154 1196 1197 1240 1264 1363 1368 1378 1401 1435 1459 1468 1505 1548 1551 1615 1648 1747 1797 1831 1905 1959 2008 2018 2057 2139 2150 2168 2189 2275 2301 2315 2373 2393 2403 2444 2497 2527 2540 2555 2565 2570 2622 2651 2667 2805 2807 2837 2895 2945 2982 3026 3033 3037 3054 3074 3096 3119 3131 3271 3366 3382 3413 3485 3487 3510 3538 3638 3670 3700 3708 3726 3793 3844 3918 3937 3975 3999 4007 4016 4017 4021 4027
127;7;6 19 25 31 68 124 143 144 177 181 252 277 282 323 330 346 432 456 460 547 556 594 600 630 662 684 686 698 713 752 757 763 789 815 832 867 873 879 1002 1032 1118 1121 1127 1154 1196 1197 1240 1264 1363 1368 1378 1401 1435 1459 1468 1505 1548 1551 1615 1648 1747 1797 1831 1905 1959 2008 2018 2057 2139 2150 2168 2189 2275 2301 2315 2373 2393 2403 2444 2497 2527 2540 2555 2565 2570 2622 2651 2667 2670 2805 2807 2837 2895 2945 2982 3026 3033 3037 3054 3074 3096 3119 3131 3271 3382 3413 3485 3487 3510 3538 3638 3670 3700 3708 3726 3793 3844 3898 3918 3937 3975 3999 4007 4016 4017 4021 4027
128;7;6 19 25 31 68 124 143 144 177 181 252 277 282 303 323 328 330 346 432 456 460 547 556 594 600 630 662 686 698 713 752 757 763 789 815 832 867 873 879 1002 1032 1118 1121 1127 1154 1196 1197 1240 1264 1363 1368 1378 1401 1435 1459 1468 1505 1548 1551 1615 1648 1747 1797 1831 1905 1959 2008 2018 2057 2139 2150 2168 2189 2275 2301 2315 2373 2393 2403 2444 2497 2527 2540 2555 2565 2570 2622 2651 2667 2805 2807 2837 2895 2945 2982 3026 3033 3037 3054 3074 3096 3119 3131 3271 3382 3413 3485 3487 3510 3538 3596 3638 3670 3700 3708 3726 3793 3844 3918 3937 3968 3975 3999 4007 4016 4017 4021 4027
128;7;6 19 25 31 68 124 143 144 177 181 252 277 282 323 330 346 348 432 456 460 547 556 594 600 630 662 686 698 713 752 757 763 789 815 832 867 873 879 1002 1032 1118 1121 1127 1154 1196 1197 1240 1264 1363 1368 1378 1401 1435 1459 1468 1505 1548 1551 1615 1648 1747 1797 1831 1840 1905 1959 2008 2018 2057 2139 2150 2168 2189 2275 2301 2315 2373 2393 2403 2444 2497 2527 2540 2555 2565 2570 2622 2651 2667 2805 2807 2837 2895 2945 2982 3008 3026 3033 3037 3054 3074 3096 3119 3131 3271 3382 3413 3485 3487 3510 3529 3538 3638 3670 3700 3708 3726 3793 3844 3918 3937 3975 3999 4007 4016 4017 4021 4027
129;7;6 19 25 31 68 124 143 144 177 181 252 277 282 323 330 346 432 456 460 547 556 594 600 630 662 686 698 713 752 757 763 789 815 832 867 869 873 879 1000 1002 1032 1118 1121 1127 1154 1196 1197 1240 1264 1363 1368 1378 1401 1435 1459 1468 1505 1548 1551 1553 1615 1648 1747 1797 1831 1905 1959 2008 2018 2057 2139 2150 2168 2189 2275 2301 2315 2373 2393 2403 2444 2497 2527 2540 2555 2565 2570 2622 2651 2667 2774 2805 2807 2837 2895 2945 2982 3026 3033 3037 3054 3074 3096 3119 3131 3271 3382 3413 3485 3487 3510 3538 3638 3670 3700 3708 3726 3793 3844 3876 3918 3937 3975 3999 4007 4016 4017 4021 4027
129;7;6 19 25 31 68 124 141 143 144 177 181 252 263 277 282 323 330 346 432 456 460 547 556 594 600 630 651 662 686 698 713 752 757 763 789 815 832 867 873 879 1002 1032 1098 1118 1121 1127 1154 1196 1197 1240 1264 1363 1368 1378 1401 1435 1459 1468 1505 1548 1551 1615 1648 1747 1797 1831 1905 1959 2008 2018 2057 2139 2150 2168 2189 2238 2275 2301 2315 2373 2393 2403 2444 2497 2527 2540 2555 2565 2570 2622 2651 2667 2805 2807 2837 2895 2945 2982 3026 3033 3037 3054 3074 3096 3119 3131 3271 3382 3413 3485 3487 3510 3538 3638 3670 3700 3708 3726 3793 3844 3918 3937 3975 3999 4007 4016 4017 4021 4027
129;7;6 19 25 31 68 124 143 144 177 181 252 277 282 323 330 346 422 432 435 456 460 547 556 594 600 630 662 686 698 713 748 752 757 763 789 808 815 832 867 873 879 1002 1032 1118 1121 1127 1154 1196 1197 1240 1264 1363 1368 1378 1401 1435 1459 1468 1505 1548 1551 1615 1648 1747 1797 1831 1905 1959 2008 2018 2057 2139 2150 2168 2189 2275 2301 2315 2373 2393 2403 2444 2469 2497 2527 2540 2555 2565 2570 2622 2651 2667 2805 2807 2837 2895 2945 2982 3026 3033 3037 3054 3074 3096 3119 3131 3271 3382 3413 3485 3487 3510 3538 3638 3670 3700 3708 3726 3793 3844 3918 3937 3975 3999 4007 4016 4017 4021 4027
129;7;6 19 25 31 68 115 124 143 144 177 181 252 277 282 323 330 346 432 456 460 547 556 570 594 600 630 662 686 698 713 752 757 763 789 815 832 867 873 879 1002 1032 1118 1121 1127 1154 1196 1197 1240 1264 1363 1368 1378 1401 1435 1459 1468 1473 1505 1548 1551 1615 1642 1648 1747 1797 1831 1905 1959 2008 2018 2057 2139 2150 2168 2189 2275 2301 2315 2373 2393 2403 2444 2497 2527 2540 2555 2565 2570 2622 2651 2667 2805 2807 2837 2895 2945 2982 3026 3033 3037 3054 3074 3096 3119 3131 3271 3382 3413 3455 3485 3487 3510 3538 3638 3670 3700 3708 3726 3793 3844 3918 3937 3975 3999 4007 4016 4017 4021 4027
