Tamanho    Peso
250  8634
248  8731
259  9106
263  9076
253  9051
257  9054
265  9312
259  9226
253  9098
252  8806
259  9257
258  9125
256  9120
257  9088
242  8469
255  9058
256  8926
255  9032
262  9164
250  8731
254  8807
247  8881
242  8634
250  8689
251  8882
252  9137
260  9176
257  9310
258  9178
262  9088
248  8819
261  9233
257  9033
255  8836
262  9167
262  8902
249  8762
249  8801
257  8885
255  8738
241  8819
247  8895
260  9136
254  9125
253  8948
252  8889
251  8911
253  8988
248  8820
255  8820

Time taken: 18
