Tamanho    Peso
1049  35471
1039  34784
1050  35040
1038  34864
1043  34982
1042  34880
1033  34813
1055  35116
1044  34852
1041  34779
1037  34855
1035  34826
1039  34989
1038  34870
1035  34654
1039  35270
1043  34889
1042  34987
1048  35059
1043  34872
1034  34937
1038  35144
1056  35276
1043  35115
1043  34758
1043  35164
1043  35137
1048  34934
1029  35244
1040  35502
1040  34683
1053  35142
1046  35035
1033  35008
1040  35510
1042  35368
1040  34940
1050  34957
1040  34850
1037  34818
1046  34804
1040  35191
1035  34770
1044  35050
1037  34946
1040  35121
1041  34928
1035  34879
1054  35278
1037  34962

Time taken: 60
