***********CONSTRUÇÃO**************
ANTES | DEPOIS
0.470107   0.285081
0.471106   0.27704
0.472407   0.279713
0.470686   0.280253
0.471885   0.279449
0.47005   0.283854
0.470208   0.277083
0.47165   0.280373
0.470915   0.278464
0.469729   0.27909
0.47026   0.283187
0.467799   0.276497
0.470505   0.280535
0.469608   0.280136
0.471097   0.280857
0.471175   0.282113
0.471452   0.277068
0.469094   0.282086
0.470361   0.278229
0.469114   0.278741
0.470244   0.283503
0.468496   0.27579
0.471207   0.279891
0.468678   0.27918
0.47052   0.280212
0.471258   0.282473
0.471324   0.278204
0.470897   0.280984
0.469695   0.278061
0.470818   0.277559
0.469788   0.282114
0.471998   0.276027
0.469503   0.279756
0.468668   0.279839
0.470529   0.280462
0.471203   0.282412
0.47123   0.278617
0.469844   0.280456
0.469721   0.278164
0.469264   0.278507
0.472117   0.282931
0.47112   0.276289
0.471307   0.28031
0.4703   0.279756
0.469885   0.279838
0.47169   0.283258
0.472613   0.277379
0.470294   0.281488
0.468229   0.278069
0.470854   0.280022
***********BUSCA LOCAL**************
ANTES | DEPOIS
0.360134   0.245868
0.605352   0.249072
0.977906   0.252362
0.963627   0.247903
0.492884   0.247156
0.601281   0.248941
0.605395   0.249984
0.982288   0.243546
0.731122   0.244043
0.852213   0.247143
1.21482   0.245343
0.969253   0.246333
0.721399   0.249362
1.22923   0.246871
1.09674   0.251656
0.355075   0.242327
0.978937   0.246644
1.09058   0.244462
0.975725   0.244102
0.968289   0.249991
0.731091   0.245116
0.734544   0.249495
0.611009   0.240687
0.487685   0.249574
0.976223   0.248165
0.484131   0.250575
0.485173   0.251727
0.851926   0.247266
0.360193   0.244535
0.367215   0.246331
0.605664   0.247426
0.607121   0.250144
0.727343   0.366049
0.604215   0.250119
0.36385   0.250005
0.359197   0.245966
0.846238   0.244748
0.602788   0.247361
0.727756   0.250327
0.481547   0.245761
0.970138   0.252323
0.736664   0.24395
0.967563   0.24472
0.613749   0.249856
0.608444   0.247023
0.483149   0.251235
0.980651   0.242792
0.605735   0.244258
0.85454   0.2519
0.730266   0.240772
