Tamanho    Peso
1087  35640
1087  35586
1095  35640
1091  35584
1087  35633
1095  35620
1088  35619
1091  35730
1079  35615
1079  35351
1089  35667
1089  35625
1095  35594
1088  35454
1090  35680
1101  35819
1089  35623
1085  35520
1087  35676
1089  35574
1084  35536
1082  35521
1091  35543
1088  35507
1090  35716
1104  35746
1082  35570
1085  35559
1089  35564
1095  35692
1093  35689
1083  35630
1090  35822
1095  35787
1087  35555
1093  35601
1087  35554
1089  35666
1096  35655
1081  35298
1086  35508
1094  35618
1095  35706
1096  35841
1097  35674
1094  35740
1083  35517
1083  35478
1089  35450
1088  35650

Time taken: 27
