***********CONSTRUÇÃO**************
ANTES | DEPOIS
1.67312   1.08619
1.67108   1.09125
1.67858   1.09641
1.68033   1.07613
1.67587   1.09583
1.66988   1.04878
1.67651   1.08493
1.67339   1.06153
1.67602   1.09096
1.67428   1.06589
1.67804   1.07586
1.6749   1.09144
1.67084   1.09723
1.67599   1.07634
1.672   1.09134
1.67206   1.04631
1.67408   1.08589
1.67083   1.06022
1.67208   1.08911
1.67746   1.06718
1.6744   1.07805
1.68069   1.0915
1.67701   1.09627
1.67089   1.07566
1.67546   1.09611
1.67325   1.04751
1.67291   1.08441
1.67193   1.06124
1.67256   1.08954
1.67242   1.07137
1.67394   1.07774
1.6717   1.09069
1.67241   1.09913
1.67719   1.07446
1.67578   1.09607
1.6739   1.04532
1.67667   1.0838
1.67561   1.06096
1.67749   1.08921
1.67622   1.069
1.67342   1.07861
1.67115   1.09076
1.67573   1.09601
1.67598   1.07675
1.67294   1.09748
1.67431   1.0472
1.67711   1.08555
1.68023   1.06168
1.67702   1.08899
1.67669   1.06868
***********BUSCA LOCAL**************
ANTES | DEPOIS
3.92681   0.878757
2.18032   0.883428
2.60045   1.32178
2.61629   0.880487
4.86316   0.864162
3.10124   0.894339
1.75165   0.884066
4.38086   0.888917
3.07961   0.892812
2.19491   0.884648
2.18215   0.891513
2.63178   0.884402
2.59287   0.885059
2.16325   0.899548
3.50221   0.88995
3.52344   0.904569
3.10143   0.885558
3.07515   0.881444
1.75108   1.75901
2.61413   0.886649
2.62172   0.89545
4.38234   1.33063
3.91845   0.888648
2.17286   0.896374
2.62057   0.865716
2.65968   0.885703
1.75251   0.888098
2.16327   0.900886
2.19035   0.864264
3.49061   0.892449
2.61055   0.882174
2.62288   1.32378
3.47439   0.883086
1.73573   0.889941
2.18051   1.32692
3.04861   0.909763
3.08183   0.871527
2.17953   0.884493
2.2019   1.76616
3.47812   0.879596
1.74039   0.880799
3.5253   0.87875
1.7272   0.891443
2.17642   0.877762
2.17784   0.872995
1.75652   0.914761
3.07188   0.884879
2.15664   0.886867
2.60439   1.32306
2.18268   0.897932
