Tamanho    Peso
283  8363
279  8303
286  8340
286  8222
281  8451
281  8137
253  8426
250  8199
261  8222
258  8059
284  8329
244  8213
283  8277
287  8308
285  8380
281  8178
282  8218
287  8460
279  8230
287  8259
285  8200
282  8191
289  8417
248  7996
290  8530
285  8216
284  8288
285  8357
281  8230
289  8366
282  8410
285  8475
256  8378
286  8509
284  8289
289  8407
287  8363
288  8508
281  8203
283  8258
283  8440
292  8455
285  8444
250  7934
287  8306
281  8268
284  8374
286  8366
285  8312
289  8463

Time taken: 19
