Tamanho    Peso
1055  34884
1053  35063
1065  35298
1052  34815
1064  34894
1063  35186
1059  34863
1055  34949
1069  35028
1046  34710
1061  34865
1061  34819
1057  34800
1060  35222
1056  34632
1057  34974
1063  34967
1053  34955
1055  34635
1066  34851
1062  34976
1064  34898
1056  34728
1063  34760
1065  35022
1056  34727
1063  35090
1070  34899
1043  35225
1062  35190
1062  35308
1060  35229
1070  35055
1064  34999
1060  34929
1048  34790
1061  35227
1062  34729
1058  35073
1066  34957
1048  34766
1066  34878
1068  34969
1062  34981
1063  34754
1065  34999
1067  34894
1054  35064
1069  34968
1063  34940

Time taken: 60
