***********CONSTRUÇÃO**************
ANTES | DEPOIS
0.487077   0.282804
0.48663   0.282977
0.487581   0.282367
0.487151   0.281877
0.48684   0.283543
0.486474   0.280768
0.48711   0.283424
0.485245   0.282904
0.489223   0.283261
0.486588   0.283323
0.487259   0.27982
0.486519   0.282591
0.487385   0.283045
0.486951   0.282328
0.487613   0.283504
0.486604   0.281203
0.487603   0.283522
0.486999   0.283292
0.487157   0.283192
0.486991   0.283821
0.488889   0.280632
0.48779   0.283839
0.487522   0.282794
0.487666   0.282946
0.486299   0.284023
0.486468   0.281904
0.486743   0.283682
0.487544   0.28241
0.487295   0.283884
0.486471   0.283177
0.487953   0.280567
0.486211   0.28371
0.486347   0.282288
0.488255   0.28224
0.488264   0.284585
0.487084   0.281621
0.488676   0.282496
0.487246   0.283005
0.487779   0.283837
0.485867   0.28333
0.488445   0.280429
0.487312   0.284092
0.487849   0.28336
0.486493   0.282221
0.48719   0.283738
0.486451   0.281271
0.48718   0.281273
0.486277   0.283198
0.486445   0.28278
0.488083   0.283437
***********BUSCA LOCAL**************
ANTES | DEPOIS
1.10902   0.256894
0.49465   0.37844
0.364819   0.254882
1.11947   0.252612
0.872808   0.509748
0.500423   0.252593
1.12957   0.249294
0.490642   0.251209
0.743659   0.249684
0.496059   0.248508
0.493277   0.252498
0.875129   0.251424
0.875441   0.252035
0.495549   0.249639
0.74158   0.255438
0.496375   0.255561
0.869619   0.25369
0.372439   0.252428
0.618292   0.254846
1.00395   0.248324
0.626511   0.252649
0.74479   0.248416
1.50339   0.254199
1.25261   0.247072
0.8619   0.251041
0.737691   0.253246
0.620882   0.248573
0.984591   0.255065
0.374246   0.247958
0.492347   0.254948
0.370143   0.253483
0.49938   0.246709
0.748639   0.253547
0.375158   0.255759
0.481105   0.248032
1.00397   0.249663
0.496241   0.247631
0.751688   0.249336
0.494625   0.245996
0.62354   0.247187
0.616993   0.251056
0.739858   0.2453
0.866415   0.250887
1.253   0.245929
0.743157   0.25193
0.362102   0.250325
1.12487   0.252718
0.501148   0.253006
0.865764   0.251816
0.997932   0.25053
