Tamanho    Peso
1048  34493
1056  34680
1044  34594
1052  34591
1056  34668
1049  34626
1050  34608
1048  34510
1048  34715
1052  34511
1046  34422
1053  34586
1048  34529
1047  34488
1049  34558
1048  34437
1054  34575
1055  34639
1048  34469
1049  34555
1049  34329
1053  34474
1043  34314
1047  34484
1051  34511
1051  34492
1052  34409
1049  34486
1052  34697
1052  34556
1049  34520
1058  34584
1044  34436
1050  34452
1053  34444
1050  34549
1054  34674
1049  34559
1053  34693
1053  34474
1047  34551
1053  34451
1042  34276
1048  34508
1051  34500
1049  34393
1047  34584
1049  34657
1050  34447
1053  34698

Time taken: 27
