214 352 416 455 703 791 877 949 1134 1300 1407 1518 1761 1830 1973 2032 2275 2506 2650 2784 2795 2802 2938 3197 3405 3406 3407 3420 3559 3900 3907 3939 3977 4193 4220 4479 4506 4530 4558 4803 4804 4927 5203 5339 5392 5419 5592 5742 5975 6008 6028 6097 6104 6121 6140 6153 6164 6245 6534 6826 7478 7545 7581 7612 7657 7722 7729 8113 8180 8244 8337 8456 8558 8761 8858 8862 8910 8968 9236 9404 9412 9464 9484 9546 9698 9806 9889 9894 9969 9977 10207 10221 10239 10264 10311 
242 352 690 839 852 994 1092 1300 1406 1407 1463 1518 1830 1973 2032 2232 2554 2650 2784 2795 3197 3406 3420 3488 3885 3900 3907 3939 4193 4220 4479 4506 4530 4662 4803 4804 4844 4927 5121 5339 5419 5581 5592 5879 6008 6028 6097 6104 6140 6153 6162 6164 6190 6534 6752 6754 6826 7111 7412 7545 7581 7606 7612 7657 7870 8113 8132 8154 8244 8304 8337 8344 8456 8558 8761 8858 8910 8968 9344 9404 9464 9546 9698 9889 9969 10207 10239 10264 10292 
214 455 690 703 994 1134 1300 1407 1463 1518 1761 1830 1973 2032 2232 2506 2650 2784 2795 2986 3197 3405 3406 3407 3420 3488 3559 3885 3900 3907 3939 4220 4479 4506 4530 4803 4804 4927 5121 5339 5392 5419 5592 5879 6008 6028 6097 6104 6121 6140 6153 6164 6245 6534 6752 6826 7478 7545 7581 7612 7657 7722 7729 8113 8180 8244 8337 8456 8558 8761 8858 8862 8910 8968 9344 9404 9412 9464 9484 9546 9698 9889 9894 9969 9977 10221 10239 10264 10311 
218 242 278 352 570 690 703 725 791 877 928 1134 1300 1406 1463 1518 1761 1830 1973 2032 2043 2275 2506 2650 2784 2795 3021 3197 3405 3406 3420 3559 3602 3841 3900 3907 3939 3977 4193 4220 4479 4506 4530 4618 4649 4803 4804 4844 4927 5168 5189 5339 5392 5419 5592 5675 5742 6008 6028 6104 6140 6153 6164 6245 6534 6754 6826 6853 7111 7545 7581 7606 7612 7657 7729 7870 8113 8154 8244 8337 8344 8456 8558 8729 8761 8858 8910 8968 9404 9412 9485 9546 9698 9889 9894 9969 9977 10033 10239 
214 278 703 725 791 949 1134 1300 1406 1463 1518 1761 1973 2032 2043 2216 2232 2275 2506 2650 2784 2795 2802 2938 2986 3197 3405 3407 3420 3559 3885 3900 3907 3939 3977 4220 4479 4506 4530 4558 4649 4662 4771 4803 4804 4844 4927 5168 5339 5419 5449 5581 5592 5742 5975 6008 6028 6097 6104 6121 6140 6153 6164 6190 6534 6754 6826 7111 7478 7545 7581 7606 7612 7657 7722 7729 7870 8113 8132 8154 8180 8244 8337 8456 8558 8754 8761 8858 8910 8968 9236 9344 9404 9412 9484 9485 9546 9698 9889 9894 9969 9977 10033 10207 10221 10239 10264 10292 10311 
278 455 964 1134 1300 1407 1518 1761 1831 1973 2032 2043 2232 2346 2506 2650 2784 2795 2938 2986 3021 3197 3405 3406 3420 3676 3885 3900 3907 3939 3977 4220 4479 4506 4530 4803 4804 4844 4927 5168 5203 5339 5419 5581 5592 6008 6028 6097 6104 6121 6140 6153 6162 6164 6534 6625 6752 6826 7111 7342 7412 7545 7581 7612 7657 7729 8113 8154 8180 8244 8304 8337 8456 8558 8754 8761 8858 8910 8968 9404 9412 9485 9546 9698 9889 9894 9969 9977 10175 10221 10239 10264 10311 
242 278 352 690 791 839 852 877 928 1134 1300 1407 1463 1518 1761 1830 2032 2043 2232 2275 2346 2506 2650 2784 2795 3197 3406 3407 3420 3589 3853 3885 3900 3907 3939 3977 4193 4220 4479 4506 4530 4558 4649 4803 4804 4927 5121 5168 5339 5366 5392 5419 5592 5879 6008 6028 6097 6104 6121 6140 6153 6162 6164 6245 6534 6752 6826 6853 7545 7581 7606 7612 7657 7729 7870 8113 8132 8154 8180 8229 8244 8337 8456 8558 8761 8858 8910 8968 9236 9404 9412 9485 9546 9698 9889 9894 9969 10033 10239 10292 
214 278 455 690 703 791 839 852 877 949 994 1134 1300 1407 1463 1518 1761 2032 2232 2346 2506 2650 2784 2795 2986 3197 3406 3407 3420 3488 3885 3900 3907 3939 4220 4479 4506 4530 4662 4803 4804 4927 5203 5291 5339 5392 5419 5592 5742 6008 6028 6097 6104 6121 6140 6153 6162 6164 6190 6245 6534 6752 6754 6826 7478 7545 7581 7612 7657 7729 8113 8154 8180 8229 8244 8337 8456 8558 8761 8858 8862 8910 8968 9344 9404 9412 9464 9546 9698 9889 9894 9969 9977 10207 10221 10239 10264 10311 
278 352 416 455 690 725 790 877 949 994 1134 1300 1518 1761 1973 2032 2043 2275 2506 2650 2784 2795 2986 3197 3405 3420 3559 3602 3900 3907 3939 3977 4220 4479 4506 4530 4558 4618 4662 4803 4804 4927 5121 5203 5339 5392 5419 5581 5592 5879 6008 6028 6097 6104 6121 6140 6153 6162 6164 6752 6826 7111 7296 7545 7581 7612 7657 7729 7870 8113 8154 8229 8244 8337 8344 8456 8558 8729 8761 8858 8862 8910 8968 9404 9412 9464 9485 9546 9698 9889 9894 9969 9977 10221 10239 10264 10292 
242 278 416 725 791 928 949 994 1300 1463 1518 1761 1831 1973 2032 2043 2232 2554 2650 2795 2802 2938 3021 3197 3375 3406 3407 3420 3488 3602 3885 3907 3939 3977 4193 4220 4479 4530 4558 4662 4771 4804 4844 4927 5121 5189 5203 5339 5392 5419 5449 5581 5592 5975 6008 6104 6121 6140 6153 6164 6190 6534 6752 6826 7111 7412 7545 7612 7870 8113 8132 8154 8244 8337 8344 8456 8558 8761 8858 8862 8910 8968 9464 9485 9546 9698 9969 10200 10239 10292 
