Tamanho    Peso
107  4187
89  3414
107  4071
111  4221
115  4186
110  4441
110  4548
121  4719
107  3873
117  4613
104  4166
120  4827
111  4501
111  4535
100  3772
102  3970
118  4612
103  3951
114  4260
117  4499
139  5023
100  3979
113  4348
95  3623
95  3853
98  3850
113  4208
108  4264
101  3853
117  4322
119  4562
119  4747
106  4073
104  4140
123  4860
119  4780
99  3730
108  4282
90  3609
93  3503
112  4518
97  3685
123  4945
113  4737
103  3902
89  3417
97  3820
124  4861
98  3802
109  3779

Time taken: 192
