Tamanho    Peso
1093  34699
1089  34635
1091  34672
1106  34647
1104  34676
1102  34582
1106  34773
1098  34861
1101  34940
1097  34548
1098  34762
1092  34618
1096  34798
1104  34752
1092  34304
1107  34900
1107  34749
1109  34747
1079  34624
1093  34476
1101  34802
1089  34577
1096  34674
1092  34671
1095  34776
1091  34651
1099  34647
1098  34629
1091  34715
1102  34489
1088  34631
1091  34660
1095  34570
1093  34543
1102  34524
1088  34576
1095  34731
1099  34779
1095  34618
1099  34518
1097  34588
1094  34544
1096  34575
1112  34778
1108  34611
1101  34797
1097  34544
1102  34697
1093  34768
1096  34640

Time taken: 27
