Tamanho    Peso
1714  56328
1712  56187
1719  56706
1700  56094
1703  56173
1702  56177
1703  56214
1719  56435
1712  56471
1718  56327
1709  56211
1719  56487
1723  56642
1698  56037
1721  56352
1709  56340
1707  56442
1710  56307
1715  56581
1719  56381
1709  56235
1715  56238
1723  56552
1698  56272
1717  56639
1712  56442
1702  56088
1711  56375
1719  56452
1713  56347
1713  56195
1715  56588
1720  56642
1703  56212
1715  56519
1705  56115
1701  56336
1711  56409
1712  56463
1704  56177
1710  56472
1714  56516
1726  56377
1707  56134
1714  56429
1711  56202
1700  56042
1716  56404
1717  56512
1708  56222

Time taken: 100
