99;8;8 68 81 86 107 175 192 214 239 249 259 270 273 275 278 282 364 378 383 384 397 418 423 428 431 465 475 483 509 532 556 575 594 615 686 729 730 749 822 833 848 852 856 920 963 1046 1194 1218 1264 1306 1435 1531 1640 1711 1731 1761 1971 2049 2066 2085 2146 2230 2301 2316 2421 2426 2429 2455 2503 2558 2626 2663 2881 3037 3216 3233 3246 3253 3271 3300 3322 3338 3388 3407 3426 3439 3495 3505 3553 3592 3623 3638 3641 3685 3695 3801 3867 3887 3980
99;8;8 68 81 86 107 175 192 214 239 249 259 270 273 275 278 282 364 378 383 384 397 418 423 428 431 465 475 483 492 509 532 556 575 594 615 686 712 729 749 822 833 848 852 856 920 963 1046 1110 1194 1218 1264 1306 1435 1450 1640 1711 1731 1761 1826 1971 2049 2066 2085 2146 2230 2301 2316 2421 2429 2455 2503 2558 2626 2663 2881 3037 3216 3233 3246 3253 3271 3300 3322 3338 3388 3407 3439 3495 3505 3553 3592 3623 3641 3685 3695 3801 3867 3887 3980
101;8;8 68 81 86 107 175 192 239 249 259 270 273 275 278 282 364 378 383 384 397 418 423 428 431 434 465 483 509 532 556 575 594 615 686 729 749 822 833 848 852 856 920 963 1046 1194 1218 1264 1306 1369 1435 1442 1565 1640 1711 1731 1761 1858 1971 2049 2066 2146 2230 2301 2316 2361 2421 2429 2455 2503 2558 2626 2663 2881 2948 3037 3216 3233 3246 3253 3271 3300 3322 3338 3388 3407 3439 3495 3505 3553 3592 3623 3641 3652 3685 3695 3781 3801 3860 3867 3887 3980
101;8;8 68 81 86 107 175 192 239 249 259 270 273 275 278 282 364 378 383 384 397 418 423 428 431 465 483 492 509 532 556 575 594 615 686 729 749 822 833 848 852 856 920 963 1046 1110 1194 1218 1264 1306 1435 1450 1523 1531 1640 1711 1731 1761 1826 1971 2049 2066 2146 2230 2301 2316 2421 2426 2429 2455 2503 2558 2626 2663 2881 3037 3216 3233 3246 3253 3271 3300 3322 3338 3388 3407 3426 3439 3495 3505 3553 3592 3623 3638 3641 3685 3695 3769 3801 3867 3887 3980
101;8;8 68 81 86 107 175 192 239 249 259 260 270 273 275 278 282 364 378 383 384 397 418 423 428 431 434 465 483 509 532 556 575 594 615 686 729 749 822 833 848 852 856 920 963 1046 1194 1218 1264 1306 1369 1435 1442 1565 1640 1711 1731 1761 1858 1971 2049 2066 2146 2230 2301 2316 2421 2429 2455 2503 2558 2626 2663 2881 2948 3037 3216 3233 3246 3253 3271 3300 3322 3338 3388 3407 3439 3495 3505 3553 3592 3623 3641 3652 3685 3695 3781 3801 3860 3867 3887 3980
103;8;7 8 68 81 86 107 175 192 230 239 249 259 270 273 275 278 282 364 378 383 384 397 418 423 428 431 434 465 483 501 509 532 556 575 594 615 686 729 749 822 833 848 852 856 920 963 1046 1194 1218 1264 1306 1369 1435 1442 1565 1640 1711 1731 1761 1858 1971 2049 2066 2146 2230 2301 2316 2421 2429 2455 2503 2558 2626 2663 2881 2948 3037 3216 3233 3246 3253 3271 3300 3322 3338 3388 3407 3439 3495 3505 3553 3592 3623 3641 3652 3685 3695 3781 3801 3860 3867 3887 3980
104;8;8 68 81 86 107 175 192 214 239 249 259 270 273 275 278 282 364 378 383 384 397 418 423 428 431 434 465 475 483 509 532 556 575 594 615 686 729 749 822 833 848 852 856 920 963 1046 1194 1218 1264 1306 1368 1369 1435 1442 1565 1640 1711 1731 1761 1858 1971 2049 2066 2085 2146 2230 2301 2316 2421 2429 2455 2503 2558 2626 2663 2881 2948 3037 3216 3233 3246 3253 3271 3300 3322 3338 3388 3407 3439 3495 3505 3553 3592 3623 3641 3652 3685 3695 3781 3801 3860 3867 3887 3980
104;8;8 68 81 86 107 175 192 239 249 259 270 273 275 278 282 364 378 383 384 397 418 423 428 431 434 465 483 509 532 556 575 594 615 680 686 729 749 822 833 848 852 856 920 963 1046 1099 1194 1218 1264 1306 1369 1435 1442 1565 1640 1711 1731 1761 1858 1971 2049 2066 2146 2230 2301 2316 2421 2429 2455 2503 2558 2626 2663 2881 2948 3037 3216 3233 3246 3253 3271 3300 3322 3338 3388 3407 3439 3495 3505 3553 3592 3623 3641 3652 3672 3685 3695 3776 3781 3801 3860 3867 3887 3980
105;8;8 68 81 86 107 175 192 239 249 259 270 273 275 278 282 364 378 383 384 397 418 423 428 431 434 465 483 509 532 556 575 594 615 686 729 749 822 833 848 852 856 920 963 1046 1194 1218 1264 1306 1369 1435 1442 1531 1565 1640 1711 1731 1761 1858 1901 1971 2049 2066 2146 2230 2301 2316 2421 2426 2429 2455 2503 2558 2626 2663 2881 2948 3037 3216 3233 3246 3253 3271 3300 3322 3338 3388 3407 3426 3439 3495 3505 3553 3592 3623 3638 3641 3652 3685 3695 3781 3801 3860 3867 3887 3980
106;8;8 68 81 86 107 175 192 239 249 259 270 273 275 278 282 364 378 383 384 397 418 423 428 431 434 465 483 492 509 532 556 575 594 615 686 729 749 822 833 848 852 856 920 963 1046 1110 1194 1195 1218 1264 1306 1369 1435 1442 1450 1537 1565 1640 1711 1731 1761 1826 1858 1971 2049 2066 2146 2230 2301 2316 2421 2429 2455 2503 2558 2626 2663 2881 2948 3037 3216 3233 3246 3253 3271 3300 3322 3338 3388 3407 3439 3495 3505 3553 3592 3623 3641 3652 3685 3695 3781 3801 3860 3867 3887 3980
