Tamanho    Peso
106  4108
117  4598
116  4418
87  3834
114  4361
96  4066
96  3931
112  4387
119  4569
111  4307
107  3997
105  3898
96  3949
112  4297
93  3699
102  3825
82  3154
99  3741
82  3283
118  4549
100  3867
96  3690
104  4277
100  3803
95  3983
110  4255
107  4163
114  4382
115  4230
107  4198
100  3872
93  3540
97  3878
96  3547
111  4410
107  4316
105  3743
98  4063
117  4337
97  3709
104  4168
97  3863
102  4165
95  3724
102  3847
100  3987
101  4376
94  3535
105  4226
122  4687

Time taken: 177
