Tamanho    Peso
1048  35475
1076  35056
1078  35020
1079  35015
1076  34966
1054  34883
1067  34972
1067  35169
1076  35086
1082  35076
1066  35260
1075  35306
1067  35059
1063  34997
1067  34965
1058  34958
1071  35010
1078  35305
1061  34892
1073  35073
1071  35049
1079  35039
1070  35169
1082  35045
1073  35004
1069  35016
1056  35225
1074  35253
1081  35261
1067  35054
1072  35043
1076  35140
1051  34984
1062  34921
1081  35089
1078  34740
1067  34933
1069  35516
1062  35080
1082  35092
1080  35027
1077  35022
1072  35144
1062  35104
1074  34999
1058  35688
1077  35048
1074  35035
1074  34949
1082  35017

Time taken: 53
