Tamanho    Peso
1061  36099
1068  35850
1073  36067
1059  35740
1071  35923
1067  35899
1069  35956
1058  35499
1065  35968
1064  35927
1060  36456
1066  35882
1063  35813
1067  36044
1065  36233
1063  35622
1071  35774
1068  35671
1059  35698
1066  36248
1063  35746
1063  35772
1070  35816
1066  35654
1065  35925
1069  35842
1075  36061
1075  35854
1076  36181
1072  35815
1074  36074
1072  35753
1062  35868
1062  35764
1066  35800
1066  35874
1062  35960
1062  35612
1068  35658
1052  36480
1062  35909
1080  35914
1068  36088
1078  36024
1069  35820
1065  36097
1058  35543
1072  35690
1068  35687
1055  35606

Time taken: 64
