***********CONSTRUÇÃO**************
ANTES | DEPOIS
0.472349   0.271183
0.470412   0.272045
0.471601   0.272658
0.472231   0.271682
0.470334   0.271127
0.47196   0.268736
0.471064   0.270029
0.471636   0.269873
0.471604   0.269093
0.471237   0.26992
0.470303   0.269465
0.471995   0.272551
0.470185   0.272173
0.472834   0.270825
0.471556   0.270787
0.471844   0.268633
0.471213   0.271102
0.471165   0.269721
0.472713   0.269347
0.471516   0.269802
0.470602   0.269164
0.470894   0.272242
0.470755   0.272949
0.470926   0.271407
0.470629   0.270627
0.473244   0.268714
0.470968   0.27116
0.471371   0.270097
0.47289   0.269161
0.470381   0.269641
0.471272   0.269467
0.469985   0.272529
0.471135   0.273188
0.471348   0.270755
0.470363   0.271078
0.470971   0.268449
0.47043   0.270747
0.471291   0.270031
0.471405   0.269125
0.471122   0.269349
0.470996   0.269938
0.470922   0.272212
0.469905   0.272616
0.473406   0.272107
0.472749   0.271107
0.471581   0.269066
0.472184   0.270216
0.470793   0.270264
0.469851   0.268988
0.471749   0.269255
***********BUSCA LOCAL**************
ANTES | DEPOIS
0.608917   0.247465
0.715143   0.24403
0.733169   0.247641
0.719922   0.24203
0.730853   0.245604
0.973327   0.248674
0.490837   0.246633
0.729175   0.250283
0.962058   0.241457
0.977204   0.248687
0.359473   0.246462
0.842245   0.248146
0.720842   0.248967
0.716537   0.243313
0.35569   0.248795
1.20342   0.245731
1.45048   0.247888
0.844135   0.241416
0.95979   0.237067
0.361523   0.245166
0.478314   0.244264
0.723513   0.248913
1.09174   0.239341
0.955924   0.246661
0.719989   0.242891
0.85179   0.248906
0.608766   0.251703
0.833703   0.247426
0.859778   0.249062
0.96205   0.237803
0.602197   0.243492
0.853619   0.242613
0.721788   0.243715
1.471   0.247543
0.844161   0.247865
0.610796   0.249022
0.480427   0.245924
1.81421   0.24463
0.84869   0.249443
0.362457   0.244714
0.843973   0.244216
0.486919   0.247037
0.837262   0.243642
0.844528   0.239268
1.20111   0.486341
0.61148   0.243071
0.963096   0.243824
1.09028   0.252265
0.977757   0.244308
0.48279   0.243715
