Tamanho    Peso
1055  35256
1063  35464
1061  35271
1059  35532
1053  35343
1057  35492
1054  35360
1046  35386
1055  35501
1055  35324
1059  35385
1065  35584
1060  35373
1054  35445
1055  35443
1050  35373
1059  35428
1050  35319
1055  35457
1059  35376
1056  35309
1059  35486
1064  35462
1061  35398
1056  35514
1055  35483
1056  35310
1052  35479
1056  35531
1055  35349
1055  35313
1061  35503
1060  35496
1060  35625
1053  35358
1051  35433
1058  35413
1056  35443
1056  35469
1055  35282
1057  35313
1064  35506
1062  35385
1061  35584
1055  35355
1056  35397
1053  35232
1053  35322
1051  35388
1057  35355

Time taken: 26
