Tamanho    Peso
1094  36566
1091  36506
1094  36523
1101  36629
1101  36649
1100  36701
1098  36505
1094  36509
1103  36680
1095  36639
1104  36752
1094  36591
1093  36474
1104  36714
1089  36659
1105  36544
1094  36586
1101  36703
1107  36563
1095  36578
1103  36681
1095  36548
1094  36529
1095  36406
1090  36644
1101  36573
1093  36516
1092  36467
1106  36608
1091  36706
1095  36646
1097  36613
1097  36497
1095  36509
1094  36653
1100  36560
1099  36598
1097  36587
1108  36684
1096  36650
1100  36624
1097  36647
1089  36486
1098  36638
1102  36605
1102  36571
1102  36535
1091  36411
1102  36514
1092  36538

Time taken: 22
