Tamanho    Peso
1723  57659
1715  57220
1709  57441
1708  57457
1724  57958
1723  57928
1718  58141
1714  57537
1700  57762
1720  57545
1733  58208
1712  57646
1731  57991
1727  57783
1707  57201
1718  58172
1709  58035
1704  58198
1724  57779
1712  57490
1708  57905
1735  58005
1730  58013
1725  57584
1717  57507
1698  58136
1701  58243
1713  57897
1737  57861
1690  57283
1719  58028
1728  57939
1728  57797
1708  57742
1727  57861
1738  58157
1725  58083
1701  57328
1729  57808
1702  58361
1717  57776
1714  57817
1711  58140
1719  57892
1723  57136
1720  57609
1712  57166
1717  57994
1722  57842
1714  57339

Time taken: 218
