Tamanho    Peso
254  7385
260  7499
253  7526
256  7435
257  7512
256  7439
254  7334
227  7057
257  7510
256  7396
231  7596
262  7648
231  7367
237  7179
262  7680
260  7504
258  7438
256  7480
235  7351
255  7558
253  7443
261  7529
218  7236
245  7589
238  7496
254  7338
255  7424
252  7389
255  7512
255  7478
252  7409
256  7354
225  7229
258  7466
253  7382
258  7481
254  7357
240  7543
258  7543
226  6969
256  7484
256  7365
235  7255
255  7453
256  7371
256  7460
224  7333
257  7474
252  7434
258  7484

Time taken: 16
