361 460 524 764 806 1202 1563 1792 1864 1901 2167 2479 2802 2834 2912 3110 3170 3261 3275 3380 3844 3854 3945 3999 4007 4032 4125 4175 4237 4418 4585 4671 4702 4760 4800 4814 4878 5151 5419 5536 5852 6032 6100 6140 6262 6270 6769 6773 6826 6876 7007 7150 7372 7392 7595 7747 8182 8315 8372 8531 8557 8560 8607 8699 8968 8979 9031 9099 9164 9464 9520 9791 9930 9977 10003 10009 10029 10084 10087 10144 10175 
476 524 586 806 1138 1277 1563 1668 1864 1897 1901 2479 2802 2912 2936 3110 3261 3275 3380 3388 3679 3844 4007 4032 4078 4125 4175 4237 4479 4702 4800 4814 5151 5152 5218 5419 5536 5865 5975 6032 6100 6140 6262 6270 6371 6390 6493 6769 6813 6826 6876 7007 7021 7372 7392 7595 7626 8051 8094 8182 8279 8315 8372 8394 8531 8607 8699 8968 9031 9099 9110 9164 9464 9791 9812 9930 9977 10009 10029 10084 10087 10095 10129 10144 10175 
460 524 764 806 1138 1277 1467 1563 1668 1864 1901 2611 2802 2834 2912 2936 3110 3170 3261 3380 3388 3679 3744 3854 3945 4032 4049 4112 4175 4237 4479 4702 4760 4800 4814 4878 4882 5151 5152 5218 5419 5536 5852 6032 6100 6140 6270 6327 6371 6493 6813 6826 6876 7007 7021 7372 7392 7595 7626 8094 8279 8315 8372 8531 8699 8968 8979 9031 9099 9110 9164 9464 9520 9791 9812 9930 9977 10029 10047 10084 10087 10095 10144 10175 
460 524 586 764 806 1159 1163 1277 1563 1668 1792 1864 1897 2611 2802 2834 2912 2936 3110 3170 3261 3275 3380 3388 3679 3844 3854 4007 4032 4125 4237 4479 4671 4702 4800 4814 4878 4917 5151 5152 5218 5419 5536 5569 5852 5865 5965 5989 6032 6100 6150 6270 6336 6390 6493 6813 6826 6876 7007 7057 7150 7372 7392 7458 7747 8051 8071 8182 8315 8372 8531 8557 8607 8968 9031 9099 9110 9164 9464 9791 9812 9930 9977 10029 10084 10087 10095 10144 10175 
277 470 586 806 1138 1202 1277 1553 1563 1668 1792 1864 2802 2912 2936 3110 3261 3275 3380 3679 3744 3844 3854 3945 3999 4007 4032 4125 4479 4562 4702 4760 4800 4814 5151 5152 5218 5419 5536 5852 5975 6032 6100 6140 6262 6270 6826 6876 7007 7057 7372 7392 7529 7747 8071 8315 8320 8372 8435 8531 8557 8699 8921 8968 8979 9031 9099 9110 9164 9464 9520 9791 9812 9930 9977 10003 10029 10071 10084 10087 10095 10144 10175 
277 361 470 586 806 1159 1163 1202 1242 1277 1467 1668 1792 1864 2611 2802 2912 2936 3110 3261 3275 3365 3380 3679 3744 3854 3945 4007 4032 4125 4237 4376 4702 4760 4800 4814 4882 5151 5152 5218 5419 5536 5852 5865 6032 6097 6100 6140 6270 6327 6390 6493 6813 6826 6876 7007 7057 7372 7392 7529 7747 8071 8315 8320 8372 8435 8531 8699 8968 8979 9031 9099 9110 9164 9204 9464 9520 9791 9812 9930 9977 10029 10047 10071 10084 10087 10095 10144 10175 
476 524 586 806 916 1159 1277 1563 1792 1864 1897 2802 2834 2912 2936 3110 3170 3261 3275 3334 3380 3388 3679 3844 3854 3945 4007 4125 4237 4418 4671 4702 4800 4814 5151 5152 5218 5419 5536 5852 5965 5975 5989 6032 6100 6150 6262 6270 6327 6336 6420 6493 6561 6813 6826 6876 7007 7021 7057 7372 7392 7747 8071 8315 8372 8531 8557 8968 8979 9031 9099 9110 9464 9759 9791 9812 9930 9977 10009 10029 10084 10087 10095 10144 10175 
361 470 524 806 916 1138 1159 1163 1202 1277 1444 1563 1668 1864 2802 2912 2936 3110 3261 3275 3380 3679 3744 3844 3854 3945 4032 4078 4112 4125 4175 4237 4479 4671 4702 4760 4800 4814 4882 5151 5419 5536 5852 6032 6100 6140 6262 6270 6327 6493 6523 6826 6876 7007 7057 7150 7372 7392 7626 7747 8071 8315 8320 8372 8435 8530 8531 8557 8560 8699 8968 8979 9031 9099 9164 9204 9464 9520 9791 9812 9930 9977 10003 10029 10071 10084 10087 10095 10144 10175 
476 524 586 806 1138 1159 1163 1202 1277 1553 1563 1668 1792 1864 2802 2912 2936 3110 3261 3380 3744 3844 3854 4032 4125 4175 4237 4585 4702 4760 4800 4814 4917 5151 5152 5218 5419 5536 5852 6032 6097 6100 6140 6262 6270 6327 6826 6876 7007 7150 7372 7392 7595 7626 7747 8071 8094 8182 8315 8320 8372 8531 8557 8607 8968 8979 9031 9099 9110 9164 9204 9464 9520 9759 9791 9812 9930 9977 10029 10071 10084 10087 10095 10144 10175 
361 435 460 524 586 806 1159 1202 1277 1563 1668 1792 1864 1897 2479 2802 2912 2936 3110 3170 3261 3275 3380 3945 4032 4049 4175 4237 4479 4585 4702 4800 4814 4878 5151 5152 5218 5419 5536 5569 5852 5965 6032 6100 6150 6262 6270 6336 6390 6493 6769 6813 6826 6876 7007 7057 7372 7392 7626 7747 7922 8071 8182 8315 8372 8530 8699 8968 8979 9031 9099 9110 9164 9464 9759 9791 9812 9930 9977 10009 10047 10084 10087 10095 10144 10175 
