Tamanho    Peso
1099  37185
1101  37390
1101  37015
1099  37098
1091  37228
1098  37113
1101  36789
1072  37670
1105  36871
1090  36985
1094  37441
1116  37005
1099  37043
1108  36949
1106  37118
1102  37303
1104  37176
1093  36866
1092  37032
1096  36802
1094  37225
1103  37148
1095  37078
1095  37064
1108  36988
1094  36813
1093  37308
1094  37057
1104  37074
1089  36991
1098  37217
1103  37222
1102  37010
1085  37447
1097  37139
1107  37037
1078  37351
1097  37170
1105  36974
1101  36849
1098  36864
1083  37148
1093  36926
1101  36984
1109  37104
1097  36997
1080  36797
1092  37255
1103  37210
1069  37268

Time taken: 53
