Tamanho    Peso
1716  57183
1709  57542
1709  57404
1723  57411
1710  57299
1716  57501
1722  57362
1684  56888
1712  57150
1697  57201
1725  57417
1714  57708
1720  57564
1727  57621
1712  57391
1720  57582
1712  57207
1719  57487
1710  57196
1716  57487
1721  57604
1712  57261
1723  57533
1720  57398
1717  57380
1713  57300
1709  57261
1712  57590
1710  57471
1707  57017
1712  57283
1717  57504
1717  57657
1719  57235
1715  57488
1711  57517
1716  57260
1722  57554
1714  57217
1721  57381
1714  57357
1713  57622
1714  57503
1724  57456
1717  57521
1720  57547
1706  57246
1712  57415
1708  57388
1699  57143

Time taken: 114
