***********CONSTRUÇÃO**************
ANTES | DEPOIS
0.487422   0.31305
0.485967   0.309798
0.486547   0.305239
0.488604   0.299735
0.487575   0.300681
0.487662   0.301985
0.489128   0.305896
0.486803   0.300931
0.487199   0.300641
0.487711   0.304158
0.489142   0.311423
0.486823   0.309385
0.486761   0.305393
0.487978   0.300172
0.48826   0.300848
0.49018   0.301732
0.486904   0.305394
0.487541   0.300376
0.487686   0.301136
0.487031   0.304985
0.487984   0.311553
0.486932   0.31108
0.486146   0.30526
0.48596   0.300626
0.487013   0.300326
0.486096   0.30095
0.486908   0.305934
0.486035   0.300421
0.486832   0.300358
0.487555   0.30464
0.485441   0.311095
0.48647   0.30894
0.486716   0.304522
0.485427   0.299342
0.487685   0.300709
0.485025   0.301316
0.486777   0.30555
0.488453   0.301508
0.48641   0.29983
0.48743   0.305302
0.486082   0.310298
0.487811   0.309185
0.487108   0.304761
0.488076   0.301299
0.487494   0.300605
0.486762   0.30156
0.486245   0.305463
0.4875   0.302304
0.487829   0.300205
0.487728   0.304582
***********BUSCA LOCAL**************
ANTES | DEPOIS
0.497961   0.376614
0.758106   0.260573
0.250066   0.25539
0.884927   0.249437
0.508595   0.252841
0.889387   0.504961
0.89421   0.254473
0.509702   0.770919
0.50018   0.252644
0.504751   0.259871
0.630779   0.25735
0.634116   0.253877
0.763491   0.256661
1.01277   0.508868
0.382429   0.252256
0.379128   0.260452
0.380572   0.5093
0.75937   0.251502
0.498567   0.376158
0.381387   0.253239
0.634732   0.255546
0.384317   0.37918
0.62947   0.256513
0.634372   0.385707
1.91634   0.50888
0.629034   0.373332
0.504339   0.2566
0.385669   0.256558
0.379162   0.246243
0.500203   0.505415
1.02413   0.250966
1.27204   0.499527
0.890563   0.257694
0.7688   0.513987
0.504124   0.512316
0.638369   0.252078
0.621184   0.381545
0.384179   1.01964
0.634345   0.257442
0.510685   0.261783
0.648207   0.387791
0.630058   0.382832
0.37862   0.3857
0.385703   0.38681
0.372408   0.25403
0.629464   0.643615
0.502086   0.251248
0.884861   0.37405
0.511372   0.256635
0.376028   0.510054
