Tamanho    Peso
1090  36039
1093  36046
1094  36725
1098  36169
1084  36428
1088  35850
1099  36257
1088  36275
1072  35863
1083  35909
1109  36387
1098  35999
1096  35978
1086  35867
1087  36268
1077  35876
1083  36005
1074  35800
1096  36018
1072  36082
1087  35867
1092  36285
1088  35917
1089  35691
1093  35962
1096  36074
1082  35975
1075  35846
1080  36203
1083  35924
1099  35955
1079  35597
1099  35928
1092  36011
1089  35950
1095  36190
1069  36073
1078  36238
1094  35838
1093  36386
1090  36077
1092  36079
1074  36191
1094  36359
1071  36019
1079  35668
1086  36029
1101  35884
1096  36461
1079  36284

Time taken: 56
