38;8;232 386 445 768 852 1571 1619 1931 2164 2185 2357 2580 3342 3415 3774 4109 4125 4546 4647 5261 5626 5917 5958 6368 6375 6831 6881 7678 7826 7938 8224 9418 9597 9717 9779 9987 10071 10191
38;8;232 386 445 768 852 1571 1619 1931 2164 2185 2357 2580 3342 3415 3774 4109 4125 4546 4647 5261 5626 5917 5958 6368 6831 6881 7678 7826 7938 8224 9418 9597 9717 9779 9987 10071 10191 10230
38;8;232 386 445 768 852 1571 1619 1931 2164 2185 2357 2580 3342 3415 3774 4109 4125 4145 4546 4647 5261 5626 5917 5958 6368 6831 6881 7678 7826 7938 8224 9418 9597 9717 9779 9987 10071 10191
38;8;232 386 445 768 852 1571 1619 1931 2164 2185 2357 2580 3342 3415 3774 4109 4125 4145 4546 4647 5261 5626 5917 5958 6368 6375 6831 6881 7678 7826 7938 9418 9597 9717 9779 9987 10071 10191
38;8;232 386 445 768 852 1571 1619 1931 2164 2185 2357 2580 3342 3415 3774 4109 4125 4145 4546 4647 5261 5626 5917 5958 6368 6831 6881 7678 7826 7938 9418 9597 9717 9779 9987 10071 10191 10230
38;8;232 386 445 768 852 1571 1619 1931 2164 2185 2357 2580 3342 3415 3418 3774 4109 4125 4145 4546 4647 5261 5626 5917 5958 6368 6831 6881 7678 7826 7938 9418 9597 9717 9779 9987 10071 10191
38;8;232 386 445 768 852 1571 1619 1931 2164 2185 2357 2580 3342 3415 3418 3774 4109 4125 4546 4647 5261 5626 5917 5958 6368 6831 6881 7678 7826 7938 9418 9597 9717 9779 9987 10071 10191 10230
38;8;232 386 445 768 852 1571 1619 1931 2164 2185 2357 2580 3342 3415 3418 3774 4109 4125 4546 4647 5261 5626 5917 5958 6368 6375 6831 6881 7678 7826 7938 9418 9597 9717 9779 9987 10071 10191
38;8;232 386 445 768 852 1571 1619 1931 2164 2185 2357 2580 3342 3415 3774 4109 4125 4546 4647 5261 5626 5917 5958 6368 6375 6831 6881 7678 7826 7938 9418 9597 9717 9779 9987 10071 10191 10230
39;8;232 386 445 768 852 1571 1619 1931 2164 2185 2357 2580 3342 3415 3418 3774 4109 4125 4324 4546 4647 5261 5626 5917 5958 6368 6831 6881 7678 7826 7938 8224 9418 9597 9717 9779 9987 10071 10191
