Tamanho    Peso
114  4661
122  5334
93  4123
107  4539
101  4180
127  4802
105  4601
96  4405
103  4551
103  4339
78  3309
109  4673
111  4837
98  4319
105  4408
114  5180
113  4741
94  4089
102  4455
107  4410
89  3860
112  4826
98  4112
115  4528
106  4399
122  5524
97  4099
110  4771
125  5322
107  4263
107  4356
100  3984
125  5631
104  4364
105  4237
121  5219
120  5366
106  4397
89  3718
91  3684
115  4766
114  4541
104  4658
116  4675
115  4998
106  4512
106  4311
90  3827
104  4680
110  4733

Time taken: 190
