***********CONSTRUÇÃO**************
ANTES | DEPOIS
0.400193   0.225614
0.402818   0.226605
0.400392   0.225716
0.401198   0.228675
0.399868   0.22562
0.401226   0.225782
0.400865   0.225164
0.402527   0.225547
0.401622   0.22451
0.399558   0.223988
0.400402   0.222765
0.401082   0.227101
0.399703   0.224445
0.400935   0.227417
0.401022   0.224596
0.400865   0.226168
0.402926   0.224435
0.400886   0.224794
0.400817   0.225074
0.400173   0.223798
0.400313   0.224301
0.401566   0.227053
0.401421   0.224616
0.400768   0.228326
0.401804   0.225013
0.401438   0.225378
0.400105   0.225342
0.402092   0.225891
0.401022   0.224835
0.402923   0.223576
0.40227   0.223189
0.401428   0.226185
0.401614   0.226291
0.401929   0.227569
0.401072   0.223791
0.401044   0.225755
0.402614   0.226509
0.402017   0.224972
0.400404   0.225259
0.400617   0.224319
0.402121   0.223756
0.40046   0.226375
0.401373   0.225938
0.40121   0.226857
0.401115   0.225876
0.401508   0.22623
0.401212   0.225424
0.399891   0.225923
0.401095   0.22371
0.401217   0.222464
***********BUSCA LOCAL**************
ANTES | DEPOIS
0.47781   0.201971
0.779558   0.292184
1.17135   0.291359
0.866576   0.192013
0.867612   0.29257
0.676781   0.19369
0.578084   0.195285
0.681393   0.19355
0.875169   0.291896
0.874587   0.196259
0.672943   0.293476
0.384656   0.290336
0.685388   0.290129
0.486235   0.196172
0.393235   0.388637
0.481677   0.193895
0.485383   0.391821
0.779301   0.387359
0.475571   0.193765
0.576038   0.297016
0.67265   0.19435
0.58301   0.196597
0.868719   0.193889
0.391166   0.19363
0.387912   0.194651
0.673218   0.391825
0.492051   0.193917
0.575295   0.19226
0.386133   0.191548
0.674483   0.197988
0.577051   0.192622
0.596537   0.580115
0.670269   0.195636
0.977298   0.195521
0.869862   0.197093
0.489987   0.194997
0.683539   0.19101
0.585515   0.190667
0.773538   0.196452
0.877123   0.193544
0.676693   0.196072
0.292712   0.196439
0.67989   0.196051
1.47167   0.293093
0.775769   0.191391
0.873594   0.190735
0.290417   0.193172
0.971384   0.195086
0.487934   0.390801
0.579271   0.193254
