Tamanho    Peso
1104  35153
1099  34838
1107  34946
1108  34997
1104  35061
1104  35133
1112  35007
1111  35167
1106  34888
1100  34784
1103  34994
1106  35317
1112  35225
1096  35056
1114  35142
1095  35001
1109  35313
1104  34945
1107  35205
1107  35092
1107  35086
1098  35178
1108  34946
1105  35474
1110  35310
1100  35049
1101  35196
1110  35156
1102  35467
1114  35148
1096  35050
1115  35202
1109  35210
1106  34841
1109  35054
1105  35193
1101  34991
1104  34930
1098  35203
1116  35148
1096  35009
1099  35461
1100  35096
1106  34954
1110  35197
1105  35091
1088  35417
1112  35055
1099  35179
1112  35269

Time taken: 53
