***********CONSTRUÇÃO**************
ANTES | DEPOIS
0.206512   0.143503
0.206575   0.147763
0.207817   0.137156
0.206919   0.144881
0.208091   0.147222
0.208014   0.142967
0.206161   0.144959
0.210147   0.146941
0.208459   0.145679
0.20909   0.143542
0.208582   0.138657
0.207777   0.145941
0.207266   0.137419
0.20849   0.146081
0.206636   0.147034
0.210029   0.143628
0.207116   0.144123
0.205259   0.146869
0.210808   0.145541
0.20574   0.143747
0.208291   0.13834
0.205977   0.145242
0.207599   0.137196
0.207474   0.145135
0.205525   0.146037
0.207554   0.143464
0.208746   0.144782
0.207362   0.148154
0.209451   0.144732
0.20782   0.144922
0.207686   0.138934
0.207398   0.145718
0.207396   0.136668
0.205341   0.145564
0.208615   0.145547
0.208961   0.143349
0.208906   0.145312
0.207813   0.147087
0.206269   0.147248
0.208959   0.142784
0.207132   0.138784
0.20927   0.146596
0.208163   0.138333
0.207583   0.145204
0.207541   0.146628
0.207309   0.144294
0.210242   0.14438
0.210255   0.147155
0.206505   0.145195
0.208524   0.143167
***********BUSCA LOCAL**************
ANTES | DEPOIS
0.237932   0.131142
0.174244   0.186642
0.111494   0.125375
0.119584   0.123551
0.172669   0.124465
0.177382   0.122237
0.1109   0.12352
0.122936   0.117752
0.120062   0.128667
0.179887   0.12733
0.11429   0.129139
0.229846   0.126468
0.116761   0.128821
0.118291   0.127251
0.117828   0.367212
0.108185   0.130542
0.117722   0.129284
0.121632   0.121844
0.113695   0.239449
0.125575   0.116435
0.187035   0.133234
0.122174   0.12443
0.11447   0.121315
0.12475   0.12735
0.110105   0.126816
0.108916   0.128753
0.244892   0.124049
0.111238   0.129334
0.236305   0.184661
0.124059   0.128227
0.117813   0.126098
0.115353   0.12901
0.117679   0.123355
0.112399   0.24845
0.126381   0.123271
0.233168   0.125013
0.114965   0.132107
0.123583   0.125236
0.120735   0.367154
0.121702   0.125218
0.114647   0.122781
0.116284   0.119117
0.120485   0.123489
0.11187   0.126626
0.105523   0.121033
0.172717   0.243765
0.111358   0.128112
0.108098   0.126335
0.124207   0.182637
0.165076   0.119369
