Tamanho    Peso
241  8723
249  8724
265  8579
264  8718
239  8632
245  8734
264  8751
271  8916
266  8644
248  8584
267  8587
239  8424
266  8696
266  8918
261  8901
269  8739
264  8709
266  8666
268  8657
265  8724
236  8370
261  8700
266  8736
261  8682
266  8880
268  8703
241  8413
265  8687
241  8584
265  8905
267  8772
264  8791
261  8703
260  8747
264  8528
231  8374
271  8752
267  8552
266  8847
268  8746
264  8682
268  8679
267  8733
265  8682
266  8706
236  8635
270  8824
267  8664
263  8602
244  8756

Time taken: 17
