***********CONSTRUÇÃO**************
ANTES | DEPOIS
1.60496   1.34517
1.60821   1.32511
1.61026   1.34103
1.61235   1.34738
1.61396   1.34321
1.60946   1.3468
1.60894   1.34258
1.61792   1.33965
1.61328   1.35043
1.60732   1.33982
1.61762   1.34114
1.6157   1.32384
1.6088   1.34235
1.62016   1.34709
1.61672   1.34454
1.61024   1.34759
1.61546   1.34436
1.60994   1.34256
1.61455   1.34942
1.60799   1.33965
1.61593   1.34058
1.61222   1.32529
1.61726   1.3414
1.6124   1.34571
1.62059   1.34359
1.61732   1.34619
1.61463   1.34434
1.61501   1.34085
1.60079   1.34751
1.61019   1.33748
1.61352   1.34144
1.6146   1.32415
1.60975   1.34301
1.6171   1.34771
1.61355   1.34364
1.61298   1.34754
1.61767   1.34312
1.6135   1.33858
1.61153   1.34875
1.60794   1.33835
1.60803   1.34227
1.6155   1.32573
1.61254   1.34382
1.6172   1.34705
1.61034   1.34142
1.60739   1.34713
1.60649   1.34377
1.61101   1.33963
1.62477   1.3488
1.60633   1.33902
***********BUSCA LOCAL**************
ANTES | DEPOIS
1.48777   2.42354
2.36848   2.84573
1.9957   1.98498
1.4625   1.87992
1.37641   1.43287
1.43239   2.90835
1.47699   1.97562
1.41728   1.96798
2.35868   2.44606
1.38745   1.92822
1.4792   1.84645
1.458   2.35505
1.46637   1.96027
2.39636   2.34461
1.49186   1.41941
1.91019   1.43409
1.39455   1.96822
1.495   1.47886
1.89196   1.48303
1.45534   3.41159
2.81557   1.92968
1.87404   1.00388
1.41049   1.50472
1.92775   1.47554
1.37727   1.39731
1.45056   1.4292
2.40527   2.33144
1.91622   2.46081
1.48509   1.44454
1.9186   2.40691
1.46229   1.5156
1.48955   1.44791
1.45942   1.39814
2.90349   3.8647
1.99282   1.83141
1.94945   2.44468
3.40308   2.45772
2.49292   1.93243
2.3888   2.44647
1.91032   1.50731
3.37373   1.84927
0.996411   1.95363
1.37593   1.84487
2.39712   1.84856
1.97892   2.95373
1.43407   1.38414
1.95394   1.42194
2.38195   1.42553
1.89221   1.41029
2.43872   1.39006
