Tamanho    Peso
1068  37181
1070  36693
1079  37206
1073  37247
1073  36754
1084  36993
1060  37325
1060  36791
1072  36793
1068  37238
1072  36931
1075  36985
1074  36831
1076  36797
1073  36856
1062  36838
1068  36934
1075  37181
1075  37006
1070  37040
1077  37097
1077  36837
1077  37087
1073  36922
1063  36968
1065  36661
1070  36728
1069  37190
1059  37000
1070  36995
1077  36657
1059  37459
1074  36660
1067  36940
1068  36953
1078  36799
1060  36701
1081  36887
1071  37007
1087  36961
1076  36996
1072  36863
1065  36569
1084  37083
1077  36776
1069  36855
1054  37353
1075  36809
1064  36907
1074  37024

Time taken: 53
