***********CONSTRUÇÃO**************
ANTES | DEPOIS
1.64891   1.09519
1.64869   1.08916
1.64431   1.08955
1.64634   1.08082
1.64775   1.09374
1.65331   1.09111
1.65336   1.09629
1.65652   1.09127
1.65159   1.08207
1.65186   1.08561
1.64996   1.09013
1.65067   1.08982
1.65728   1.09221
1.65435   1.08125
1.64467   1.09111
1.64683   1.08869
1.65774   1.09421
1.65124   1.09038
1.65433   1.08536
1.64753   1.08421
1.64253   1.09384
1.65659   1.09076
1.65269   1.09299
1.64936   1.0794
1.65528   1.09107
1.64641   1.08874
1.6528   1.09363
1.64997   1.08624
1.65246   1.08028
1.65428   1.07684
1.65351   1.09246
1.6492   1.08785
1.64657   1.0932
1.65034   1.08198
1.66109   1.0988
1.64973   1.08673
1.64867   1.09544
1.65147   1.09292
1.64839   1.08198
1.65393   1.08458
1.65267   1.09173
1.64821   1.08873
1.6503   1.08992
1.64797   1.08011
1.64564   1.09257
1.65537   1.08696
1.64745   1.09694
1.64764   1.08825
1.65263   1.08589
1.65108   1.08515
***********BUSCA LOCAL**************
ANTES | DEPOIS
3.04429   0.867309
2.61116   0.884481
4.37623   0.894273
4.40168   0.870206
2.64984   0.884575
2.17562   0.889232
3.08062   0.88197
3.50433   0.883134
2.18657   0.896238
2.20933   0.883688
3.91192   0.8801
3.05637   0.888674
2.63057   0.872155
3.48967   1.31958
3.97197   0.907361
3.06812   0.882622
3.91299   0.881185
3.07299   0.885677
2.63919   0.885114
2.18705   0.866678
3.0883   0.899861
2.65461   0.886336
2.63803   0.873188
3.03582   0.888153
1.7284   0.886833
4.81785   0.87142
3.07331   0.882097
2.17012   0.880721
3.06029   0.884363
2.62724   0.879944
3.05772   0.879535
2.17678   0.886796
4.38018   1.76607
2.17723   0.878197
3.06815   1.76323
2.18781   0.891094
5.27876   0.869278
2.61202   0.891948
2.66097   0.879905
3.07673   0.87914
3.04363   0.878398
3.51691   0.880683
3.9127   0.887013
3.48511   0.872115
3.05542   0.892708
2.17688   1.32663
3.03944   0.88776
3.06726   0.87623
2.17087   0.887888
3.05695   1.31021
