Tamanho    Peso
1707  55888
1708  56025
1703  55935
1714  55923
1697  55610
1695  55783
1710  55966
1693  55905
1685  55686
1702  55759
1700  55742
1704  55972
1701  55761
1691  55669
1696  56079
1689  55711
1692  55927
1691  55633
1698  55809
1702  55677
1710  55910
1710  55999
1718  55832
1702  55822
1695  55753
1694  55833
1693  55689
1687  55737
1684  55552
1695  55653
1705  55853
1691  55626
1703  55500
1705  55877
1691  55850
1685  55733
1687  55696
1706  55871
1698  55773
1706  55707
1705  55863
1700  55967
1708  55879
1708  56026
1683  55880
1677  55719
1700  55699
1698  55897
1701  55934
1691  55768

Time taken: 102
