Tamanho    Peso
238  7155
240  7116
236  7190
240  7346
248  7420
243  7117
242  7226
243  7389
235  7195
219  7155
239  7284
240  7129
243  7221
242  7308
241  7208
238  7227
240  7032
240  7326
238  7132
235  7050
243  7327
244  7487
214  7131
238  7320
236  7017
217  7149
217  7127
237  7185
246  7321
246  7326
237  7183
241  7168
209  7124
239  7246
211  6949
241  7221
220  6975
246  7154
245  7421
218  6920
214  7121
243  7218
216  6885
241  7292
243  7120
238  7213
238  7046
244  7297
213  7005
242  7220

Time taken: 16
