Tamanho    Peso
238  8258
211  7416
241  8150
238  8061
230  7855
239  8178
234  7950
226  7817
240  8315
241  8152
244  8438
223  7866
237  8076
240  8339
229  8204
247  8405
246  8227
249  8443
243  8234
236  8261
246  8379
221  7790
239  8224
232  8057
235  8192
233  7877
248  8154
238  8401
250  8622
236  8137
241  8449
223  7847
233  8105
240  8323
234  8266
246  8437
236  8015
246  8488
242  8218
239  8155
249  8426
225  7894
244  8236
237  8044
247  8449
242  8098
233  7926
234  8279
248  8528
241  8223

Time taken: 19
