117;8;8 42 68 81 86 175 192 214 249 259 260 270 271 273 275 278 282 364 378 383 384 397 418 423 428 431 465 483 492 501 509 532 556 575 594 615 628 680 686 729 749 806 822 848 852 856 920 930 963 1046 1194 1218 1261 1264 1306 1369 1435 1442 1450 1523 1531 1537 1640 1711 1731 1735 1761 1766 1858 1901 1971 2049 2066 2146 2301 2316 2421 2429 2455 2503 2558 2626 2663 2778 2881 2948 3037 3216 3233 3246 3253 3271 3300 3322 3338 3388 3407 3439 3470 3495 3505 3553 3592 3623 3638 3641 3652 3672 3685 3695 3769 3781 3801 3867 3887 3980 3997
118;8;8 42 68 81 86 107 175 192 214 249 259 260 270 273 275 278 282 364 378 383 384 397 418 423 428 431 465 483 492 501 509 532 556 575 594 615 628 680 686 729 749 806 822 848 852 856 920 930 963 1046 1194 1218 1261 1264 1306 1369 1435 1442 1450 1523 1531 1537 1640 1711 1731 1735 1761 1766 1858 1901 1971 2049 2066 2146 2301 2316 2421 2429 2455 2503 2558 2626 2663 2778 2881 2948 3037 3216 3233 3246 3253 3271 3300 3322 3338 3388 3407 3439 3470 3495 3505 3553 3592 3623 3638 3641 3652 3672 3685 3695 3769 3781 3801 3810 3867 3887 3980 3997
120;8;8 68 81 86 133 175 192 214 230 249 259 260 270 273 275 278 282 364 378 383 384 397 418 423 428 431 465 483 492 501 509 532 556 575 594 615 628 637 680 686 687 712 729 749 822 829 848 852 856 920 963 1046 1194 1218 1252 1264 1306 1369 1435 1442 1450 1502 1523 1640 1711 1731 1735 1761 1826 1858 1901 1971 2049 2066 2230 2301 2316 2335 2421 2429 2455 2503 2558 2626 2663 2881 2948 3037 3054 3216 3233 3246 3253 3271 3300 3322 3338 3388 3407 3439 3470 3495 3505 3525 3553 3592 3638 3641 3652 3672 3685 3695 3769 3781 3801 3867 3887 3980 3997 4026
122;8;8 53 68 81 86 175 192 214 249 259 260 270 273 275 278 282 364 378 383 384 397 418 423 428 431 434 465 483 492 501 509 532 556 575 594 615 628 655 680 686 729 749 822 848 852 856 920 963 970 1046 1194 1218 1264 1306 1369 1435 1442 1450 1523 1564 1565 1640 1711 1731 1735 1761 1783 1858 1901 1971 2049 2066 2085 2301 2316 2361 2421 2429 2455 2503 2558 2620 2626 2663 2881 2948 3037 3216 3233 3246 3253 3271 3300 3322 3338 3388 3407 3426 3439 3470 3471 3495 3505 3553 3592 3638 3641 3652 3672 3685 3695 3727 3769 3775 3781 3801 3829 3867 3870 3887 3980 3997
123;8;8 42 68 81 86 133 175 192 214 249 259 260 270 273 275 278 282 364 378 383 384 397 418 423 428 431 465 483 492 501 509 532 556 575 594 615 628 637 680 686 729 749 806 822 825 829 848 852 856 920 930 963 1046 1194 1218 1261 1264 1306 1369 1435 1442 1450 1523 1531 1537 1640 1711 1731 1735 1761 1766 1858 1901 1971 2049 2066 2146 2230 2301 2316 2335 2421 2429 2455 2503 2558 2626 2663 2778 2821 2881 2948 3037 3216 3233 3246 3253 3271 3300 3322 3338 3388 3407 3439 3470 3495 3505 3553 3592 3623 3638 3641 3652 3672 3685 3695 3769 3781 3801 3867 3887 3980 3997
123;8;8 68 81 86 133 175 192 214 236 249 259 260 270 273 275 278 282 364 378 383 384 397 418 423 428 431 434 465 483 492 501 509 532 556 575 594 615 628 637 655 680 686 729 749 822 829 839 848 852 856 920 963 970 1046 1194 1218 1264 1306 1369 1435 1442 1450 1523 1564 1640 1711 1731 1735 1761 1858 1901 1971 2049 2066 2085 2230 2301 2316 2335 2421 2429 2455 2503 2558 2626 2663 2881 2948 3037 3216 3233 3246 3253 3271 3300 3322 3338 3388 3407 3426 3439 3470 3471 3495 3505 3553 3592 3638 3641 3652 3672 3685 3695 3769 3775 3781 3801 3837 3867 3870 3887 3980 3997
123;8;8 68 81 86 175 192 214 249 259 260 270 273 275 278 282 364 378 383 384 397 418 423 428 431 434 465 483 492 501 509 532 556 575 594 615 628 655 680 686 687 712 729 749 822 848 852 856 920 963 970 1046 1194 1218 1252 1264 1306 1369 1435 1442 1450 1456 1502 1523 1564 1640 1711 1731 1735 1761 1826 1858 1901 1971 2049 2066 2085 2301 2316 2421 2429 2455 2503 2558 2626 2663 2881 2948 3037 3216 3233 3246 3253 3271 3300 3322 3338 3388 3407 3426 3439 3470 3471 3495 3505 3525 3553 3592 3638 3641 3652 3672 3685 3695 3769 3775 3781 3801 3860 3867 3870 3887 3980 3997
124;8;8 42 68 81 86 175 192 214 249 259 260 270 273 275 278 282 364 378 383 384 397 418 423 428 431 465 483 492 501 509 532 556 575 594 615 628 680 686 687 712 729 749 806 822 848 852 856 920 930 963 1046 1194 1218 1252 1261 1264 1306 1369 1435 1436 1442 1450 1502 1523 1531 1537 1640 1711 1731 1735 1761 1766 1826 1858 1901 1971 2049 2066 2146 2301 2316 2421 2429 2455 2503 2558 2626 2663 2672 2778 2881 2948 3037 3216 3233 3246 3253 3271 3300 3322 3338 3388 3407 3439 3470 3495 3505 3525 3553 3592 3623 3638 3641 3652 3672 3685 3695 3769 3781 3801 3867 3887 3980 3997
125;8;8 42 53 68 81 86 175 192 214 249 259 260 270 273 275 278 282 364 378 383 384 397 418 423 428 431 465 483 492 501 509 532 556 575 594 615 628 680 686 729 749 806 822 848 852 856 920 930 963 1046 1099 1110 1194 1218 1219 1261 1264 1306 1369 1435 1442 1450 1523 1531 1537 1640 1709 1711 1712 1731 1735 1761 1766 1858 1901 1971 2049 2066 2146 2301 2316 2361 2421 2429 2455 2503 2558 2626 2663 2778 2881 2948 3037 3216 3233 3246 3253 3271 3300 3322 3338 3388 3407 3439 3470 3495 3505 3553 3592 3623 3638 3641 3652 3672 3685 3695 3702 3727 3769 3781 3801 3867 3887 3980 3997
127;8;8 23 42 68 81 86 175 192 214 249 259 260 270 273 275 278 282 364 378 383 384 397 418 423 428 431 434 465 483 492 501 509 532 556 575 594 615 628 655 680 686 729 749 806 822 848 852 856 920 930 963 970 1046 1194 1218 1261 1264 1306 1369 1435 1442 1450 1453 1523 1531 1537 1564 1640 1711 1731 1735 1761 1766 1858 1901 1971 2049 2066 2085 2146 2301 2316 2421 2429 2455 2503 2558 2626 2663 2778 2881 2948 3037 3216 3233 3246 3253 3271 3300 3322 3338 3388 3407 3426 3439 3470 3471 3495 3505 3553 3592 3623 3638 3641 3652 3672 3685 3695 3769 3775 3781 3801 3867 3870 3887 3980 3997
