Tamanho    Peso
1034  33238
1037  33334
1028  33433
1040  33501
1042  33275
1028  33099
1034  33174
1039  33284
1019  33147
1027  33509
1038  33665
1043  33714
1037  33527
1037  33408
1039  33323
1040  33243
1038  33327
1036  33377
1028  33297
1032  33137
1034  33513
1034  33361
1036  33477
1041  33267
1031  33457
1039  33303
1017  32863
1035  33470
1038  33463
1026  33116
1032  33195
1032  33415
1037  33375
1029  33561
1031  33360
1035  33215
1036  33513
1022  33011
1046  33568
1031  33093
1030  33221
1035  33209
1030  33305
1028  33227
1029  33276
1042  33285
1033  33506
1034  33397
1032  33339
1032  33310

Time taken: 61
