Tamanho    Peso
1033  33211
1039  33286
1033  33062
1029  32953
1025  33097
1019  33110
1027  33239
1037  33138
1032  33205
1029  33157
1031  33152
1027  33197
1026  32885
1036  33117
1033  33126
1035  32990
1035  33272
1036  33060
1024  33205
1029  33103
1034  33214
1018  32792
1041  33172
1025  33064
1037  33152
1038  33076
1035  33208
1035  33116
1038  33276
1026  33097
1026  33094
1031  33116
1030  33093
1036  33096
1032  32948
1017  32795
1032  33205
1032  32975
1031  33053
1028  33020
1030  33120
1035  33217
1026  33095
1034  33121
1015  32927
1027  32841
1030  33311
1028  33031
1023  32927
1026  33152

Time taken: 31
