***********CONSTRUÇÃO**************
ANTES | DEPOIS
0.391688   0.219643
0.391458   0.21834
0.390173   0.216488
0.391865   0.215868
0.391694   0.216665
0.392568   0.21403
0.391437   0.215106
0.392226   0.214193
0.390329   0.212503
0.38952   0.213095
0.391923   0.21649
0.389863   0.219286
0.390306   0.216389
0.391384   0.21564
0.392683   0.216039
0.391613   0.214255
0.390906   0.215986
0.392422   0.213611
0.391898   0.212182
0.391535   0.212817
0.391658   0.217118
0.39098   0.218722
0.391965   0.216548
0.392885   0.215653
0.392529   0.21693
0.390282   0.214359
0.391704   0.215501
0.391845   0.214186
0.390595   0.212051
0.391689   0.212575
0.391377   0.216913
0.3927   0.219086
0.392023   0.216121
0.3905   0.215663
0.392463   0.216055
0.391211   0.214853
0.392415   0.215602
0.392446   0.213679
0.392007   0.212156
0.390651   0.212345
0.390389   0.216537
0.391733   0.21776
0.392291   0.216438
0.392694   0.215907
0.392985   0.216617
0.391282   0.214564
0.391503   0.215412
0.390611   0.214191
0.390159   0.213016
0.392526   0.212518
***********BUSCA LOCAL**************
ANTES | DEPOIS
0.471905   0.191909
0.47755   0.194746
0.568586   0.189973
0.755869   0.185002
0.568029   0.187714
0.565464   0.193836
0.474364   0.19113
0.770105   0.190881
0.75135   0.287209
0.757981   0.18934
0.559935   0.187547
1.24252   0.191874
0.667214   0.383856
0.566533   0.18715
0.662975   0.190793
1.05174   0.188726
0.47283   0.186278
0.672874   0.192402
0.662319   0.188924
0.855141   0.188525
0.567069   0.190163
0.382661   0.280352
0.841913   0.384769
0.580181   0.194752
0.471149   0.19471
0.755231   0.195818
0.375788   0.288665
0.468453   0.192579
0.565694   0.189853
0.842764   0.191749
0.377649   0.187163
0.850251   0.195035
0.756513   0.191805
0.374227   0.380542
0.954101   0.477214
0.478413   0.187892
0.571253   0.196136
0.376634   0.195964
0.279772   0.190658
0.379685   0.192585
0.86845   0.287425
0.853138   0.190309
1.24562   0.379536
0.570973   0.286815
0.480409   0.293957
0.483772   0.187631
0.766724   0.192234
0.852819   0.189192
0.756833   0.191333
0.770841   0.192207
