Tamanho    Peso
1710  56391
1693  55927
1716  56372
1711  56704
1660  57012
1690  57232
1718  56144
1710  56782
1695  57194
1692  56115
1701  56094
1708  56666
1705  56133
1715  56315
1722  56673
1702  56415
1702  56404
1695  56282
1708  56358
1698  56164
1724  56524
1691  55656
1708  56211
1695  56439
1706  56381
1709  56258
1723  56945
1718  56309
1723  56592
1716  56443
1728  56420
1708  56320
1716  56519
1692  56388
1693  56372
1701  56636
1700  56117
1691  56347
1720  56328
1716  56740
1711  56525
1710  56414
1699  56522
1702  56356
1707  56298
1725  56864
1710  56591
1695  55976
1696  55948
1705  56169

Time taken: 239
