***********CONSTRUÇÃO**************
ANTES | DEPOIS
0.213562   0.151581
0.215982   0.132495
0.214045   0.134834
0.216835   0.130877
0.215439   0.136179
0.215238   0.135897
0.214074   0.135193
0.214215   0.135561
0.21539   0.135156
0.215086   0.099282
0.213484   0.147846
0.215184   0.132529
0.215214   0.133531
0.214642   0.131084
0.214889   0.136205
0.214646   0.135537
0.213469   0.136662
0.21464   0.136466
0.216337   0.134164
0.215829   0.099232
0.216061   0.147167
0.214865   0.131573
0.215617   0.134093
0.214729   0.131394
0.215091   0.136139
0.214731   0.136594
0.216199   0.137104
0.214231   0.135836
0.215956   0.134556
0.215447   0.099321
0.213988   0.147064
0.218379   0.13245
0.215359   0.134624
0.215508   0.131439
0.2146   0.135658
0.214567   0.136138
0.212951   0.136342
0.215615   0.136309
0.215161   0.134725
0.215488   0.099246
0.213351   0.14693
0.215405   0.132022
0.216559   0.133603
0.215262   0.131358
0.215205   0.135768
0.215505   0.136007
0.216625   0.135609
0.213707   0.13638
0.216333   0.134873
0.21516   0.099293
***********BUSCA LOCAL**************
ANTES | DEPOIS
0.113919   0.125741
0.125131   0.123296
0.118955   0.129888
0.240669   0.133623
0.127142   0.133716
0.119197   0.133158
0.173647   0.132449
0.12368   0.129923
0.1235   0.123594
0.11162   0.123142
0.126866   0.131056
0.1311   0.129224
0.115353   0.125541
0.127429   0.1349
0.122369   0.133987
0.126003   0.129581
0.119861   0.122181
0.127676   0.13759
0.124675   0.124265
0.122537   0.130357
0.115322   0.129675
0.119796   0.132896
0.12515   0.128393
0.128212   0.127616
0.1205   0.12761
0.127108   0.126189
0.127671   0.13028
0.120625   0.131209
0.111521   0.123799
0.122879   0.122033
0.175286   0.129343
0.118814   0.13695
0.114506   0.131303
0.124765   0.13139
0.125073   0.137179
0.131507   0.139705
0.129239   0.126169
0.127637   0.141023
0.120312   0.137613
0.116675   0.119807
0.240249   0.264941
0.125157   0.14255
0.124031   0.123468
0.120829   0.118898
0.120696   0.129897
0.116039   0.126336
0.122297   0.132759
0.113755   0.127133
0.122895   0.126018
0.128304   0.133171
