***********CONSTRUÇÃO**************
ANTES | DEPOIS
0.480324   0.303525
0.480546   0.305737
0.479993   0.304237
0.481791   0.30571
0.480128   0.305181
0.480411   0.303393
0.48113   0.304625
0.478911   0.301206
0.479991   0.302125
0.480008   0.300585
0.480509   0.301811
0.478921   0.304096
0.480991   0.304586
0.480156   0.304719
0.480002   0.306036
0.481011   0.302728
0.479365   0.302573
0.479462   0.300689
0.479652   0.301737
0.480132   0.302158
0.478405   0.301069
0.48115   0.304004
0.479245   0.304945
0.480783   0.304801
0.479585   0.305919
0.480551   0.301822
0.480316   0.303412
0.481809   0.301578
0.480973   0.301117
0.480141   0.299984
0.480871   0.302283
0.479041   0.303171
0.478854   0.304785
0.480041   0.305509
0.477972   0.305395
0.480266   0.302014
0.480215   0.30275
0.480255   0.301193
0.480564   0.301337
0.481262   0.301239
0.480278   0.301526
0.480511   0.303858
0.478581   0.305488
0.481381   0.305
0.481251   0.304602
0.479968   0.30233
0.480487   0.303008
0.481949   0.301552
0.480849   0.301605
0.480354   0.299429
***********BUSCA LOCAL**************
ANTES | DEPOIS
0.891215   0.253675
0.765431   0.503473
0.624576   0.378595
0.501095   0.644972
1.5175   0.249537
0.885044   0.378515
1.01136   0.384388
0.636852   0.509254
0.88575   0.380963
0.887785   0.389121
0.629472   0.385812
0.890913   0.505933
0.882958   0.516974
0.878618   0.509286
0.893543   0.50925
0.631031   0.381989
0.755241   0.514149
0.754101   0.508054
0.503679   0.513358
1.13236   0.381764
0.636207   0.514055
1.01137   0.502296
0.890714   0.257425
0.373574   0.386083
1.76834   0.515175
1.0107   0.384193
1.27443   0.253096
0.884751   0.37876
0.643128   0.383738
0.503416   0.25416
0.500455   0.253299
0.756487   0.75744
1.13875   0.630414
0.375893   0.381615
1.00953   0.254242
0.632524   0.378948
0.628701   0.38247
0.625506   0.386466
0.501619   0.25879
0.890779   0.635207
0.744576   0.637194
0.509341   0.506445
0.63547   0.504811
1.13424   0.389513
0.62832   0.37784
0.502656   0.377387
0.511094   0.383986
1.01702   0.380497
0.883336   0.624237
0.631892   0.510448
