Tamanho    Peso
1091  36199
1075  36330
1077  36283
1070  35939
1090  36042
1089  36397
1081  35898
1084  36417
1081  36072
1083  36262
1078  36313
1097  36077
1090  36237
1082  35859
1074  35795
1085  36462
1083  36205
1090  36251
1084  36448
1083  35974
1072  36030
1089  36187
1079  35844
1070  36652
1088  35956
1090  36175
1086  36119
1088  36245
1090  36313
1076  36453
1070  35975
1081  36103
1094  35924
1063  36328
1083  35920
1068  35981
1080  36318
1069  36275
1074  36307
1093  36174
1079  36268
1089  36079
1088  36154
1083  36126
1087  36419
1075  36425
1080  36149
1078  35813
1087  36099
1082  36059

Time taken: 64
