***********CONSTRUÇÃO**************
ANTES | DEPOIS
1.82163   1.70315
1.82157   1.70218
1.81725   1.69944
1.81863   1.70024
1.82166   1.70212
1.81851   1.69826
1.82084   1.69885
1.81996   1.7022
1.82238   1.69894
1.81511   1.70328
1.81771   1.69685
1.82197   1.70306
1.81938   1.69868
1.81938   1.69759
1.81578   1.69754
1.82261   1.69959
1.81559   1.69682
1.82283   1.70302
1.8108   1.70222
1.81945   1.69931
1.81935   1.69817
1.81425   1.70357
1.82074   1.6925
1.81104   1.70579
1.82065   1.70194
1.81843   1.69894
1.82087   1.6953
1.82076   1.706
1.82224   1.69817
1.8209   1.70211
1.81921   1.69916
1.81351   1.69792
1.81415   1.69588
1.81742   1.70721
1.81486   1.70047
1.81708   1.7029
1.81819   1.69416
1.81648   1.70361
1.81539   1.70152
1.81271   1.70815
1.81503   1.69932
1.81523   1.70631
1.81779   1.69978
1.81664   1.70138
1.81491   1.70162
1.81937   1.69882
1.81694   1.69813
1.82055   1.70168
1.81834   1.70066
1.81858   1.70158
***********BUSCA LOCAL**************
ANTES | DEPOIS
1.18706   1.76719
1.21122   1.84407
1.22588   1.86125
2.43769   1.80027
1.17249   1.85149
1.18821   1.86984
1.18383   1.88898
1.19863   4.34809
1.21578   2.47575
1.17422   1.85529
1.19703   1.87043
1.19233   1.84375
1.83397   1.85825
1.25421   1.8653
1.19325   2.48367
1.2191   3.10283
1.21322   3.12653
1.84485   1.87122
2.43985   2.44577
1.2367   1.86073
1.21639   3.12278
1.23573   2.49041
1.21067   2.49454
1.24245   1.82104
1.20262   1.86033
1.24529   3.1029
1.20695   1.87439
1.82605   2.46864
1.82218   1.78886
1.81293   2.50732
1.24061   1.84135
1.22252   3.1067
1.25097   1.8251
1.23794   1.87989
1.82213   1.83137
1.21219   1.85476
1.20275   1.87444
1.21035   1.88861
1.20715   1.84096
1.24074   1.81469
1.19386   1.87853
1.80448   2.4461
1.2427   1.86299
1.21142   1.83967
1.18762   1.87394
1.21994   2.42737
1.21327   2.48666
1.22386   1.84317
1.17005   1.87564
1.21978   1.87275
