Tamanho    Peso
115  4745
152  6190
151  6228
149  5965
153  6178
158  6362
162  6319
157  6222
152  5924
151  6226
162  6419
154  6087
156  6100
152  6406
159  6340
149  5723
161  6539
159  6450
150  6259
156  6502
166  6490
154  6262
167  6384
150  6085
147  5910
159  6246
153  6255
149  6065
126  5050
160  6394
150  5953
149  5686
130  5135
152  6214
149  5846
150  6023
166  6797
165  6777
147  6087
124  5459
157  6274
137  5269
147  5966
151  6128
153  6195
130  5188
155  6111
145  5850
158  6374
158  6204

Time taken: 193
