Tamanho    Peso
1086  35585
1082  36095
1098  36076
1090  35797
1087  36387
1096  36118
1094  35749
1096  35698
1097  35849
1093  35704
1086  35582
1095  35838
1096  35809
1090  35718
1088  35971
1091  35879
1092  35765
1089  35635
1096  36082
1101  36206
1088  35439
1089  36212
1093  35893
1092  35739
1104  36055
1100  35891
1097  35952
1091  35727
1098  35823
1092  35733
1096  35859
1103  35993
1083  35702
1085  35704
1102  35900
1095  35843
1096  35817
1091  35815
1093  35721
1094  35793
1098  35702
1104  35917
1091  35735
1094  35958
1094  35893
1089  35597
1087  35854
1093  35889
1089  36072
1089  36107

Time taken: 58
