Tamanho    Peso
1057  34434
1053  34428
1058  34591
1048  34428
1047  34288
1048  34319
1049  34394
1052  34391
1047  34404
1051  34402
1057  34359
1049  34481
1054  34642
1054  34392
1047  34458
1049  34417
1055  34490
1052  34546
1045  34282
1049  34375
1051  34402
1055  34332
1048  34431
1055  34381
1043  34358
1048  34355
1050  34250
1047  34329
1050  34339
1050  34357
1055  34401
1045  34288
1051  34496
1052  34409
1045  34442
1050  34403
1052  34353
1047  34224
1054  34449
1051  34495
1052  34357
1050  34421
1056  34521
1048  34272
1046  34417
1054  34315
1053  34340
1045  34237
1048  34359
1047  34409

Time taken: 27
