***********CONSTRUÇÃO**************
ANTES | DEPOIS
0.390716   0.211908
0.390329   0.210888
0.391905   0.211188
0.392352   0.205886
0.39187   0.209609
0.39216   0.207843
0.392384   0.205396
0.391805   0.206844
0.389581   0.208383
0.391163   0.208403
0.391518   0.20971
0.389826   0.211308
0.392007   0.210682
0.390776   0.205639
0.391464   0.209244
0.391785   0.207093
0.392711   0.205725
0.390166   0.20677
0.390794   0.208677
0.390586   0.207599
0.392094   0.210852
0.390796   0.210743
0.392478   0.210849
0.391394   0.206003
0.390481   0.210211
0.392556   0.207286
0.392156   0.205064
0.390534   0.206917
0.39114   0.20996
0.391678   0.207352
0.390967   0.210119
0.392362   0.211362
0.391521   0.210816
0.391011   0.204992
0.390766   0.208957
0.391441   0.207525
0.391828   0.205359
0.391165   0.20735
0.391697   0.209695
0.392049   0.208219
0.391368   0.211046
0.391286   0.210794
0.393259   0.211499
0.3916   0.205266
0.390082   0.209333
0.39069   0.207797
0.391611   0.204697
0.393141   0.207383
0.392077   0.208305
0.390787   0.207659
***********BUSCA LOCAL**************
ANTES | DEPOIS
0.660109   0.190818
0.471575   0.194152
0.655737   0.192925
0.661053   0.187707
0.474983   0.192361
0.760136   0.194785
0.478005   0.195183
0.472917   0.194106
0.470854   0.192638
0.565982   0.186949
0.763563   0.196434
0.942504   0.191289
0.766675   0.385419
0.468151   0.191196
0.570902   0.190127
1.04732   0.191681
0.956292   0.193519
1.04361   0.191342
0.471394   0.191071
0.751714   0.193483
0.856616   0.383876
0.663187   0.192002
0.573317   0.191522
0.561797   0.190279
0.949842   0.193064
0.656587   0.19348
0.762673   0.189294
0.380876   0.185768
0.572789   0.189272
0.664447   0.195449
0.565041   0.190491
0.665131   0.192773
0.383028   0.288629
0.379372   0.189645
0.378656   0.1956
0.761493   0.196739
0.656106   0.1869
0.66653   0.188007
0.861005   0.192616
0.853523   0.195704
0.955109   0.190192
0.663764   0.190521
0.854472   0.188842
0.755149   0.192739
0.67028   0.191841
0.856546   0.191413
0.571598   0.191771
0.284746   0.1923
0.769468   0.191771
0.57367   0.197392
