Tamanho    Peso
1693  55579
1700  55554
1707  55731
1703  55807
1678  55788
1687  55511
1690  55589
1691  55456
1705  55899
1684  55701
1699  55508
1693  55496
1706  55600
1699  55714
1702  55812
1693  55511
1698  55630
1698  55756
1704  55882
1698  55787
1691  55426
1712  55752
1703  55717
1699  55656
1696  55816
1709  55811
1696  55674
1695  55773
1701  55797
1699  55864
1695  55748
1699  55858
1705  55815
1695  55676
1684  55703
1705  55621
1689  55631
1693  55718
1698  55532
1702  55843
1687  55504
1707  55874
1707  55837
1702  55473
1689  55736
1705  55863
1696  55557
1699  55535
1704  55894
1699  55810

Time taken: 100
