Tamanho    Peso
1086  35888
1086  35882
1086  35705
1086  35846
1082  35808
1085  35813
1086  35815
1091  36004
1081  35860
1087  35849
1087  35783
1084  35808
1083  35795
1081  35718
1083  35725
1078  35859
1086  35989
1085  35784
1085  35911
1083  35796
1081  35745
1081  35653
1084  35750
1080  35785
1083  35721
1080  35702
1093  35898
1082  35886
1082  35907
1086  35788
1077  35638
1066  35482
1082  35890
1087  35893
1089  35762
1076  35742
1086  35756
1093  35873
1079  35688
1085  35824
1083  35832
1084  35771
1077  35674
1087  35987
1083  35806
1072  35789
1086  35821
1074  35662
1086  35894
1082  35584

Time taken: 31
