***********CONSTRUÇÃO**************
ANTES | DEPOIS
0.480508   0.297532
0.480189   0.293381
0.480285   0.297274
0.479409   0.297802
0.478832   0.294241
0.481271   0.297513
0.480685   0.298539
0.481029   0.302175
0.480224   0.300852
0.480888   0.295826
0.478781   0.295808
0.480379   0.294076
0.479943   0.29737
0.48035   0.298716
0.479488   0.294621
0.480236   0.296682
0.480542   0.298738
0.481351   0.302658
0.47875   0.299734
0.480964   0.295945
0.478916   0.293849
0.480511   0.293723
0.481555   0.297601
0.480053   0.297784
0.48031   0.294992
0.479817   0.296395
0.481311   0.299178
0.47827   0.302646
0.479914   0.299317
0.480908   0.295368
0.480147   0.293869
0.479138   0.2932
0.480824   0.297762
0.480119   0.297695
0.478843   0.294822
0.480573   0.295465
0.479092   0.29914
0.48028   0.303936
0.477945   0.299737
0.48019   0.295994
0.480197   0.294311
0.481111   0.294405
0.481322   0.297234
0.478915   0.298317
0.479618   0.293843
0.48027   0.296173
0.48116   0.298752
0.481986   0.302529
0.480219   0.30087
0.480261   0.296061
***********BUSCA LOCAL**************
ANTES | DEPOIS
0.633063   0.254308
0.759884   0.254302
0.882453   0.259531
1.01403   0.257423
0.889309   0.255209
0.382299   0.385465
0.762984   0.256926
0.881447   0.253893
1.14646   0.518754
0.89088   0.254902
0.501779   0.244203
1.13083   0.249202
0.622757   0.25493
0.760088   0.509165
0.639101   0.258048
0.758185   0.249735
0.882799   0.249979
0.882127   0.376892
0.637115   0.257948
0.760452   0.253408
0.765107   0.256132
1.40248   0.258213
0.761085   0.251128
0.503879   0.515701
1.02052   0.259862
0.632376   0.250709
0.751738   0.250291
1.14852   0.50208
0.628618   0.25606
0.507768   0.257148
0.875699   0.253733
0.768323   0.512652
0.759833   0.250649
0.503674   0.25369
0.884215   0.514157
1.00665   0.256452
1.00304   0.503652
0.888871   0.251503
0.377133   0.514586
0.891523   0.386796
0.629294   0.254506
0.636331   0.253508
0.884928   0.513872
0.64102   0.253623
0.764462   0.252614
0.514052   0.509161
0.379929   0.25329
0.383075   0.761525
0.369259   0.250104
0.50738   0.255671
