***********CONSTRUÇÃO**************
ANTES | DEPOIS
1.60975   1.3538
1.60943   1.34399
1.61282   1.31953
1.61156   1.34185
1.60744   1.34459
1.61571   1.34756
1.60714   1.34264
1.61246   1.33499
1.61761   1.34926
1.6008   1.33539
1.60754   1.34803
1.61667   1.34288
1.61483   1.32046
1.61676   1.34147
1.61236   1.34118
1.6125   1.34903
1.61397   1.34308
1.61113   1.33666
1.60529   1.35052
1.60952   1.33392
1.6062   1.35115
1.60456   1.34328
1.61234   1.31798
1.61224   1.34073
1.61062   1.34399
1.60956   1.34742
1.60689   1.34632
1.61179   1.33929
1.61448   1.34827
1.61329   1.33706
1.61963   1.34708
1.61673   1.34754
1.61534   1.31865
1.61674   1.34191
1.60812   1.3429
1.61196   1.34821
1.60692   1.34383
1.60439   1.33804
1.61776   1.34625
1.61321   1.33478
1.61138   1.35036
1.61025   1.3443
1.61101   1.3192
1.60426   1.34163
1.61528   1.34452
1.61867   1.3464
1.61506   1.34482
1.61573   1.33755
1.62021   1.35249
1.61189   1.33507
***********BUSCA LOCAL**************
ANTES | DEPOIS
2.48751   1.90714
1.52834   1.50964
1.4858   1.43431
1.38629   2.39301
3.44016   2.81442
1.89649   1.89772
1.89338   1.85591
1.42213   1.45314
2.39367   1.3674
1.41567   1.46786
2.4174   1.90255
1.42998   1.46177
2.88238   1.00148
1.47017   1.89569
1.92703   1.43853
1.89272   1.42739
1.46509   1.4468
1.41244   2.38687
2.31638   2.34962
1.44368   1.46528
1.47158   1.41392
1.95481   2.29441
2.42379   1.38034
2.43376   2.38642
2.47574   2.37426
1.44755   1.93209
1.46587   1.47945
1.5026   1.41661
1.468   1.48888
3.4371   1.452
1.52853   1.48637
1.46712   1.44244
1.92904   1.03066
2.95894   1.4409
1.44131   1.48029
1.94031   1.46647
1.39455   1.44442
1.84673   1.88905
2.41859   1.48611
2.50311   1.88648
1.42857   1.44903
2.89203   2.46598
1.47832   1.01131
1.9347   1.42836
1.42614   1.45945
1.47248   3.78008
1.51029   2.35527
1.87248   2.39121
1.93866   2.34712
1.94409   1.42883
