Tamanho    Peso
1714  57085
1713  56609
1708  56474
1711  56596
1706  56307
1690  55944
1725  56757
1695  56360
1705  56534
1696  56068
1704  56120
1707  56099
1706  56834
1717  56648
1693  56352
1710  56563
1701  56058
1710  56577
1710  56586
1712  56454
1705  56274
1719  56593
1707  56454
1702  56433
1703  56677
1720  56418
1716  56438
1704  56237
1714  56261
1695  56268
1712  56450
1710  56355
1711  56743
1714  56657
1703  56155
1698  55785
1725  56230
1707  56521
1707  56479
1728  56088
1705  56409
1706  55785
1712  56346
1714  56680
1719  56974
1723  56384
1718  56504
1720  56168
1709  56560
1708  56401

Time taken: 227
