Tamanho    Peso
1684  55456
1706  55707
1691  55485
1679  55349
1691  55577
1684  55413
1669  55079
1677  55266
1674  55306
1659  55299
1695  55625
1703  55688
1691  55469
1683  55589
1684  55670
1701  55881
1678  55351
1677  55205
1679  55319
1681  55355
1704  55816
1700  55590
1693  55625
1677  55288
1687  55539
1699  55454
1684  55293
1674  55305
1671  55087
1677  55315
1699  55594
1701  55727
1692  55703
1682  55505
1689  55488
1699  55587
1689  55530
1687  55484
1670  55199
1661  55323
1697  55556
1698  55678
1683  55591
1680  55456
1687  55673
1693  55574
1682  55061
1689  55385
1674  55348
1675  55398

Time taken: 97
