Tamanho    Peso
289  7494
296  7938
293  7839
290  7694
292  7909
292  7769
294  7911
294  7886
292  7661
290  7803
289  7787
292  7648
298  7778
291  7803
290  7778
295  7947
294  7842
294  7617
289  7805
293  7924
291  7562
292  7749
294  7718
289  7616
297  7851
291  7675
292  7656
295  7830
292  7833
297  7772
294  7811
296  7920
293  7833
298  7707
293  7838
299  7885
299  7917
289  7671
291  7618
296  7668
293  7758
295  7837
297  7845
290  7629
294  7748
293  7752
294  7872
292  7611
294  7688
286  7656

Time taken: 17
