***********CONSTRUÇÃO**************
ANTES | DEPOIS
1.80752   1.65142
1.80038   1.66237
1.80433   1.66138
1.80449   1.65844
1.80481   1.65362
1.8008   1.66581
1.80497   1.65558
1.8063   1.65756
1.80198   1.65184
1.80563   1.65146
1.80015   1.64543
1.80827   1.6655
1.79824   1.66246
1.80483   1.65969
1.80263   1.65798
1.80457   1.66515
1.80485   1.66141
1.7999   1.66053
1.81003   1.64793
1.80584   1.65644
1.80903   1.64946
1.80253   1.66264
1.8055   1.65779
1.80978   1.65861
1.8092   1.65018
1.80703   1.66512
1.80995   1.66014
1.80225   1.66155
1.80471   1.65004
1.79939   1.65338
1.79868   1.65033
1.80628   1.66457
1.81324   1.65936
1.80338   1.65873
1.80784   1.66004
1.79952   1.66479
1.80683   1.65446
1.81337   1.65855
1.8085   1.64983
1.80195   1.65563
1.80436   1.64623
1.80549   1.66407
1.80379   1.6607
1.80302   1.66
1.79455   1.6587
1.80786   1.66287
1.79822   1.66766
1.80628   1.6598
1.80323   1.65097
1.80397   1.65132
***********BUSCA LOCAL**************
ANTES | DEPOIS
1.81871   1.80118
1.20528   3.63391
1.7582   4.81617
1.19284   2.43362
1.19249   1.81981
1.21524   3.61234
1.20106   3.03427
1.77803   1.83007
1.1961   1.81212
1.21223   1.79191
1.22018   1.83264
1.7872   1.81748
1.20061   2.43611
1.80197   1.80342
1.19237   1.84117
1.19315   1.82507
1.17779   1.82343
1.7734   5.44575
1.20692   3.0539
2.36778   1.82183
1.18462   2.41737
1.78943   1.80809
1.1869   3.65856
1.18105   1.79491
1.78792   2.42519
1.20226   3.04261
1.20789   1.81586
1.19137   1.79792
1.19207   2.41714
1.20381   3.63737
1.78632   1.80597
1.2144   3.63876
1.19402   3.64597
1.21281   2.39163
1.19698   1.80642
1.20431   2.40643
1.74561   2.46054
2.9544   1.81131
1.1951   3.04548
1.20946   1.82633
1.20234   2.41418
1.20063   1.85247
1.20294   2.45108
1.21659   1.80103
1.1923   2.39958
1.18197   3.57717
1.80751   3.64847
1.75199   1.75733
1.20968   1.81417
1.19128   1.83152
