Tamanho    Peso
161  6436
158  6666
154  6315
163  6918
157  6584
157  6456
158  6336
162  6681
150  6134
161  6428
164  6699
156  6451
159  6591
147  6025
175  7142
170  7192
163  6807
154  6368
149  6194
168  6857
157  6501
159  6545
166  6736
168  6493
159  6486
162  6807
156  6621
158  6544
142  5821
148  6253
157  6379
158  6532
158  6681
160  6553
166  6810
154  6512
163  6792
158  6539
158  6558
163  6917
160  6523
168  7177
168  6876
149  6366
153  6476
151  6015
165  6713
138  5628
161  6631
156  6368

Time taken: 207
