***********CONSTRUÇÃO**************
ANTES | DEPOIS
0.394411   0.207045
0.393264   0.208683
0.391653   0.209306
0.393759   0.207251
0.392832   0.205414
0.394468   0.207281
0.394405   0.205075
0.392963   0.205379
0.392938   0.20717
0.3954   0.202957
0.393956   0.203757
0.394467   0.208298
0.395417   0.209693
0.392498   0.206642
0.392964   0.205397
0.393829   0.207615
0.391436   0.205307
0.393624   0.205543
0.393517   0.206785
0.393794   0.201755
0.393962   0.203636
0.394052   0.209211
0.391005   0.208622
0.394561   0.206608
0.392978   0.205915
0.394937   0.207351
0.392511   0.20544
0.393719   0.205919
0.392833   0.207302
0.393998   0.200943
0.395202   0.204116
0.395027   0.208264
0.39298   0.209597
0.397095   0.207135
0.394668   0.205687
0.393675   0.207313
0.394906   0.205859
0.393672   0.205621
0.394734   0.206776
0.39396   0.201202
0.393848   0.203988
0.393917   0.208607
0.393173   0.209541
0.394229   0.205871
0.393068   0.205293
0.395872   0.207616
0.393869   0.205153
0.393086   0.205531
0.393005   0.206281
0.39308   0.200812
***********BUSCA LOCAL**************
ANTES | DEPOIS
0.677632   0.383395
0.765578   0.19183
0.665151   0.192469
0.478871   0.479488
0.57273   0.288918
0.756807   0.290449
0.677835   0.288222
0.958894   0.672432
0.967632   0.38356
0.483691   0.672011
0.658679   0.283597
0.864393   0.375287
0.770449   0.283028
0.659527   0.284387
0.757557   0.56706
0.379753   0.385725
0.86342   0.288284
0.767355   0.387765
0.759136   0.281671
1.15199   0.286803
0.38409   0.479201
0.666245   0.285446
0.475589   0.285211
0.378232   0.290331
0.486642   0.663592
0.963699   0.280894
0.671251   0.290522
0.855341   0.28459
0.95727   0.288976
0.766351   0.382226
0.374916   0.763737
0.956516   0.386391
0.765258   0.288334
0.560204   0.384047
0.482033   0.2864
0.568353   0.383397
0.844437   0.290077
0.566543   0.290158
0.568139   0.185685
0.382716   0.193486
0.465497   0.285532
0.761844   0.565858
0.763506   0.392153
0.675884   0.478636
0.674436   0.194571
0.767961   0.390363
0.671365   0.288949
0.383629   0.286721
0.863517   0.567689
0.383205   0.383536
