Tamanho    Peso
1056  35872
1069  36056
1064  36054
1055  35969
1054  35769
1056  35933
1063  35929
1071  35889
1060  35920
1058  36011
1045  35876
1050  35893
1053  36162
1051  35945
1053  35877
1059  35996
1055  35832
1056  36114
1053  35989
1053  35988
1062  36042
1058  36055
1054  35907
1052  35988
1065  36013
1050  36049
1067  36177
1062  36036
1058  36101
1068  36083
1056  35938
1057  36063
1056  35958
1069  36048
1058  35961
1061  36015
1065  35915
1061  36078
1057  35957
1061  36074
1053  36123
1063  36030
1057  35929
1057  35907
1060  36080
1052  35885
1061  35982
1061  35972
1049  35809
1055  36061

Time taken: 29
