Tamanho    Peso
1679  54568
1679  54560
1684  54614
1689  54689
1679  54551
1678  54507
1676  54510
1677  54687
1681  54547
1683  54712
1687  54428
1674  54420
1690  54615
1686  54528
1671  54503
1678  54514
1687  54724
1680  54384
1678  54458
1684  54695
1679  54821
1675  54522
1682  54487
1666  54501
1689  54497
1685  54584
1683  54539
1671  54440
1680  54490
1675  54677
1686  54607
1685  54597
1670  54318
1674  54464
1680  54566
1675  54541
1680  54401
1679  54674
1682  54385
1687  54782
1686  54760
1671  54602
1673  54380
1675  54498
1683  54426
1686  54694
1699  54508
1670  54461
1683  54620
1682  54511

Time taken: 101
