***********CONSTRUÇÃO**************
ANTES | DEPOIS
1.66292   1.07775
1.66124   1.05949
1.66155   1.0566
1.66117   1.06758
1.65964   1.05262
1.66156   1.06125
1.65511   1.06072
1.66125   1.06876
1.66112   1.06598
1.66264   1.06392
1.65976   1.07293
1.65752   1.05904
1.66382   1.05708
1.65553   1.06629
1.65475   1.05157
1.65696   1.06089
1.66066   1.06416
1.66013   1.07148
1.65772   1.06489
1.6622   1.06766
1.66094   1.07199
1.66466   1.05824
1.66054   1.05492
1.66247   1.05937
1.65943   1.05696
1.66292   1.06449
1.65928   1.0628
1.66467   1.06742
1.66101   1.06539
1.66133   1.06472
1.65977   1.07295
1.65952   1.06248
1.66067   1.05755
1.66098   1.06141
1.66109   1.05471
1.65983   1.0616
1.65596   1.06105
1.66234   1.07103
1.6543   1.06452
1.66201   1.06465
1.66107   1.07246
1.66235   1.05719
1.66293   1.05519
1.65754   1.06282
1.66359   1.05435
1.66277   1.05978
1.65795   1.06176
1.65873   1.06688
1.66037   1.06594
1.66016   1.06461
***********BUSCA LOCAL**************
ANTES | DEPOIS
3.08634   1.31428
1.72277   0.86977
2.592   0.892482
3.49234   0.868933
3.04658   0.885032
3.48549   0.871145
4.34538   0.877241
3.03567   0.885485
2.18621   0.870366
3.91332   0.89867
3.9031   0.893097
3.05503   0.881714
3.45043   0.892835
4.37074   0.881551
2.1684   0.887928
3.48407   0.89386
3.04882   1.31617
2.16409   1.74004
5.27191   0.883385
2.64458   0.891615
2.60948   0.88329
3.47614   0.87546
2.17358   0.887229
2.16536   0.892282
1.7254   0.885879
2.16097   0.885128
2.57669   0.895528
3.04636   0.898983
2.59541   0.876628
5.19812   0.873319
1.75058   0.866639
2.60598   0.869441
4.33348   0.892481
2.62248   0.872579
2.59498   0.8773
1.74171   0.88468
2.19202   0.871553
2.60272   0.87105
2.61353   1.33376
3.05341   0.873245
2.18821   0.874731
2.60857   0.908359
2.60346   0.894305
2.17413   0.88093
3.46393   0.884259
3.92369   1.76304
2.17689   1.73566
5.27993   0.875887
3.04309   0.876838
3.87896   0.879952
