Tamanho    Peso
1721  54911
1695  55563
1700  54869
1713  54976
1701  55015
1710  55229
1712  55061
1705  54743
1709  54953
1712  55008
1714  54953
1722  55145
1719  55085
1699  54805
1708  54992
1707  55076
1699  55124
1708  55091
1704  54942
1703  55326
1709  54780
1709  54816
1723  55383
1710  55267
1685  55427
1711  55445
1702  54855
1709  55235
1704  54846
1699  54809
1715  55584
1705  54686
1712  55031
1702  55157
1709  55072
1680  55357
1687  54847
1706  54929
1691  54746
1697  54873
1724  55402
1707  55176
1699  55154
1702  55515
1710  55177
1716  54976
1695  54953
1703  54853
1710  54933
1713  54868

Time taken: 233
