Tamanho    Peso
1042  33523
1039  33605
1035  33332
1035  33493
1037  33441
1037  33358
1038  33474
1038  33400
1036  33408
1041  33361
1037  33535
1040  33610
1043  33473
1039  33483
1043  33550
1038  33400
1038  33464
1034  33426
1036  33366
1043  33468
1037  33400
1046  33603
1037  33471
1039  33505
1042  33513
1035  33490
1040  33494
1032  33439
1034  33358
1041  33437
1034  33607
1043  33588
1038  33457
1040  33481
1041  33533
1036  33418
1038  33414
1040  33416
1033  33478
1039  33457
1036  33402
1040  33533
1038  33431
1039  33582
1043  33530
1037  33405
1038  33530
1038  33499
1038  33421
1037  33312

Time taken: 26
