***********CONSTRUÇÃO**************
ANTES | DEPOIS
0.404156   0.230107
0.404237   0.231248
0.404556   0.225733
0.405879   0.229073
0.402791   0.226513
0.404322   0.230598
0.404565   0.227964
0.405225   0.227041
0.404722   0.225938
0.404391   0.224453
0.404194   0.230829
0.405796   0.232972
0.403168   0.225191
0.403733   0.227915
0.404092   0.226021
0.404956   0.230918
0.404751   0.22872
0.404398   0.226198
0.405466   0.225792
0.405812   0.224683
0.404306   0.230595
0.403326   0.230014
0.404149   0.225997
0.404874   0.227506
0.405156   0.225763
0.406317   0.230105
0.404499   0.227595
0.404675   0.226796
0.406131   0.224861
0.403223   0.225207
0.403947   0.229932
0.403677   0.231085
0.403568   0.225358
0.404207   0.229799
0.404599   0.22693
0.405287   0.230581
0.405133   0.22881
0.405204   0.227007
0.403794   0.225197
0.403693   0.225229
0.40335   0.230468
0.404252   0.230544
0.40479   0.224424
0.40436   0.228282
0.406148   0.225756
0.403651   0.229715
0.403627   0.228218
0.402041   0.227538
0.404039   0.223615
0.403099   0.225313
***********BUSCA LOCAL**************
ANTES | DEPOIS
0.494898   0.197542
0.876659   0.195505
0.78683   0.192913
0.497186   0.59129
0.789173   0.196918
0.589332   0.396888
1.08493   0.193026
0.802024   0.203722
1.08359   0.195165
1.19067   0.195861
0.590771   0.291645
0.496454   0.198088
0.679482   0.199654
0.495795   0.292398
0.488659   0.203921
0.39068   0.192062
0.89102   0.200846
0.688406   0.199394
0.490798   0.202524
0.483736   0.19822
0.789012   0.195316
0.979047   0.199773
0.294002   0.199541
0.584328   0.198717
0.779364   0.197874
0.294497   0.19985
0.393535   0.198962
0.686033   0.198802
0.493593   0.195402
0.687224   0.19884
0.488339   0.200144
0.385265   0.198178
0.490356   0.197392
0.497089   0.396299
0.782282   0.200244
0.977944   0.193759
0.875006   0.192532
1.08439   0.197243
0.587733   0.197936
0.390579   0.196965
0.975414   0.19818
0.693667   0.199579
0.296572   0.196505
0.890544   0.195562
0.686034   0.198881
0.683933   0.197982
0.980297   0.199461
0.889033   0.196296
0.59113   0.198921
0.488445   0.195575
