Tamanho    Peso
1705  57169
1723  57415
1713  57233
1722  57466
1717  57607
1711  57447
1721  57717
1721  57429
1724  57616
1703  57026
1709  57348
1716  57652
1721  57198
1717  57347
1704  57605
1718  57634
1718  57622
1716  57540
1724  57641
1718  57465
1713  57457
1699  57219
1710  57224
1713  57345
1732  57637
1706  57380
1706  57432
1714  57550
1705  57320
1716  57379
1707  57459
1718  57643
1711  57232
1710  57180
1728  57658
1725  57541
1705  57237
1713  57359
1713  57297
1713  57383
1717  57438
1714  57373
1721  57517
1708  57095
1722  57593
1723  57674
1691  57429
1690  57033
1692  56860
1718  57429

Time taken: 116
