***********CONSTRUÇÃO**************
ANTES | DEPOIS
0.486367   0.326726
0.488035   0.321557
0.486575   0.322919
0.487714   0.32557
0.488252   0.324621
0.488428   0.322337
0.485738   0.321416
0.485712   0.322168
0.486698   0.322622
0.486943   0.319138
0.48746   0.323836
0.487326   0.321414
0.487837   0.32263
0.487531   0.325878
0.487715   0.325281
0.488291   0.321509
0.486401   0.320398
0.487627   0.321321
0.487836   0.324339
0.486588   0.319023
0.488466   0.32383
0.488276   0.321484
0.486866   0.323202
0.487506   0.32559
0.486422   0.326952
0.4871   0.322322
0.488229   0.319921
0.48754   0.320974
0.487788   0.324147
0.486551   0.318923
0.487271   0.323855
0.488833   0.321685
0.48727   0.322801
0.487379   0.325974
0.487412   0.324829
0.48627   0.321213
0.485722   0.320737
0.487064   0.320525
0.488472   0.323393
0.488191   0.320489
0.487397   0.324624
0.483718   0.321944
0.488415   0.324601
0.48452   0.324445
0.487283   0.324237
0.486201   0.321944
0.486501   0.322477
0.487529   0.320386
0.487543   0.322714
0.487781   0.318855
***********BUSCA LOCAL**************
ANTES | DEPOIS
0.764149   0.381433
0.506068   0.381361
0.497517   0.381622
0.509392   0.380194
0.636242   0.639698
0.633625   0.768587
0.888276   0.37941
0.381979   0.636591
0.505878   0.496895
0.511812   0.636739
1.00979   0.389501
0.750266   0.384923
0.378456   0.38176
0.377225   0.506276
0.508637   0.377314
0.897155   0.505953
0.613788   0.630514
0.767561   0.633755
0.375079   0.502331
0.896545   0.38121
0.620716   0.378566
0.62963   0.898644
0.632707   0.506443
0.880829   0.635895
0.376762   0.369962
0.629041   0.383605
0.880645   0.509943
1.15057   0.511184
0.505424   0.508384
0.632164   0.636438
1.0107   0.375193
0.376313   0.381546
0.619015   0.643075
0.630708   0.374533
0.375864   0.381923
0.379923   0.503897
0.628931   0.630717
0.507665   0.379053
0.510415   0.638328
0.504652   0.380563
1.00309   0.371796
0.379691   0.381588
0.371943   0.372988
0.509036   0.496744
0.767404   0.379804
0.37996   0.384009
0.380572   0.892674
0.885232   0.516125
0.37409   0.381641
0.763114   0.382174
