Tamanho    Peso
1092  36027
1072  35472
1084  36209
1095  36272
1095  36214
1083  35557
1092  35933
1080  36156
1092  36116
1077  35761
1073  35658
1099  35886
1097  36203
1085  36411
1087  35996
1099  35995
1087  35725
1077  35802
1084  35698
1073  35669
1073  35763
1078  35860
1066  35998
1085  35642
1084  36159
1086  35905
1092  36124
1095  35976
1098  36204
1090  36132
1099  36041
1086  36264
1096  36211
1084  35938
1086  36170
1094  36368
1081  35908
1096  36188
1086  36108
1088  36108
1093  35727
1083  36274
1083  36317
1088  36126
1095  35992
1073  36288
1076  36040
1083  35857
1080  36298
1073  36032

Time taken: 55
