Tamanho    Peso
1082  35778
1083  35760
1090  35784
1075  35727
1105  36003
1093  35825
1090  35992
1078  35532
1091  35877
1066  35615
1100  36067
1092  35769
1099  35928
1083  35640
1096  35592
1087  35887
1087  35784
1080  35599
1090  35873
1091  35881
1076  35717
1091  35841
1072  35430
1092  35684
1079  35766
1088  35965
1086  35867
1090  35859
1100  36076
1108  36131
1085  35646
1091  35776
1102  35928
1092  35778
1091  35770
1089  35886
1093  35741
1074  35887
1098  36113
1095  35922
1076  35540
1098  36073
1085  35523
1094  35793
1090  35863
1090  35989
1081  35843
1083  35555
1073  35440
1081  35669

Time taken: 41
