Tamanho    Peso
1100  34435
1093  34415
1110  34607
1099  34585
1099  34619
1107  34726
1091  34584
1099  34604
1090  34623
1105  34570
1091  34543
1096  34479
1109  34526
1101  34582
1098  34628
1104  34493
1099  34706
1085  34459
1084  34437
1094  34794
1102  34563
1097  34616
1098  34498
1085  34470
1108  34647
1096  34574
1110  34605
1105  34713
1091  34625
1105  34624
1099  34832
1082  34319
1108  34621
1090  34666
1110  34725
1104  34674
1095  34745
1097  34691
1101  34711
1093  34697
1089  34633
1100  34611
1089  34450
1110  34603
1101  34712
1110  34698
1107  34610
1103  34691
1100  34569
1112  34704

Time taken: 29
