Tamanho    Peso
1105  34621
1097  34932
1101  34785
1104  34900
1108  34869
1094  34934
1102  34957
1087  34711
1086  35133
1092  34697
1105  34784
1098  35126
1089  35139
1099  35018
1100  35022
1096  35072
1100  34758
1100  34777
1095  35047
1106  34785
1104  35070
1097  34905
1097  34824
1086  35021
1095  35011
1092  34837
1106  35131
1092  35123
1103  35050
1100  34814
1098  34843
1096  35109
1104  34919
1107  35235
1101  34945
1098  34627
1114  35034
1110  35386
1092  34838
1096  35177
1107  34939
1095  34680
1114  35075
1092  34990
1106  34889
1109  35306
1101  34916
1108  35019
1099  35039
1108  35009

Time taken: 57
