Tamanho    Peso
1701  55970
1708  56100
1697  55808
1700  55944
1697  55977
1711  56113
1696  56013
1705  55932
1686  55801
1693  55909
1703  56020
1705  56002
1699  55890
1706  56135
1710  56119
1702  56052
1700  55994
1702  55987
1696  55738
1702  55898
1707  56188
1703  56147
1713  55981
1697  56019
1705  56128
1706  56049
1695  55967
1708  56166
1690  55709
1701  55770
1706  56117
1703  55904
1702  56007
1699  55950
1711  55955
1707  56124
1710  56077
1702  56130
1697  55811
1705  55832
1708  56131
1704  55914
1703  55769
1708  56252
1706  56174
1703  55967
1698  56008
1698  56113
1694  55784
1714  55882

Time taken: 97
