***********CONSTRUÇÃO**************
ANTES | DEPOIS
0.207353   0.159654
0.207105   0.153709
0.206308   0.154154
0.206287   0.155723
0.208629   0.152539
0.207269   0.153412
0.208178   0.153341
0.2079   0.157704
0.204676   0.153186
0.206574   0.151054
0.203077   0.152508
0.20621   0.154005
0.207454   0.154555
0.204838   0.153427
0.20616   0.153764
0.208104   0.154865
0.207671   0.154183
0.206254   0.156563
0.207906   0.153791
0.208599   0.151664
0.209128   0.152077
0.207073   0.154418
0.207719   0.153649
0.208343   0.153289
0.208642   0.154023
0.205029   0.154032
0.20472   0.153348
0.205556   0.156254
0.204373   0.154293
0.206235   0.151785
0.204221   0.152584
0.205706   0.155325
0.205772   0.152935
0.207646   0.154747
0.207186   0.153374
0.206492   0.154131
0.206464   0.15385
0.2092   0.156211
0.206916   0.153574
0.204123   0.151545
0.206568   0.152421
0.20742   0.154174
0.206768   0.153508
0.206771   0.154023
0.206561   0.152748
0.206733   0.154273
0.208653   0.155388
0.205404   0.156647
0.206965   0.15227
0.208732   0.151024
***********BUSCA LOCAL**************
ANTES | DEPOIS
0.113591   0.242095
0.11253   0.239648
0.117968   0.128443
0.111094   0.23654
0.218822   0.116485
0.112941   0.296659
0.107645   0.121098
0.116138   0.186557
0.124224   0.114963
0.111087   0.183873
0.118699   0.126141
0.115523   0.247206
0.168451   0.174108
0.109882   0.119541
0.108605   0.124239
0.111571   0.183788
0.106409   0.121603
0.175001   0.299027
0.114734   0.249111
0.22027   0.243106
0.110047   0.128307
0.1129   0.124582
0.118301   0.297335
0.119277   0.241587
0.108841   0.178664
0.117844   0.119021
0.107618   0.294242
0.170999   0.236595
0.113936   0.243707
0.108159   0.127756
0.284459   0.130127
0.120226   0.175536
0.115831   0.127782
0.110428   0.121921
0.118355   0.121809
0.116991   0.178496
0.12098   0.230099
0.109057   0.123727
0.109561   0.177621
0.109427   0.115143
0.109169   0.122356
0.114476   0.300604
0.159982   0.25191
0.121422   0.237585
0.229926   0.122731
0.113444   0.17166
0.119338   0.242884
0.121713   0.235518
0.1136   0.123656
0.10963   0.184941
