Tamanho    Peso
241  7022
242  7202
240  7119
240  7090
213  6830
239  7220
246  7341
245  7156
237  7145
236  7253
240  7173
239  7173
217  6712
244  7223
241  7268
243  7289
239  7166
211  6974
246  7248
211  6822
241  7160
242  7253
239  7168
241  7113
243  7216
240  7326
239  7205
213  7117
239  7322
239  7165
210  7014
243  7279
238  7200
241  7124
244  7369
239  7210
239  7069
243  7187
241  7324
237  7041
239  7154
240  7002
213  7150
239  7240
214  7077
243  7384
244  7236
238  7108
239  7163
247  7415

Time taken: 17
