***********CONSTRUÇÃO**************
ANTES | DEPOIS
1.70756   1.46468
1.71199   1.46283
1.7086   1.45495
1.70993   1.57802
1.70857   1.58695
1.7067   1.58468
1.70854   1.58078
1.70488   1.51167
1.70759   1.57296
1.70924   1.57133
1.71052   1.45368
1.70395   1.461
1.70658   1.45589
1.71171   1.57949
1.71043   1.58337
1.70954   1.58844
1.70638   1.58441
1.70809   1.51223
1.70942   1.56921
1.70987   1.58153
1.7106   1.45404
1.70461   1.46041
1.70777   1.45487
1.70596   1.58473
1.70506   1.58713
1.70676   1.58006
1.70302   1.58413
1.70774   1.51581
1.70993   1.57209
1.70513   1.57072
1.70697   1.45487
1.70848   1.45996
1.70489   1.45484
1.70499   1.58406
1.70702   1.59036
1.70788   1.57741
1.709   1.58213
1.70601   1.51403
1.70771   1.57195
1.70732   1.57303
1.71036   1.45665
1.70969   1.46372
1.70812   1.45268
1.70913   1.58222
1.70513   1.58768
1.71211   1.58845
1.70848   1.57824
1.70705   1.51351
1.70788   1.57047
1.70637   1.57203
***********BUSCA LOCAL**************
ANTES | DEPOIS
2.72344   1.65441
2.17645   1.12264
2.65773   1.58628
1.54886   1.58564
1.57434   2.57591
1.54701   1.60163
1.51966   2.18143
1.55459   1.5759
2.14032   1.56675
1.57412   3.71375
1.59536   1.63726
1.59487   1.65115
1.56021   2.63004
2.14924   1.5982
1.55921   3.79239
2.03127   2.63859
2.05179   1.64264
1.66664   1.61193
3.14832   1.66
2.10349   2.15891
1.54487   2.12522
2.10639   3.69159
1.09638   2.19418
1.66109   1.65557
1.06768   2.65514
1.50355   1.53937
1.62927   1.57967
2.5995   1.61134
2.06449   1.56834
3.16675   1.63914
2.1323   1.61593
2.07994   1.13033
1.60731   1.47643
1.55269   1.53694
2.60728   1.51499
1.59213   1.51805
1.62078   1.60498
1.52896   2.2049
2.10666   1.60208
1.57156   2.60945
1.55909   2.18772
2.66581   2.0934
2.16124   2.14433
2.11971   1.66273
2.1774   2.80456
1.09084   1.53174
1.57889   1.51886
2.15535   1.68531
1.07319   1.57384
2.55902   1.57462
