Tamanho    Peso
1781  57258
1782  57245
1791  57052
1777  57330
1768  56737
1782  57564
1778  57394
1783  57533
1775  57087
1765  57146
1775  57154
1785  57092
1782  57364
1779  57337
1774  57236
1787  57530
1775  56982
1783  57027
1787  57448
1774  57270
1790  57311
1784  57113
1778  57610
1785  57553
1785  57461
1781  57421
1776  57460
1791  57388
1769  57282
1779  57420
1784  57443
1803  57561
1786  57365
1774  57361
1775  57196
1760  56904
1792  57581
1784  57405
1794  57678
1789  57399
1777  57238
1770  57252
1764  57092
1773  57304
1791  57553
1775  57449
1769  57391
1781  57327
1785  57529
1779  57418

Time taken: 124
