Tamanho    Peso
241  8386
265  8880
262  8735
264  8642
262  8725
267  8803
265  8639
264  8689
248  8680
265  8870
268  9010
267  8773
261  8767
265  8659
264  8707
263  8806
262  8742
269  8715
251  8766
269  8731
269  8646
264  8803
268  8614
266  8743
266  8776
263  8658
264  8806
248  8658
267  8742
267  8854
261  8571
266  8638
261  8740
269  8708
265  8565
265  8898
264  8543
264  8724
268  8850
263  8650
240  8659
261  8818
269  8593
264  8724
244  8772
246  8758
271  8882
264  8848
267  8858
268  8675

Time taken: 16
