Tamanho    Peso
1085  34288
1084  34097
1094  34453
1084  34239
1089  34355
1089  34482
1089  34491
1080  34231
1086  34398
1102  34306
1085  34332
1081  34027
1083  34347
1086  34307
1092  34264
1084  34251
1092  34411
1082  34172
1085  34320
1090  34213
1092  34378
1087  34171
1086  34414
1090  34296
1089  34324
1089  34362
1091  34525
1088  34285
1078  34204
1085  34168
1081  34319
1085  34247
1086  34414
1090  34271
1091  34408
1087  34491
1089  34404
1085  34304
1089  34333
1091  34308
1086  34483
1081  34172
1090  34446
1082  34249
1093  34353
1090  34361
1086  34155
1086  34280
1095  34350
1073  34011

Time taken: 31
