Tamanho    Peso
1070  36796
1071  36861
1069  36684
1083  37005
1080  36962
1058  36655
1081  36970
1067  36917
1076  36835
1063  37154
1077  37009
1056  37130
1078  36767
1065  37162
1084  37057
1084  37078
1074  36907
1075  37156
1077  36780
1077  37318
1065  37110
1077  37096
1076  36752
1087  36808
1074  37288
1066  36873
1073  36919
1075  36864
1073  36854
1071  36960
1066  36757
1062  37063
1070  37147
1066  36936
1079  36818
1072  36935
1061  37029
1076  36909
1074  37146
1068  36918
1076  36795
1069  36886
1072  37191
1066  36969
1076  37135
1076  36924
1066  36675
1071  37034
1077  36843
1074  36903

Time taken: 54
