49;7;81 275 448 918 972 1931 1935 2039 2062 2071 2091 2413 2669 2784 2793 3213 3528 3576 3694 3796 4040 4068 4409 4807 5203 5342 5364 5547 5783 5876 6178 6565 6640 6747 7279 7567 7666 7716 7886 8248 8361 8438 8715 9164 9479 9683 9942 10093 10286
49;7;81 275 448 918 972 1385 1931 1935 2062 2071 2091 2413 2784 2793 2969 3213 3528 3576 3607 3694 3796 4068 4114 4409 4807 4881 5203 5342 5364 5547 5783 5876 6178 6565 6747 7279 7567 7666 7716 7886 8248 8438 8715 9164 9479 9683 9942 10093 10286
49;7;81 275 448 918 972 1385 1931 1935 2039 2062 2071 2091 2413 2784 2793 2969 3213 3528 3576 3607 3694 3796 4068 4409 4807 4881 5203 5342 5364 5547 5783 5876 6178 6565 6747 7279 7567 7666 7716 7886 8248 8438 8715 9164 9479 9683 9942 10093 10286
50;7;81 275 448 918 972 1931 1935 2062 2071 2091 2413 2669 2784 2793 3213 3528 3576 3607 3694 3796 4040 4068 4409 4807 5203 5342 5364 5547 5783 5876 6178 6565 6640 6719 6747 7279 7567 7666 7716 7886 8248 8361 8438 8715 9164 9479 9683 9942 10093 10286
50;7;81 275 448 918 972 1385 1931 1935 2062 2071 2091 2413 2669 2784 2793 2969 3213 3528 3576 3694 3796 4068 4409 4807 4881 5203 5342 5364 5547 5783 5876 6178 6565 6747 7279 7474 7567 7666 7716 7886 8248 8361 8438 8715 9164 9479 9683 9942 10093 10286
50;7;81 275 448 918 972 1385 1931 1935 2039 2062 2071 2091 2413 2784 2793 2969 3213 3528 3576 3694 3796 4068 4409 4807 4881 5203 5342 5364 5547 5783 5876 6178 6565 6640 6747 7279 7567 7573 7666 7716 7886 8248 8438 8715 9164 9479 9683 9942 10093 10286
50;7;81 275 448 918 972 1385 1931 1935 2062 2071 2091 2413 2784 2793 2969 3213 3528 3576 3607 3694 3796 4068 4409 4807 4881 5203 5342 5364 5547 5783 5876 6178 6565 6640 6747 7279 7567 7573 7666 7716 7886 8248 8438 8715 9164 9479 9683 9942 10093 10286
50;7;81 275 448 918 972 1385 1931 1935 2039 2062 2071 2091 2413 2669 2784 2793 2969 3213 3528 3576 3694 3796 4068 4409 4807 4881 5203 5342 5364 5547 5783 5876 6178 6565 6747 7279 7567 7666 7716 7886 8248 8361 8438 8715 9164 9479 9683 9942 10093 10286
50;7;81 275 448 918 972 1385 1931 1935 2062 2071 2091 2413 2669 2784 2793 2969 3213 3528 3576 3607 3694 3796 4068 4409 4807 4881 5203 5342 5364 5547 5783 5876 6178 6565 6747 7279 7567 7666 7716 7886 8248 8361 8438 8715 9164 9479 9683 9942 10093 10286
52;7;81 275 448 918 972 1385 1931 1935 2062 2071 2091 2413 2669 2784 2793 2969 3213 3528 3576 3694 3796 4040 4068 4409 4807 4881 5203 5342 5364 5547 5783 5876 6178 6565 6640 6747 7279 7567 7573 7666 7716 7886 8248 8361 8438 8715 9164 9479 9683 9942 10093 10286
