Tamanho    Peso
1707  56252
1710  56533
1712  56522
1705  56559
1722  56759
1703  56738
1711  56635
1703  56397
1705  55856
1707  56216
1707  56278
1713  56721
1705  56694
1697  56323
1696  56601
1699  56099
1721  56495
1695  55769
1714  56877
1693  56077
1721  56796
1704  56480
1706  56580
1703  56332
1714  56713
1710  56382
1704  56209
1723  56291
1694  57463
1692  56173
1704  56398
1705  56554
1688  56369
1711  56477
1709  56110
1698  56470
1708  56752
1709  56792
1710  56556
1701  56836
1688  57245
1706  56347
1696  56560
1716  56723
1721  56462
1708  56716
1712  56215
1708  56308
1707  56119
1707  56467

Time taken: 221
