Tamanho    Peso
1708  55955
1708  55659
1707  55798
1708  55669
1691  55669
1702  55740
1713  55718
1702  55675
1690  55668
1703  55816
1693  55763
1702  55525
1710  55968
1703  55665
1711  56047
1708  55735
1702  55894
1702  55667
1697  55742
1704  55681
1703  55837
1713  55589
1696  55710
1708  55691
1691  55730
1713  55578
1699  55663
1700  55759
1694  55763
1685  55527
1695  55756
1700  55576
1712  55982
1699  55541
1706  55880
1706  55710
1701  55657
1698  55594
1694  55713
1695  55648
1709  55855
1713  55676
1706  55945
1695  55782
1699  55796
1715  55870
1706  55761
1700  55803
1700  55768
1697  55796

Time taken: 100
