***********CONSTRUÇÃO**************
ANTES | DEPOIS
0.47955   0.302053
0.480519   0.303499
0.481006   0.304979
0.479722   0.302755
0.480074   0.304531
0.480665   0.308409
0.481016   0.304695
0.479679   0.303709
0.480786   0.30519
0.479495   0.302314
0.480127   0.298785
0.48082   0.303587
0.481542   0.3054
0.478305   0.30272
0.480341   0.305086
0.47933   0.307175
0.479754   0.304304
0.479855   0.303669
0.481091   0.30503
0.48004   0.302008
0.479491   0.299008
0.480852   0.303175
0.479721   0.304586
0.479441   0.303179
0.48079   0.305301
0.480091   0.308455
0.480551   0.304635
0.481384   0.303922
0.480892   0.305525
0.48042   0.301869
0.478628   0.299069
0.480023   0.303002
0.480848   0.305172
0.480373   0.303767
0.480692   0.305061
0.480261   0.3072
0.479445   0.303921
0.480693   0.304063
0.479812   0.304933
0.479525   0.301582
0.479264   0.298104
0.478532   0.30379
0.479956   0.305819
0.480741   0.303044
0.479887   0.304904
0.479902   0.307827
0.479559   0.304334
0.481445   0.303447
0.479599   0.304431
0.480983   0.302208
***********BUSCA LOCAL**************
ANTES | DEPOIS
0.753133   0.252902
0.633532   0.251181
0.764678   0.385758
0.497903   0.381647
1.13762   0.509494
1.13673   0.517979
0.883745   0.503831
0.633731   0.259499
0.871062   0.511196
0.882593   0.380742
1.01103   0.508803
1.15099   0.511747
0.76065   0.378984
1.02304   0.38306
1.12857   0.385338
0.513104   0.643982
0.631327   0.256012
0.506642   0.255124
0.634936   0.385396
0.622923   0.251323
0.638956   0.389181
0.887582   0.386127
0.502823   0.640983
0.885909   0.381224
0.626775   0.380807
0.885895   0.256641
0.506717   0.387102
0.621023   0.258228
0.880787   0.257496
0.76038   0.383209
0.63936   0.511707
1.65116   0.63633
0.626414   0.381722
1.01237   0.635795
1.01558   0.384921
0.896031   0.626033
0.376875   0.255995
0.760371   0.257461
0.754818   0.256664
1.01343   0.506211
0.903311   0.255441
0.626863   0.64002
0.512137   0.382613
0.627692   0.254621
0.888048   0.512702
0.635004   0.375806
1.01431   0.640941
0.628418   0.256328
0.630463   0.382057
0.7546   0.632274
