Tamanho    Peso
1092  36086
1087  36083
1081  36080
1082  36122
1091  36068
1083  35991
1079  36076
1081  36006
1077  35725
1088  35891
1089  36149
1076  35843
1078  36130
1091  36176
1086  35999
1078  36470
1072  36424
1086  36360
1071  36423
1078  36079
1090  36262
1074  35883
1075  36339
1071  36088
1079  36314
1078  36017
1079  36358
1072  35787
1090  36271
1087  36084
1084  36236
1086  36095
1075  35887
1084  36013
1088  36235
1082  36350
1066  36533
1089  36186
1079  36112
1076  35866
1076  36091
1080  36374
1075  36625
1068  36183
1085  36231
1073  36218
1094  36092
1096  36180
1080  36055
1093  36301

Time taken: 64
