44;7;232 386 445 560 565 768 852 1571 1619 1931 2164 2185 2357 2580 3279 3342 3415 3774 4109 4125 4500 4546 4647 4857 5261 5626 5917 5958 6368 6831 6881 7678 7826 7938 8115 8864 9418 9597 9779 9960 9987 10071 10191 10230
45;7;232 386 445 560 565 768 852 1571 1619 1931 2164 2185 2357 2580 3279 3342 3415 3774 4109 4125 4190 4500 4546 4647 5261 5626 5895 5917 5958 6368 6831 6881 7678 7826 7938 8115 8224 8864 9418 9597 9779 9987 10071 10191 10230
45;7;232 386 445 560 565 768 852 1571 1619 1931 2164 2185 2357 2580 3279 3342 3415 3774 4109 4125 4324 4500 4546 4647 4857 5261 5626 5917 5958 6368 6831 6881 7678 7826 7938 8115 8224 8864 9418 9597 9779 9987 10071 10191 10230
45;7;232 386 445 448 560 768 852 1571 1619 1931 2164 2185 2357 2580 3279 3342 3415 3774 4109 4125 4324 4500 4546 4647 4857 5261 5626 5917 5958 6368 6831 6881 7678 7826 7938 8115 8224 9418 9597 9779 9960 9987 10071 10191 10230
45;7;232 386 445 560 565 768 852 1571 1619 1931 2164 2185 2357 2580 3170 3279 3342 3415 3774 4109 4125 4373 4500 4546 4647 5261 5626 5917 5958 6368 6375 6831 6881 7678 7826 7938 8115 8864 9418 9597 9779 9987 10071 10191 10230
45;7;232 386 445 560 565 768 852 1571 1619 1931 2164 2185 2357 2580 3170 3279 3342 3415 3774 4109 4125 4500 4546 4647 5261 5626 5917 5958 6368 6375 6831 6881 7678 7826 7938 8115 8224 8864 9418 9597 9779 9987 10071 10191 10230
45;7;232 386 445 560 565 768 852 1571 1619 1931 2164 2185 2357 2580 3170 3279 3342 3415 3774 4109 4125 4500 4546 4647 4857 5261 5626 5917 5958 6368 6375 6831 6881 7678 7826 7938 8115 8864 9418 9597 9779 9987 10071 10191 10230
46;7;232 386 445 560 565 768 852 1571 1619 1931 2164 2185 2357 2580 3170 3279 3342 3415 3774 4109 4125 4500 4546 4647 5261 5626 5917 5958 6368 6375 6831 6881 7678 7826 7938 8115 8864 9418 9429 9597 9779 9960 9987 10071 10191 10230
46;7;232 386 445 448 560 565 768 852 1571 1619 1931 2164 2185 2357 2580 3279 3342 3415 3774 4109 4125 4500 4546 4647 5261 5626 5917 5958 6335 6368 6831 6881 7678 7826 7938 8115 8224 8864 9418 9597 9779 9960 9987 10071 10191 10230
46;7;232 386 445 560 565 768 852 1571 1619 1931 2164 2185 2357 2580 3170 3279 3342 3415 3774 4109 4125 4145 4500 4546 4647 4838 5261 5626 5917 5958 6368 6375 6831 6881 7678 7826 7938 8115 8864 9418 9597 9779 9987 10071 10191 10230
