Tamanho    Peso
1784  57779
1803  58021
1791  58026
1787  57929
1805  58090
1795  57593
1797  57614
1792  57630
1791  57784
1787  57730
1798  57613
1801  57728
1779  57944
1752  58189
1783  57573
1799  57962
1778  57694
1807  58048
1788  58699
1763  57660
1787  57334
1764  58225
1787  58198
1779  57573
1774  58295
1786  57830
1795  57520
1804  57924
1762  57219
1776  57553
1789  57682
1795  57510
1799  58070
1790  58013
1785  57948
1793  57821
1805  57548
1794  57582
1777  57902
1797  57623
1790  57723
1796  57931
1803  58196
1782  57643
1792  57768
1813  58026
1785  57682
1778  58723
1790  57802
1783  57367

Time taken: 237
