Tamanho    Peso
230  8517
227  8207
225  8231
229  8290
241  8561
244  8743
246  8828
235  8437
240  8477
239  7845
229  8370
226  8248
224  8143
227  8362
243  8630
242  8651
245  8784
240  8488
243  8563
239  7850
231  8419
229  8364
225  8142
227  8252
245  8750
243  8835
245  8745
237  8551
240  8672
239  7846
230  8494
227  8348
222  8118
225  8183
239  8657
242  8740
241  8861
237  8438
242  8615
233  8419
226  8211
227  8214
230  8279
241  8605
245  8736
242  8676
234  8369
243  8639

Time taken: 13
