***********CONSTRUÇÃO**************
ANTES | DEPOIS
0.405067   0.237429
0.406149   0.233503
0.403815   0.234669
0.405044   0.233836
0.40483   0.235619
0.404809   0.235901
0.404535   0.224411
0.405148   0.23375
0.406286   0.228503
0.404794   0.227693
0.40322   0.23594
0.405329   0.233421
0.405088   0.234903
0.405059   0.233821
0.405043   0.234596
0.405904   0.235858
0.40639   0.225094
0.404503   0.234121
0.404793   0.228222
0.404647   0.226762
0.404124   0.236633
0.405088   0.23413
0.404239   0.234289
0.406716   0.233372
0.405077   0.23529
0.40477   0.236542
0.404794   0.224448
0.405771   0.234801
0.404652   0.227582
0.406062   0.228283
0.404919   0.235405
0.404948   0.23348
0.402953   0.234302
0.403376   0.233873
0.403407   0.235402
0.404467   0.235692
0.404896   0.224412
0.404697   0.233996
0.40512   0.228354
0.404685   0.226866
0.403073   0.235207
0.404139   0.234637
0.404363   0.235889
0.404943   0.234549
0.405029   0.235329
0.405857   0.236188
0.404808   0.224211
0.403508   0.233806
0.404719   0.227155
0.404046   0.227179
***********BUSCA LOCAL**************
ANTES | DEPOIS
1.28936   0.202377
0.894904   0.304499
0.589893   0.295254
1.20443   0.297868
0.798526   0.401062
0.705668   0.200368
0.496694   0.400895
0.895357   0.199622
0.798136   0.294715
0.796474   0.302335
1.19791   0.196614
0.888379   0.208523
0.697504   0.200165
0.594194   0.198119
0.397812   0.300975
0.985508   0.602401
0.891916   0.197596
1.08827   0.198167
0.596373   0.301499
0.692343   0.30368
0.896807   0.200526
0.799767   0.393745
0.693619   0.194689
0.701926   0.294419
0.495706   0.8123
0.99843   0.305836
0.891882   0.202495
0.788748   0.298054
0.992595   0.501433
0.49551   0.200307
0.689355   0.396334
0.786333   0.396302
0.592066   0.495285
0.499181   0.29799
0.396045   0.294935
0.797343   0.69764
0.597526   0.397763
0.789858   0.399138
0.693964   0.204258
0.794263   0.500559
0.493747   0.402776
0.888989   0.300623
0.494841   0.39448
0.696644   0.197998
0.994814   0.202193
0.691142   0.401248
0.902266   0.400035
0.995153   0.391683
0.599079   0.303525
0.696599   0.197223
