Tamanho    Peso
1098  36108
1091  36060
1076  36245
1099  36117
1094  36277
1095  36252
1078  36231
1098  36242
1097  36087
1095  36279
1107  36129
1089  36119
1094  36191
1085  36243
1083  36623
1078  35982
1091  36180
1090  36112
1087  36201
1091  36090
1106  36160
1096  36323
1091  36194
1086  36039
1092  36415
1090  36106
1097  36190
1083  35977
1080  36027
1084  36254
1082  36064
1082  36039
1074  36266
1087  36095
1080  36381
1090  36122
1088  36216
1095  36129
1083  35909
1081  36077
1079  36223
1087  36208
1084  36118
1100  36222
1090  36042
1093  36085
1092  36138
1094  36179
1087  35948
1093  36240

Time taken: 58
