Tamanho    Peso
1090  36209
1093  36080
1089  36162
1089  36013
1086  36046
1093  36092
1085  36025
1090  36062
1091  36084
1095  35882
1088  36059
1092  36142
1093  36095
1094  36117
1092  36159
1093  36081
1095  36064
1087  36003
1090  35945
1087  36138
1096  36204
1081  36185
1085  36074
1094  36124
1089  35874
1090  36020
1088  36125
1087  36152
1090  36136
1094  36005
1088  36144
1099  36206
1094  35998
1083  36161
1083  36045
1094  35992
1092  36110
1082  36008
1094  36053
1086  36168
1087  36028
1085  36176
1087  36009
1097  36210
1090  36102
1085  36092
1084  35884
1091  36053
1085  35981
1086  36160

Time taken: 28
