Tamanho    Peso
1696  56162
1702  56773
1707  56880
1692  56821
1715  56460
1722  56836
1695  56771
1703  56401
1700  56554
1699  56617
1707  56692
1695  56471
1704  56201
1688  56555
1712  56549
1689  56482
1704  56596
1690  56378
1718  56217
1695  56514
1696  56503
1685  56713
1716  56777
1697  56271
1679  56479
1689  57295
1712  56353
1708  56387
1717  56581
1713  56737
1691  56607
1705  56474
1695  56516
1702  56286
1702  56610
1695  56301
1694  56353
1704  56862
1701  56440
1720  56339
1701  56525
1707  56858
1700  56517
1698  56467
1717  56500
1706  56316
1683  56268
1694  56187
1684  57053
1688  56396

Time taken: 220
