Tamanho    Peso
1679  56002
1696  55806
1697  55875
1698  55870
1700  55692
1699  55920
1698  55919
1691  55982
1680  55767
1682  55759
1690  55963
1692  55953
1704  55892
1709  55824
1700  55883
1691  55987
1702  56004
1708  56084
1704  55955
1698  55861
1696  56002
1703  55846
1692  55955
1696  55957
1697  55758
1693  56124
1701  56076
1705  55886
1702  55887
1697  55949
1691  55857
1699  55944
1699  55894
1679  55657
1687  55670
1703  55987
1684  55947
1705  56021
1705  55941
1695  55834
1695  55986
1701  55774
1695  55901
1702  56096
1701  55794
1695  55800
1704  55997
1699  55923
1699  55854
1697  55863

Time taken: 109
