Tamanho    Peso
253  8953
262  9195
264  9108
254  9070
251  9151
262  8930
259  8818
246  8772
264  9178
256  8930
250  9212
252  8681
251  9065
261  9120
264  9483
245  8650
252  8732
259  9116
260  9024
258  9209
248  8707
243  8348
252  8887
260  9048
251  9052
257  9029
265  9374
252  8882
249  8843
255  9078
263  9165
257  9267
256  9277
256  8942
253  8868
248  8984
245  8680
263  9185
254  9204
252  9071
256  9024
254  8839
250  8760
258  8943
253  9021
245  8813
253  8706
254  8952
251  8928
250  8973

Time taken: 20
