Tamanho    Peso
1035  34884
1034  34726
1037  34763
1037  34714
1034  34652
1035  34763
1033  34604
1043  34864
1038  34761
1030  34641
1039  34860
1032  34689
1037  34759
1034  34603
1036  34672
1030  34525
1039  34662
1035  34591
1039  34796
1033  34807
1040  34949
1038  34769
1041  34808
1033  34576
1042  34712
1036  34859
1041  34757
1042  34715
1036  34560
1035  34637
1037  34853
1037  34780
1041  34724
1034  34675
1031  34698
1032  34786
1035  34653
1038  34779
1021  34367
1031  34706
1032  34785
1035  34775
1045  34866
1031  34636
1038  34757
1036  34828
1039  34655
1036  34696
1027  34657
1032  34765

Time taken: 28
