Tamanho    Peso
1040  34841
1043  35101
1049  35259
1037  35033
1037  34921
1038  35343
1037  34865
1029  34746
1036  34931
1041  34983
1035  35243
1042  34805
1038  34842
1043  35035
1040  34921
1035  34791
1046  34720
1033  34783
1054  34944
1048  35092
1048  34952
1041  34845
1042  35084
1038  34942
1042  35083
1053  35029
1042  35039
1042  35155
1036  34705
1036  34843
1041  34953
1037  34789
1030  34627
1043  35251
1034  34978
1040  34874
1038  34898
1035  34844
1039  35157
1036  34864
1034  35092
1026  34578
1050  34966
1039  34875
1043  34789
1036  35112
1038  35089
1038  35013
1042  35209
1039  34946

Time taken: 64
