Tamanho    Peso
163  6450
168  6666
162  6662
169  6618
167  6742
159  6367
167  6636
165  6379
167  6601
159  6514
157  6442
157  6487
145  5989
163  6675
158  6219
167  6700
158  6287
165  6630
155  6399
165  6731
155  6411
158  6625
164  6854
166  6945
154  6631
149  6121
157  6448
166  6708
165  6700
155  6544
156  6368
154  6453
160  6506
148  5976
166  6744
158  6578
150  6074
163  6377
159  6594
162  6384
158  6300
158  6361
164  6750
161  6620
160  6700
162  6769
159  6335
156  6444
156  6300
164  6596

Time taken: 179
