Tamanho    Peso
1050  35836
1056  35833
1043  35973
1058  36010
1065  36107
1058  36067
1054  36003
1051  36326
1060  36216
1046  35911
1053  36147
1043  35971
1051  36125
1054  35860
1053  36202
1050  35995
1076  36097
1040  36408
1053  36062
1062  36019
1053  35976
1058  36009
1055  36416
1047  36147
1066  36246
1058  35813
1046  36243
1049  36414
1053  35952
1058  35938
1047  36314
1047  36155
1051  36028
1055  35904
1058  36129
1064  35933
1062  35931
1045  35882
1060  36019
1062  35992
1057  36021
1060  35865
1070  36014
1055  35856
1058  35884
1060  35993
1067  36098
1048  35956
1057  36032
1054  36180

Time taken: 53
