***********CONSTRUÇÃO**************
ANTES | DEPOIS
0.47329   0.262573
0.473533   0.26388
0.473415   0.261601
0.473256   0.264555
0.47404   0.263476
0.471618   0.261249
0.473475   0.264849
0.473334   0.263477
0.472364   0.262632
0.472478   0.260121
0.474834   0.261136
0.472964   0.264829
0.474207   0.261707
0.47488   0.264254
0.47181   0.264579
0.47312   0.261273
0.472313   0.264091
0.472404   0.26154
0.471113   0.261475
0.473091   0.259711
0.470943   0.259223
0.472937   0.263743
0.472907   0.262067
0.473276   0.26407
0.473693   0.262814
0.473846   0.260444
0.474626   0.262578
0.473169   0.261712
0.472592   0.262123
0.473121   0.260355
0.472355   0.260633
0.471108   0.264144
0.471316   0.261318
0.472713   0.264122
0.47168   0.26393
0.472918   0.261146
0.473055   0.263243
0.473098   0.261447
0.472567   0.262122
0.471527   0.260127
0.472919   0.259501
0.471667   0.264347
0.472683   0.261414
0.471722   0.263622
0.472552   0.264402
0.473616   0.261187
0.472361   0.261879
0.473521   0.261302
0.474321   0.262511
0.471748   0.259695
***********BUSCA LOCAL**************
ANTES | DEPOIS
0.591756   0.238294
0.945486   0.240202
1.06392   0.242828
1.43233   0.236672
0.471174   0.242261
1.5527   0.243829
1.06775   0.240856
0.706715   0.243958
0.476088   0.242064
0.47288   0.243323
0.83409   0.247136
0.827461   0.238353
0.832941   0.238947
1.191   0.239501
1.07918   0.244939
0.590999   0.247487
0.710785   0.242461
0.948439   0.245854
1.0671   0.236209
0.718419   0.243943
0.958166   0.243072
0.718451   0.243062
0.601727   0.244735
0.476881   0.242345
0.712327   0.244058
0.594014   0.243335
0.717899   0.241374
0.720008   0.242984
0.588628   0.237938
0.59784   0.243394
0.723601   0.244207
0.722217   0.241716
0.357702   0.246525
0.717468   0.241975
0.593812   0.242822
0.959928   0.241959
0.712335   0.240633
0.481901   0.246164
0.595712   0.242535
0.828051   0.250362
0.47438   0.248645
0.94833   0.242022
0.476167   0.243289
0.964452   0.243924
0.715847   0.246877
0.717235   0.241403
0.953902   0.245808
0.952391   0.245482
0.482039   0.242531
1.19186   0.244667
