Tamanho    Peso
1051  33910
1061  34073
1049  33738
1043  33606
1048  34055
1058  33892
1052  33939
1050  33996
1063  34112
1036  33819
1063  33886
1054  34109
1054  33901
1061  33815
1055  33782
1050  34017
1058  33774
1063  34123
1060  34026
1055  34061
1046  33629
1050  33834
1046  34035
1054  33934
1055  33777
1062  34276
1069  34110
1064  33923
1058  34001
1056  34102
1050  33979
1064  33980
1038  34098
1057  33948
1042  33937
1055  33735
1047  33645
1056  34167
1041  33921
1054  33930
1047  34212
1047  33912
1061  34328
1055  34109
1046  33809
1049  33733
1067  34106
1057  33884
1048  34044
1048  33603

Time taken: 63
