***********CONSTRUÇÃO**************
ANTES | DEPOIS
1.72135   1.67449
1.71951   1.68086
1.72241   1.67607
1.72168   1.67756
1.71999   1.67338
1.71746   1.67037
1.72521   1.67101
1.72177   1.67118
1.71346   1.66366
1.72208   1.66433
1.71835   1.68094
1.73076   1.68059
1.72293   1.68094
1.71996   1.67936
1.72098   1.67937
1.71665   1.66374
1.72463   1.67929
1.71353   1.66915
1.72017   1.67685
1.73303   1.67349
1.71777   1.66988
1.71228   1.67256
1.72012   1.6685
1.72346   1.67167
1.72134   1.67367
1.71738   1.68045
1.7193   1.67403
1.72058   1.67236
1.72298   1.67163
1.72193   1.66631
1.71609   1.67372
1.71645   1.68143
1.72336   1.66905
1.7223   1.675
1.70991   1.66423
1.72489   1.67043
1.72027   1.67206
1.71469   1.6708
1.70969   1.67564
1.72267   1.67472
1.71669   1.6677
1.71085   1.67248
1.71762   1.67258
1.71976   1.67206
1.71391   1.67767
1.72114   1.66116
1.71715   1.67426
1.71524   1.6771
1.70761   1.67526
1.71915   1.6721
***********BUSCA LOCAL**************
ANTES | DEPOIS
1.60828   1.6019
2.30137   1.56321
1.69026   1.55787
2.19235   1.51371
1.70086   1.60634
2.24432   1.56949
3.88634   1.60829
1.62567   1.61155
2.87211   3.1147
2.84884   1.60766
1.68991   1.59294
1.56618   2.80741
1.60649   1.53967
1.58812   2.04779
1.57691   1.61659
1.67232   1.67053
1.71473   1.58558
1.58629   1.55048
1.7046   2.25537
2.74585   1.56829
2.29175   2.18866
2.12403   1.56288
1.67541   1.53374
1.65465   1.72975
1.72515   2.13676
1.63891   2.19732
1.54736   2.59989
2.1368   1.57891
2.04037   4.00526
1.61057   1.56908
1.70899   2.25406
1.63144   2.2883
1.6145   1.56071
2.21716   2.15696
1.64529   1.59336
1.56659   1.57525
5.01002   1.56126
1.59963   1.64474
1.68163   1.61182
2.21229   1.57654
2.20062   2.69411
1.68773   1.54742
1.61344   1.60169
1.53993   2.14052
1.52749   1.6197
2.77284   1.70174
1.66372   1.5863
1.5508   2.16516
1.74315   1.56368
1.61658   2.29154
