Tamanho    Peso
1731  57437
1713  57135
1706  57384
1698  56728
1687  56892
1740  57088
1719  56564
1719  57221
1733  57000
1733  56898
1712  57154
1701  56942
1722  56939
1734  57063
1726  56881
1730  56980
1716  56470
1718  56754
1717  57190
1718  57381
1720  57084
1721  57273
1719  56842
1711  56529
1720  56990
1724  56582
1701  57287
1721  57139
1734  57052
1716  57157
1705  56841
1722  56971
1720  56937
1726  57076
1725  56744
1728  57275
1723  57058
1732  57007
1719  56761
1716  56913
1722  57041
1711  57362
1715  56718
1713  56733
1722  56890
1713  56559
1737  57051
1732  56902
1744  57437
1718  56620

Time taken: 207
