Tamanho    Peso
278  8801
280  8871
264  8608
243  7980
262  8445
277  8802
275  8748
276  8881
259  8375
261  8464
270  8539
264  8694
263  8416
278  8770
253  8161
279  8858
281  8862
251  7961
264  8382
249  8057
265  8664
276  8990
255  8298
251  8215
262  8369
279  9077
234  7534
262  8221
250  8316
264  8693
249  7874
273  8674
259  8328
276  8806
264  8477
253  8393
277  8930
278  9166
271  8474
266  8688
278  8829
278  8888
262  8354
257  8415
235  7734
240  7922
245  8032
267  8619
256  8320
255  8221

Time taken: 18
