88;8;0 68 177 192 211 310 324 506 532 630 639 650 695 737 746 754 788 803 825 872 873 877 887 889 1025 1041 1117 1172 1197 1224 1228 1230 1290 1337 1574 1577 1762 1788 1792 1793 1826 1831 1851 1912 2010 2071 2076 2110 2125 2221 2313 2507 2650 2699 2719 2721 2730 2734 2759 2902 2947 2956 3034 3141 3179 3296 3403 3404 3437 3485 3493 3529 3549 3606 3643 3692 3722 3752 3793 3823 3838 3921 3933 3964 3980 3982 3993 4029
89;8;0 68 177 192 211 310 324 506 532 630 639 650 746 754 825 872 873 877 887 889 1025 1041 1117 1172 1197 1224 1228 1230 1290 1337 1574 1577 1633 1762 1788 1792 1793 1826 1831 1912 2010 2071 2076 2110 2125 2221 2313 2507 2650 2699 2719 2721 2730 2734 2759 2902 2947 2956 3034 3050 3141 3179 3296 3385 3403 3404 3437 3446 3485 3493 3529 3549 3606 3643 3692 3722 3752 3793 3823 3838 3894 3921 3923 3933 3964 3980 3982 3993 4029
89;8;0 68 177 192 211 306 310 324 532 630 650 746 754 825 873 877 887 889 1025 1041 1062 1117 1172 1197 1224 1228 1230 1290 1328 1336 1574 1577 1610 1758 1762 1788 1792 1793 1826 1827 1831 1912 2010 2071 2076 2110 2125 2221 2313 2505 2507 2650 2699 2719 2721 2730 2734 2759 2902 2947 2956 2964 3033 3034 3060 3141 3179 3296 3395 3403 3437 3485 3493 3529 3549 3606 3643 3692 3722 3752 3823 3838 3921 3933 3964 3980 3982 3993 4029
89;8;0 68 177 192 211 306 310 324 506 532 630 639 650 746 754 825 872 873 877 887 889 1025 1041 1062 1117 1172 1197 1224 1228 1230 1290 1328 1337 1574 1577 1762 1788 1792 1793 1826 1831 1912 2010 2071 2076 2110 2125 2221 2313 2507 2650 2699 2719 2721 2730 2734 2759 2902 2947 2956 2964 3034 3060 3141 3179 3296 3395 3403 3404 3437 3485 3493 3529 3549 3606 3643 3692 3722 3752 3793 3823 3838 3921 3933 3964 3980 3982 3993 4029
90;8;0 68 177 192 211 310 324 532 630 650 746 754 825 857 873 877 887 889 1025 1041 1065 1117 1172 1197 1224 1228 1230 1290 1336 1574 1577 1758 1762 1788 1792 1793 1826 1827 1831 1912 2010 2071 2076 2110 2125 2221 2313 2505 2507 2650 2699 2719 2721 2728 2730 2734 2759 2902 2947 2956 3033 3034 3141 3179 3296 3403 3437 3485 3493 3529 3542 3549 3606 3643 3647 3679 3692 3718 3722 3752 3819 3823 3838 3921 3933 3964 3980 3982 3993 4029
90;8;0 68 177 192 211 310 324 532 578 630 650 746 754 825 857 873 877 887 889 1025 1041 1065 1117 1172 1197 1224 1228 1230 1290 1574 1577 1762 1788 1792 1793 1826 1831 1912 2010 2071 2076 2110 2125 2221 2313 2507 2650 2699 2719 2721 2728 2730 2734 2759 2902 2947 2956 3034 3050 3141 3179 3296 3385 3403 3437 3446 3485 3493 3529 3542 3549 3606 3643 3647 3679 3692 3722 3752 3819 3823 3838 3894 3921 3923 3933 3964 3980 3982 3993 4029
90;8;0 68 177 192 211 310 324 532 630 650 695 737 746 754 788 803 825 852 857 873 877 887 889 1025 1041 1065 1117 1172 1197 1224 1228 1230 1290 1574 1577 1762 1788 1792 1793 1826 1831 1851 1912 2010 2071 2076 2110 2125 2221 2313 2507 2650 2699 2719 2721 2728 2730 2734 2759 2902 2947 2956 3034 3141 3179 3296 3403 3437 3485 3493 3529 3542 3549 3606 3643 3647 3679 3692 3722 3752 3819 3823 3838 3921 3933 3964 3980 3982 3993 4029
90;8;0 68 177 192 211 306 310 324 532 630 650 746 754 825 857 873 877 887 889 1025 1041 1062 1065 1117 1172 1197 1224 1228 1230 1290 1328 1574 1577 1762 1788 1792 1793 1826 1831 1912 2010 2071 2076 2110 2125 2221 2313 2507 2650 2699 2719 2721 2728 2730 2734 2759 2902 2947 2956 2964 3034 3060 3141 3179 3296 3395 3403 3437 3485 3493 3529 3542 3549 3606 3643 3647 3679 3692 3722 3752 3819 3823 3838 3921 3933 3964 3980 3982 3993 4029
91;8;0 68 177 192 211 310 324 506 532 570 630 639 650 746 754 825 857 872 873 877 887 889 1025 1041 1065 1117 1172 1197 1224 1228 1230 1290 1337 1574 1577 1762 1788 1792 1793 1826 1831 1912 2010 2071 2076 2110 2125 2221 2313 2507 2650 2699 2719 2721 2728 2730 2734 2759 2902 2947 2956 3034 3141 3179 3296 3403 3404 3437 3485 3493 3529 3542 3549 3606 3643 3647 3679 3692 3722 3752 3793 3819 3823 3838 3921 3933 3964 3980 3982 3993 4029
92;8;0 68 177 192 211 310 324 532 630 650 746 754 825 839 857 873 877 887 889 1025 1041 1065 1117 1172 1197 1224 1228 1230 1290 1574 1577 1762 1788 1792 1793 1826 1831 1912 2010 2071 2076 2110 2125 2221 2313 2343 2507 2543 2551 2552 2650 2699 2719 2721 2728 2730 2734 2759 2902 2947 2956 3034 3141 3179 3296 3314 3403 3437 3485 3493 3521 3529 3542 3549 3606 3643 3647 3679 3692 3722 3752 3819 3823 3838 3921 3933 3936 3964 3980 3982 3993 4029
