Tamanho    Peso
1064  36011
1072  35710
1064  35874
1075  36055
1069  35832
1062  35766
1069  35600
1060  35595
1068  35938
1066  35602
1062  35693
1075  35730
1063  35488
1071  35946
1061  35760
1052  35750
1071  35827
1054  35815
1062  35817
1065  35814
1063  35821
1065  35542
1069  36055
1064  36043
1061  35906
1061  35444
1079  35914
1055  35922
1059  36044
1075  35971
1068  36486
1058  35830
1074  35734
1050  35310
1067  36064
1077  36068
1057  35595
1072  35831
1056  35717
1067  35759
1065  35848
1072  35953
1073  35932
1064  36037
1065  35732
1061  35655
1065  35821
1069  35992
1072  35932
1070  35891

Time taken: 68
