Tamanho    Peso
146  6053
158  6278
149  6217
156  6179
157  6231
146  5785
157  6403
151  6226
158  6360
155  5935
162  6185
158  6367
153  6264
159  6338
156  6324
159  6347
151  6096
150  6288
157  6196
158  6407
156  6186
159  6247
157  6254
155  6236
160  6255
156  6225
156  6334
159  6265
154  6276
158  6256
149  6090
158  6397
151  6175
158  6260
147  5741
143  5801
157  6252
130  5243
155  6169
120  5060
159  6207
156  5881
160  6428
160  6291
123  4978
151  6014
157  6400
159  6378
161  6011
157  6386

Time taken: 168
