Tamanho    Peso
159  6673
169  6775
161  6682
154  6423
153  6315
148  6197
158  6488
161  6698
156  6584
162  6783
161  6665
164  6714
157  6512
164  6705
158  6517
163  6607
160  6398
155  6559
158  6647
161  6710
143  5870
160  6201
160  6366
168  7136
150  5938
159  6600
148  5844
153  6440
159  6642
156  6464
164  6582
163  6389
158  6539
161  6544
156  6339
156  6733
163  6681
161  6603
166  6499
151  6344
158  6347
136  5873
156  6440
154  6192
155  6672
159  6562
163  6727
157  6699
163  6687
147  5748

Time taken: 216
