Tamanho    Peso
1703  54720
1719  54841
1705  54987
1699  54836
1705  54904
1704  55434
1691  55214
1700  54927
1715  54812
1701  54951
1695  54861
1695  54877
1698  54883
1700  54831
1717  54947
1718  55030
1709  55418
1710  54938
1703  55117
1701  55069
1697  54987
1698  54888
1709  54896
1712  54802
1717  54856
1720  55148
1715  55060
1712  55103
1713  55108
1694  55533
1708  55099
1706  54691
1713  54859
1704  54871
1694  54787
1713  55059
1714  55368
1728  54863
1695  55390
1696  54778
1695  55020
1707  55251
1708  54840
1712  54991
1704  54877
1694  54893
1700  55674
1705  55337
1693  55195
1709  55302

Time taken: 238
