Tamanho    Peso
1042  33472
1043  33437
1042  33448
1045  33451
1042  33476
1048  33456
1041  33356
1043  33477
1047  33448
1040  33400
1045  33443
1045  33493
1044  33436
1044  33509
1046  33542
1043  33320
1038  33240
1043  33361
1048  33501
1046  33381
1049  33462
1041  33416
1045  33427
1042  33506
1046  33519
1041  33297
1034  33155
1043  33439
1042  33447
1043  33214
1044  33439
1042  33379
1044  33393
1045  33442
1047  33409
1045  33406
1040  33273
1040  33316
1044  33441
1040  33371
1046  33437
1045  33445
1047  33474
1046  33546
1041  33467
1045  33288
1041  33333
1040  33406
1046  33420
1045  33439

Time taken: 26
