Tamanho    Peso
112  4775
111  4621
117  5223
100  4138
117  4995
117  4578
104  4338
100  4208
114  4317
103  4286
113  4331
125  4936
93  3921
95  3975
117  5175
97  3948
106  4541
102  4348
87  3671
100  4321
100  4120
99  4171
103  4703
115  4575
110  4666
91  3936
97  3991
104  4366
96  4034
107  4420
118  5267
125  4783
130  5470
95  4177
99  4007
112  4571
111  4615
112  4541
95  4000
92  3918
108  4418
102  4029
113  4929
116  4574
118  5063
104  4286
122  4963
89  3905
97  4322
107  4318

Time taken: 170
