Tamanho    Peso
104  3945
106  4528
102  4414
82  3482
118  5036
87  3946
114  4873
115  4976
118  5035
128  5269
102  4392
112  4776
113  5003
102  4502
116  4724
89  4193
95  3769
102  4170
110  4434
95  3931
98  4140
108  4364
103  4477
114  5146
98  4312
101  4412
90  3569
100  4015
98  4110
96  3866
97  4019
116  5001
112  4772
115  4808
96  4032
118  4734
122  4943
104  4538
90  4091
112  4340
94  3951
101  4468
105  4478
91  3958
119  4520
89  4054
93  4178
101  4277
88  3895
114  5022

Time taken: 177
