Tamanho    Peso
1100  34682
1098  34646
1094  34602
1097  34618
1085  34619
1097  34642
1098  34652
1095  34613
1097  34671
1094  34580
1099  34638
1093  34599
1093  34644
1099  34580
1089  34489
1100  34624
1097  34730
1095  34602
1100  34634
1097  34633
1103  34761
1095  34568
1096  34541
1104  34644
1092  34535
1094  34848
1097  34691
1094  34648
1100  34715
1099  34714
1104  34707
1098  34714
1098  34677
1098  34671
1090  34535
1100  34615
1096  34766
1094  34678
1101  34707
1097  34604
1102  34819
1102  34628
1097  34618
1100  34545
1094  34561
1094  34602
1098  34758
1094  34676
1103  34703
1095  34673

Time taken: 22
