Tamanho    Peso
1763  57149
1775  57237
1778  57232
1764  56869
1757  56842
1779  57054
1764  57045
1755  56644
1759  56960
1768  56851
1776  57173
1779  57327
1789  57200
1764  57002
1772  56826
1784  56871
1775  56866
1763  56890
1776  57105
1780  57244
1769  56880
1782  56957
1780  57137
1763  56794
1774  56816
1775  57017
1765  57043
1762  56806
1762  57140
1781  57251
1774  57017
1784  57410
1787  57333
1765  56906
1753  56506
1777  57063
1767  56923
1764  56880
1763  56988
1783  57141
1773  56970
1777  56953
1783  57128
1760  56767
1767  56771
1780  56888
1772  56901
1767  56841
1770  57351
1783  57279

Time taken: 105
