Tamanho    Peso
249  8710
242  8734
250  8601
264  8836
262  8779
264  8808
271  8682
235  8316
263  8652
265  8708
265  8765
268  8724
266  8616
239  8613
265  8805
237  8695
243  8783
266  8797
262  8626
268  8794
262  8712
267  8808
261  8682
263  8759
262  8508
240  8664
264  8764
265  8614
269  8561
269  8842
232  8437
263  8761
261  8787
271  8853
267  8845
268  8649
267  8744
241  8356
267  8604
266  8757
267  8722
270  8620
269  8572
270  8854
261  8623
267  8841
270  8675
265  8761
261  8777
268  8687

Time taken: 18
