***********CONSTRUÇÃO**************
ANTES | DEPOIS
0.209931   0.14452
0.206493   0.137778
0.207798   0.136137
0.206202   0.155885
0.206121   0.138772
0.208682   0.150328
0.209811   0.145996
0.210202   0.147615
0.208544   0.133017
0.205839   0.133094
0.207737   0.139602
0.206634   0.137207
0.209122   0.134932
0.204647   0.155342
0.207105   0.137973
0.206949   0.150346
0.205844   0.146336
0.206637   0.148395
0.206249   0.133086
0.209035   0.132793
0.206024   0.140059
0.207247   0.137095
0.206344   0.13617
0.206699   0.154864
0.205301   0.138913
0.20759   0.149378
0.207051   0.146281
0.205636   0.149065
0.210886   0.132979
0.207456   0.132791
0.206022   0.139495
0.206605   0.138374
0.207069   0.135064
0.207942   0.154907
0.205538   0.138766
0.210739   0.149638
0.207882   0.145433
0.20776   0.148606
0.209011   0.132821
0.206909   0.13287
0.208713   0.140081
0.212151   0.137644
0.20796   0.135423
0.207497   0.155356
0.205201   0.138115
0.206857   0.149872
0.209871   0.146316
0.205881   0.14818
0.205876   0.133003
0.208353   0.132636
***********BUSCA LOCAL**************
ANTES | DEPOIS
0.169899   0.125122
0.229761   0.129474
0.180975   0.127214
0.114119   0.122389
0.124977   0.111599
0.118398   0.114428
0.11498   0.237003
0.235696   0.121002
0.112172   0.129343
0.126846   0.13049
0.119637   0.124329
0.117636   0.12218
0.123901   0.128603
0.228743   0.123969
0.120681   0.122444
0.23653   0.116957
0.235715   0.121103
0.121498   0.126446
0.116307   0.12526
0.120187   0.128032
0.126519   0.121415
0.114037   0.12983
0.115023   0.128796
0.111359   0.119539
0.113347   0.126151
0.228974   0.104651
0.120234   0.111114
0.118152   0.123329
0.109936   0.127948
0.111177   0.118796
0.246401   0.12179
0.115785   0.123391
0.117252   0.120099
0.105132   0.12871
0.120479   0.133899
0.118191   0.118818
0.115069   0.124794
0.180549   0.12304
0.119264   0.131873
0.113942   0.12771
0.120131   0.122609
0.115   0.12678
0.110988   0.124917
0.120029   0.306861
0.122465   0.121395
0.11853   0.119198
0.110192   0.128695
0.121059   0.125635
0.119486   0.127218
0.117331   0.120484
