***********CONSTRUÇÃO**************
ANTES | DEPOIS
0.479817   0.295652
0.479625   0.28593
0.478807   0.292229
0.478969   0.287242
0.478606   0.291345
0.478714   0.293296
0.479565   0.287734
0.478022   0.289676
0.478627   0.289004
0.478346   0.290242
0.477745   0.291783
0.478709   0.2847
0.479835   0.291884
0.478455   0.286764
0.478924   0.290944
0.478893   0.292784
0.477632   0.288093
0.479081   0.290113
0.478047   0.288679
0.479132   0.290824
0.479562   0.292442
0.477819   0.287403
0.479162   0.292299
0.478106   0.286482
0.480935   0.290949
0.480447   0.292816
0.479567   0.287861
0.478676   0.290741
0.478049   0.288266
0.478866   0.291009
0.477273   0.292834
0.478899   0.285148
0.480269   0.292563
0.4806   0.286585
0.47981   0.290147
0.479295   0.292383
0.477876   0.288391
0.477904   0.290243
0.480584   0.289425
0.478557   0.29017
0.47773   0.292323
0.479323   0.285665
0.478839   0.292438
0.477957   0.28644
0.480581   0.290415
0.479909   0.292391
0.478902   0.288372
0.478356   0.290846
0.47806   0.289225
0.478615   0.289734
***********BUSCA LOCAL**************
ANTES | DEPOIS
0.739878   0.24679
0.735635   0.2523
0.74537   0.249469
0.99319   0.248575
0.490053   0.249786
0.618689   0.250144
0.618469   0.251435
0.745729   0.250569
0.503777   0.247393
0.619932   0.246156
0.616447   0.253726
1.10943   0.253946
0.862735   0.247668
0.498088   0.251144
0.981498   0.249951
0.858178   0.249712
0.746384   0.252287
1.11589   0.253687
1.23748   0.252227
1.24215   0.252602
0.625003   0.246927
0.740305   0.252382
0.993178   0.248714
0.500063   0.251916
0.754335   0.2463
0.741972   0.248963
0.497109   0.248698
0.873533   0.250294
0.617383   0.373816
0.864133   0.246465
0.488052   0.376548
0.743205   0.254496
0.619898   0.372129
0.976288   0.248588
0.61594   0.249098
0.618346   0.49906
0.630945   0.249233
0.490328   0.252446
0.492827   0.255228
0.49207   0.257782
0.73831   0.247854
1.11566   0.249525
0.625289   0.249935
0.741678   0.247383
1.60007   0.248775
0.491077   0.25028
0.618476   0.250735
0.992483   0.249904
0.61115   0.621639
0.61719   0.249843
