Tamanho    Peso
1093  34641
1090  34334
1100  34789
1097  34700
1093  34699
1099  34567
1097  34472
1099  34729
1099  34813
1102  34779
1097  34573
1099  34508
1100  34451
1103  34325
1102  34525
1093  34631
1078  34435
1101  34530
1106  34626
1098  34427
1105  34905
1091  34598
1096  34541
1105  35045
1111  34554
1100  34717
1103  34779
1095  34551
1095  34569
1103  34587
1090  34873
1095  34677
1107  34814
1099  34552
1089  34766
1092  34663
1102  35090
1101  34997
1093  34743
1090  34654
1104  34522
1097  34595
1090  34762
1094  34770
1083  34232
1099  34830
1099  34797
1095  34662
1096  34562
1096  34918

Time taken: 62
