Tamanho    Peso
1112  36956
1106  36878
1091  37411
1107  37110
1101  37223
1092  37151
1105  36836
1103  37025
1103  37144
1102  37055
1102  37050
1098  37009
1099  37105
1083  37045
1095  37464
1099  36872
1100  36996
1101  36743
1103  37041
1091  36940
1094  36901
1106  37008
1107  37018
1095  36948
1105  37165
1100  36884
1102  37069
1112  37031
1107  37320
1094  37100
1107  37019
1100  37114
1098  37062
1112  36979
1102  36772
1110  37078
1094  37104
1116  37031
1100  36933
1116  37201
1113  37188
1098  37205
1098  37215
1098  36968
1091  37345
1096  37181
1087  37064
1094  37086
1097  37170
1097  37252

Time taken: 58
