Tamanho    Peso
1097  36528
1089  36489
1096  36324
1107  36636
1107  36619
1106  36787
1095  36787
1106  36627
1099  36507
1105  36566
1103  36543
1097  36670
1101  36590
1103  36719
1103  36638
1099  36781
1098  36727
1106  36634
1107  36560
1102  36563
1106  36613
1103  36752
1099  36460
1103  36653
1105  36677
1102  36602
1103  36813
1106  36638
1102  36537
1105  36612
1103  36513
1094  36544
1096  36444
1101  36638
1107  36697
1109  36839
1098  36681
1105  36697
1102  36469
1105  36527
1104  36453
1098  36660
1095  36489
1105  36663
1106  36681
1094  36658
1101  36768
1102  36570
1099  36474
1102  36605

Time taken: 21
