***********CONSTRUÇÃO**************
ANTES | DEPOIS
1.66482   1.0729
1.65864   1.07964
1.65551   1.0777
1.65778   1.08393
1.65845   1.07153
1.66057   1.0783
1.65836   1.06901
1.66138   1.07266
1.66053   1.07567
1.66453   1.06835
1.66319   1.06243
1.65875   1.07891
1.66129   1.07898
1.65866   1.08723
1.65842   1.07905
1.66105   1.08001
1.66029   1.07093
1.66262   1.07472
1.66131   1.07574
1.65753   1.07431
1.66305   1.05932
1.66343   1.07307
1.65881   1.07911
1.6619   1.08337
1.66182   1.07448
1.66552   1.08369
1.66307   1.07014
1.66077   1.07739
1.66109   1.07771
1.65915   1.07096
1.65841   1.06597
1.65871   1.07682
1.66015   1.07641
1.65856   1.08568
1.66126   1.07181
1.65748   1.08218
1.6594   1.07142
1.65702   1.07694
1.65759   1.0762
1.65653   1.06879
1.65691   1.06485
1.65908   1.07471
1.65888   1.07806
1.65446   1.08621
1.65389   1.07352
1.65835   1.08256
1.66109   1.06745
1.65794   1.07392
1.65638   1.07461
1.65651   1.07536
***********BUSCA LOCAL**************
ANTES | DEPOIS
2.61599   1.32154
2.62362   0.885363
3.48191   1.32664
1.73644   0.881161
2.60759   0.890601
1.30311   0.881113
3.4616   1.32044
1.73854   0.884429
3.48562   1.76454
1.29459   0.87069
3.97274   0.882095
1.74497   1.76772
1.72951   1.73416
1.29998   0.884336
2.61826   0.865767
2.62507   0.883179
1.74996   0.872745
2.60364   2.62534
2.63959   0.886448
1.73597   1.75959
2.61802   0.880949
2.19827   0.90546
2.60979   1.74693
2.19349   1.74464
1.31836   0.88855
1.30148   0.868004
1.29741   0.893819
3.07465   1.32462
1.30219   0.87517
2.18028   1.32722
2.61764   0.880894
3.49501   1.30287
1.30445   0.888468
2.62871   1.33008
2.63571   0.868235
3.95865   0.879274
2.62834   0.887278
1.71912   0.878765
1.75182   1.32861
1.72613   1.76566
4.82558   0.893921
1.72394   1.31799
3.48245   2.19741
2.62971   1.32853
3.48213   0.884109
2.18076   1.32576
1.74103   0.874472
1.28578   1.75436
2.62592   0.886547
2.1782   1.3061
