Tamanho    Peso
1698  56788
1717  57371
1701  57425
1727  57623
1718  57562
1715  57653
1705  57028
1717  57533
1708  57279
1711  57343
1715  57268
1707  57525
1717  57353
1720  57591
1728  57546
1721  57436
1710  57247
1699  57226
1716  57448
1718  57505
1714  57176
1711  57436
1703  57045
1705  57423
1720  57376
1735  57581
1718  57529
1704  57265
1717  57220
1712  57184
1717  57235
1724  57385
1714  57444
1714  57202
1712  57489
1723  57462
1721  57231
1723  57472
1727  57488
1693  56972
1713  57193
1708  57437
1692  57154
1716  57286
1716  57393
1725  57432
1703  57237
1711  57605
1719  57543
1708  57336

Time taken: 113
