Tamanho    Peso
1095  35969
1081  35580
1078  35549
1095  35787
1102  35923
1101  35657
1095  36048
1079  35534
1087  35943
1091  35417
1093  35785
1088  35849
1086  35806
1095  35821
1084  35562
1099  36172
1081  35455
1091  35602
1093  35789
1094  35906
1080  35524
1078  35590
1080  35454
1073  35720
1099  36035
1093  35739
1085  35859
1080  35461
1088  35694
1093  35787
1080  35511
1101  36010
1087  35864
1107  36105
1088  35696
1086  35758
1113  35986
1096  35945
1088  35746
1088  35747
1098  36035
1088  35762
1102  36057
1078  35556
1108  36044
1107  35987
1083  35613
1088  35698
1083  35283
1083  35528

Time taken: 38
