Tamanho    Peso
1085  35965
1070  35525
1089  35815
1086  36091
1093  36392
1084  36161
1083  36258
1084  35884
1086  35996
1078  36358
1092  36066
1090  35825
1088  36422
1089  36075
1098  36041
1074  35699
1072  35819
1086  36134
1085  35981
1088  35975
1076  35579
1084  36055
1088  36256
1084  36201
1079  35928
1088  36080
1092  36064
1092  35988
1071  35762
1087  35998
1085  36045
1067  35571
1085  36002
1090  36398
1072  36097
1080  35763
1084  36044
1089  35969
1071  35803
1079  35780
1088  36027
1087  35736
1086  36008
1079  35958
1088  36359
1105  36398
1094  35994
1083  35640
1077  36178
1086  36255

Time taken: 54
