***********CONSTRUÇÃO**************
ANTES | DEPOIS
0.488873   0.316699
0.488217   0.317868
0.487612   0.31419
0.487813   0.319308
0.487282   0.315534
0.489851   0.317545
0.487641   0.316964
0.488667   0.315939
0.487275   0.313782
0.487481   0.309862
0.488385   0.312903
0.486904   0.318533
0.486609   0.314809
0.486393   0.318822
0.485788   0.314633
0.487485   0.315964
0.484401   0.317653
0.485982   0.316908
0.488798   0.315861
0.487174   0.309962
0.486574   0.313828
0.485646   0.31812
0.488325   0.315101
0.486552   0.318256
0.485373   0.314985
0.48761   0.317425
0.486637   0.319108
0.487209   0.316493
0.486653   0.315366
0.488513   0.310041
0.48817   0.31385
0.486313   0.318723
0.489372   0.315167
0.487446   0.318201
0.487285   0.316594
0.487755   0.317191
0.488571   0.318928
0.487112   0.315075
0.486272   0.315567
0.486857   0.309315
0.488332   0.313924
0.488372   0.317086
0.486937   0.315733
0.487136   0.318052
0.488786   0.315977
0.48743   0.317937
0.48677   0.31864
0.488439   0.315158
0.486942   0.314803
0.48839   0.309894
***********BUSCA LOCAL**************
ANTES | DEPOIS
0.379747   0.766465
0.628522   0.63066
0.759004   0.381464
0.378913   0.502164
0.501431   0.254126
0.380077   0.381749
0.377123   0.380747
0.628801   0.377265
0.632404   0.511568
0.386004   0.760834
0.756524   0.250495
0.762607   0.374811
0.64021   0.376403
0.634654   0.379739
1.02145   0.375454
0.496026   0.255298
0.504981   0.378185
0.760947   0.508706
0.502803   0.507544
0.365698   0.254019
0.506499   0.635322
0.625203   0.633738
0.50101   0.771222
0.384765   0.509693
0.628459   0.637608
0.497023   0.381493
0.628601   0.504619
0.882186   0.507678
0.504785   0.898173
0.504389   0.260398
0.508755   0.386701
0.875754   0.382858
0.497368   0.76397
0.515589   0.255572
0.507926   0.635092
1.01429   0.382009
0.89905   0.250955
0.628183   0.508414
0.627251   0.377889
0.624722   0.379819
0.511552   0.251969
0.756527   0.380318
0.892907   0.251311
0.503215   0.38296
0.3835   0.251238
0.381909   0.257159
0.621336   0.373867
1.12819   0.643564
0.377997   0.379973
0.374041   0.380136
