Tamanho    Peso
158  6224
160  6296
158  6361
144  5665
153  5896
159  6289
161  6327
157  6301
158  6315
156  6354
160  6301
157  6310
155  6339
160  6212
154  6306
158  6286
152  6264
161  6355
152  5906
145  5945
151  6101
160  6259
157  6329
157  6274
155  6230
159  6233
154  6380
156  6358
156  6311
155  6226
156  5801
163  5948
156  6290
159  6263
158  6348
159  6259
159  6271
159  6323
148  6186
159  6276
156  6227
158  6344
156  6225
162  6159
157  6402
160  6315
152  6152
160  6292
158  6269
151  6040

Time taken: 162
