***********CONSTRUÇÃO**************
ANTES | DEPOIS
0.216509   0.153595
0.213614   0.150622
0.21814   0.148516
0.218796   0.146527
0.21534   0.146204
0.220593   0.149368
0.218373   0.124268
0.214769   0.135702
0.220358   0.127072
0.215942   0.130279
0.21833   0.148614
0.212418   0.150291
0.217535   0.147967
0.220621   0.144349
0.217433   0.146584
0.218297   0.149169
0.21886   0.123961
0.221502   0.136469
0.219564   0.127399
0.215802   0.130688
0.218696   0.148589
0.220909   0.151655
0.214442   0.148065
0.21416   0.145325
0.213908   0.146669
0.219433   0.151209
0.217505   0.124398
0.214079   0.136877
0.212871   0.126815
0.218638   0.129954
0.220046   0.148674
0.217949   0.149562
0.217808   0.149219
0.219254   0.145768
0.218834   0.145176
0.218142   0.148642
0.220943   0.123606
0.219475   0.13643
0.216196   0.127287
0.21923   0.130567
0.221177   0.149892
0.214626   0.149922
0.220889   0.147358
0.218278   0.145199
0.213472   0.145329
0.219481   0.150054
0.214132   0.124473
0.217314   0.135857
0.214772   0.126851
0.218427   0.130898
***********BUSCA LOCAL**************
ANTES | DEPOIS
0.189658   0.130446
0.132407   0.1348
0.132383   0.135155
0.129202   0.139681
0.131767   0.132661
0.119001   0.145708
0.131949   0.133303
0.124379   0.1301
0.122329   0.131983
0.121745   0.136824
0.127405   0.147067
0.135238   0.127722
0.116062   0.139102
0.188601   0.126197
0.118227   0.146438
0.127085   0.14035
0.17701   0.140491
0.19409   0.141567
0.130878   0.135243
0.113238   0.141627
0.195428   0.128831
0.117805   0.140493
0.135317   0.127458
0.177757   0.141072
0.11701   0.137168
0.123414   0.13877
0.125661   0.136856
0.119273   0.123704
0.123808   0.130537
0.118471   0.131852
0.190008   0.132088
0.131473   0.132285
0.120776   0.133527
0.124833   0.131974
0.12595   0.129396
0.136826   0.141489
0.129893   0.133897
0.121983   0.131903
0.122204   0.137289
0.122551   0.131028
0.124387   0.137614
0.11942   0.137812
0.191231   0.138812
0.124774   0.133286
0.1382   0.135263
0.133797   0.132051
0.130195   0.137231
0.186554   0.142584
0.125271   0.124171
0.134185   0.137308
