Tamanho    Peso
1041  33442
1054  33577
1047  33380
1053  33743
1045  33434
1049  33588
1049  33519
1050  33522
1048  33496
1049  33549
1044  33457
1050  33466
1046  33379
1043  33365
1045  33354
1048  33555
1050  33578
1050  33582
1043  33374
1048  33518
1043  33476
1049  33524
1039  33332
1049  33755
1044  33317
1045  33550
1049  33570
1049  33630
1048  33543
1048  33553
1039  33461
1045  33517
1043  33380
1048  33635
1045  33491
1043  33447
1046  33546
1049  33551
1049  33647
1044  33432
1041  33555
1052  33605
1041  33332
1043  33617
1042  33450
1047  33566
1049  33504
1054  33620
1048  33497
1048  33443

Time taken: 26
