***********CONSTRUÇÃO**************
ANTES | DEPOIS
1.72096   1.66285
1.72375   1.66354
1.72587   1.64379
1.72305   1.65007
1.72021   1.6572
1.7192   1.65664
1.72724   1.65073
1.72089   1.65633
1.72461   1.64714
1.71955   1.65242
1.72455   1.6599
1.72611   1.64962
1.72303   1.65237
1.72099   1.64789
1.71798   1.64875
1.71736   1.6564
1.71803   1.65154
1.71712   1.64966
1.72189   1.63961
1.72677   1.64949
1.71917   1.65415
1.72644   1.65139
1.72863   1.64496
1.71739   1.64406
1.72056   1.6531
1.72138   1.6556
1.72493   1.64954
1.72143   1.6505
1.72558   1.64422
1.72491   1.65234
1.72845   1.65667
1.72237   1.64437
1.72402   1.65049
1.72585   1.65573
1.72415   1.65828
1.71777   1.64915
1.72461   1.65602
1.72434   1.66274
1.72436   1.64657
1.72181   1.65645
1.72039   1.6512
1.72364   1.65371
1.7252   1.64999
1.72336   1.65363
1.72584   1.66431
1.71961   1.65495
1.71655   1.64751
1.72474   1.6522
1.72551   1.65092
1.72269   1.64566
***********BUSCA LOCAL**************
ANTES | DEPOIS
1.51442   2.58575
2.54531   2.0322
1.48769   2.15604
1.52113   1.64242
3.10715   4.39281
1.52456   1.59732
1.58639   4.31904
2.99106   2.04006
2.08085   3.65549
2.1681   1.61284
1.47861   1.61375
2.14667   1.66281
1.53673   2.55808
1.58986   2.52805
2.19163   1.6058
1.5147   1.59731
3.08954   2.03411
1.46208   2.06835
2.00931   3.26682
2.55809   1.52377
3.12926   1.58563
2.03533   2.05325
1.56236   2.03523
1.45451   2.74359
1.58273   1.57936
2.94807   1.58187
3.66017   2.95304
1.53226   2.57773
2.48634   2.17792
1.92793   3.04148
1.60057   1.61642
1.61526   2.02054
1.52612   1.50971
2.65901   2.53877
1.96407   1.93241
1.58264   1.62454
1.51651   2.59705
2.53573   3.0708
1.98087   1.55902
1.58923   1.63578
1.63081   1.58914
2.52577   2.1571
1.52051   3.66047
2.04629   3.26957
1.95886   2.05309
2.53372   2.18888
2.05691   2.12466
2.19958   2.04153
1.97283   1.61871
3.07473   1.49427
