Tamanho    Peso
1063  34999
1066  34938
1057  34939
1069  34891
1078  35134
1070  35088
1070  34865
1059  34945
1074  35003
1061  35220
1060  35022
1072  35260
1074  35075
1066  35226
1057  34988
1076  34865
1060  35065
1069  34977
1069  34838
1059  35016
1068  34864
1064  35004
1057  35023
1063  35143
1073  34965
1058  34974
1064  35055
1062  35048
1051  35092
1060  34885
1064  35019
1064  34922
1064  34947
1067  35043
1058  35266
1055  35173
1066  35024
1064  34840
1071  35092
1074  34950
1066  34836
1065  34938
1072  34921
1057  35244
1065  34911
1065  34821
1067  35030
1055  34733
1063  34909
1067  35342

Time taken: 52
