***********CONSTRUÇÃO**************
ANTES | DEPOIS
1.67757   1.10077
1.67637   1.10501
1.67365   1.1079
1.67446   1.10425
1.67636   1.09383
1.67214   1.10572
1.67568   1.09089
1.67156   1.10862
1.67007   1.093
1.67522   1.0894
1.67633   1.09697
1.67446   1.1076
1.67249   1.11083
1.67457   1.10915
1.67113   1.09414
1.67683   1.10743
1.67185   1.09167
1.67698   1.10918
1.67325   1.09319
1.67385   1.09156
1.67378   1.09424
1.66991   1.10614
1.67089   1.10904
1.67238   1.10538
1.67443   1.09408
1.67452   1.10756
1.67501   1.09511
1.67735   1.10679
1.67684   1.08973
1.67391   1.09016
1.67146   1.0932
1.67737   1.10259
1.67491   1.1058
1.67336   1.10713
1.67394   1.0944
1.67663   1.10627
1.67802   1.09077
1.67432   1.1104
1.67417   1.09086
1.67293   1.091
1.67434   1.09415
1.67719   1.10641
1.67468   1.11002
1.66953   1.10726
1.67707   1.09257
1.67543   1.10647
1.6739   1.09412
1.67271   1.11
1.67158   1.09645
1.67335   1.08744
***********BUSCA LOCAL**************
ANTES | DEPOIS
2.19629   1.77479
1.32441   1.32555
3.50276   0.890435
2.64934   0.904044
3.55683   0.88954
3.54255   0.887593
1.32397   0.888606
2.66129   0.892572
3.08408   0.89194
2.6293   0.880653
3.10913   0.898952
2.23228   0.89198
3.95956   0.904969
2.18245   1.77406
4.00102   0.916103
1.76618   0.900017
1.31174   0.884011
3.96136   0.887976
4.42151   0.900973
1.31694   0.880719
4.03046   0.892675
1.75638   0.874828
3.07926   0.886372
2.66946   0.891884
4.44791   0.896976
3.09567   0.88832
3.5317   0.896249
2.17842   0.899505
3.9879   0.899691
3.10457   0.904513
3.08335   0.886077
3.52083   0.88686
3.97578   0.883446
3.53212   0.90312
2.20084   0.889953
1.75525   0.888739
3.53009   0.888783
3.9932   0.886289
2.22449   0.897461
2.19146   0.897519
2.62825   0.891802
4.42436   0.891364
3.09042   0.883181
1.75464   0.885078
2.67619   0.896577
2.19956   0.893122
2.66034   0.886438
4.4364   0.88592
3.10473   0.907226
1.31493   0.89703
