Tamanho    Peso
1074  36793
1073  36797
1082  36817
1071  36889
1065  36535
1081  36796
1058  36690
1071  36840
1069  36685
1070  36841
1062  36682
1068  36750
1071  36743
1074  36831
1070  36737
1075  36700
1071  36612
1063  36698
1077  36917
1069  36636
1067  36762
1074  36659
1074  36836
1076  36749
1073  36872
1073  36709
1063  36685
1076  36848
1069  36819
1072  36741
1071  36696
1071  36740
1073  36707
1067  36701
1065  36773
1070  36595
1071  36760
1068  36812
1070  36688
1060  36783
1078  36932
1072  36839
1067  36771
1068  36737
1070  36859
1072  36884
1069  36805
1065  36681
1069  36706
1064  36774

Time taken: 27
