Tamanho    Peso
1071  36943
1068  37008
1084  36984
1072  36858
1077  36897
1082  37146
1059  37408
1068  36803
1065  37277
1070  37263
1067  36693
1065  37015
1067  37081
1079  37060
1060  36738
1067  36833
1076  36806
1067  36785
1073  36873
1076  36976
1075  36728
1069  36693
1063  37066
1071  36901
1061  36909
1078  36940
1078  37172
1065  36990
1074  36951
1073  36858
1063  37030
1070  37230
1075  37154
1069  36931
1069  36860
1065  37346
1077  36878
1080  37126
1072  36756
1071  36978
1071  36803
1079  36861
1073  36826
1061  37302
1057  37425
1067  36735
1077  36838
1077  36903
1071  36921
1080  36838

Time taken: 53
