***********CONSTRUÇÃO**************
ANTES | DEPOIS
1.66906   1.08591
1.66971   1.08578
1.66724   1.08531
1.67284   1.08207
1.67557   1.08123
1.67188   1.07874
1.6729   1.08401
1.67406   1.07246
1.67402   1.07581
1.6714   1.07555
1.66353   1.08651
1.67171   1.08685
1.66854   1.07979
1.67399   1.08659
1.66821   1.07851
1.67308   1.08171
1.66973   1.08343
1.674   1.07794
1.66899   1.07626
1.66905   1.07796
1.67267   1.08464
1.66966   1.08497
1.66562   1.07956
1.6776   1.08129
1.66928   1.08094
1.66851   1.08224
1.67388   1.08035
1.6726   1.07513
1.66864   1.07609
1.67339   1.07702
1.6709   1.08321
1.66921   1.08737
1.67453   1.07811
1.67537   1.07832
1.67253   1.07883
1.67428   1.08058
1.67122   1.0835
1.67095   1.08091
1.67357   1.07924
1.67244   1.07711
1.67294   1.08181
1.66833   1.08157
1.6755   1.08211
1.6714   1.07936
1.66875   1.08158
1.6763   1.0806
1.67317   1.0806
1.66259   1.07415
1.679   1.07859
1.66927   1.07795
***********BUSCA LOCAL**************
ANTES | DEPOIS
1.74053   0.895016
2.59918   0.916341
3.4819   0.887862
2.62144   0.894886
2.62295   0.891685
2.61424   0.888891
5.22905   0.893837
3.89798   0.907363
4.80779   0.88231
1.7247   0.911031
2.20042   0.880802
4.82953   0.892019
3.04896   0.892088
2.59707   0.897231
4.36612   0.886418
3.07802   0.89564
4.35622   0.902949
5.27456   0.894129
2.1897   0.892553
1.73898   0.883211
3.95181   0.888038
3.49432   0.878139
3.03938   0.874452
3.48239   0.877488
2.60971   0.904609
3.02219   0.90293
1.71666   0.90826
1.31537   0.882083
3.07309   0.893342
4.846   0.899167
1.70498   0.896097
2.17692   0.882758
2.1889   0.883276
3.49557   0.895057
6.16033   0.893191
3.05478   0.896141
2.20271   0.891164
3.48573   1.76916
2.60063   0.895265
1.31392   0.88247
2.6058   0.910949
4.82325   0.88285
3.09637   0.893087
3.02483   0.900518
2.16733   0.890559
3.48722   0.897461
4.36174   0.88226
2.63814   0.896739
1.72576   0.895711
2.59393   0.893766
