Tamanho    Peso
1713  56733
1698  56250
1694  56535
1710  56652
1695  56325
1700  56118
1709  56397
1723  56463
1709  56149
1701  57148
1695  56679
1705  55909
1718  56416
1713  56621
1702  55963
1713  56417
1699  55864
1711  56068
1696  57151
1692  56863
1707  56221
1718  56670
1702  56094
1710  56299
1685  56057
1703  56155
1723  56989
1702  57115
1713  56633
1716  56260
1684  56522
1688  56498
1704  56825
1716  56404
1708  56491
1711  56357
1718  56907
1711  56017
1710  56776
1707  57074
1698  56413
1707  56351
1727  56677
1696  56286
1689  56422
1713  56227
1719  56051
1706  56151
1694  56586
1685  56118

Time taken: 239
