***********CONSTRUÇÃO**************
ANTES | DEPOIS
0.218493   0.140688
0.217922   0.135791
0.217437   0.135265
0.219399   0.100934
0.218089   0.099447
0.217292   0.100002
0.218968   0.100703
0.218574   0.099912
0.218733   0.095755
0.21587   0.0996
0.216909   0.136993
0.217867   0.134272
0.217593   0.135498
0.21603   0.101101
0.217778   0.099301
0.218254   0.099866
0.219627   0.100679
0.217013   0.099808
0.215626   0.095684
0.217533   0.099648
0.21982   0.136224
0.219618   0.134223
0.218597   0.134527
0.217652   0.100935
0.218329   0.099469
0.219404   0.100158
0.218992   0.100821
0.218358   0.09986
0.216409   0.095666
0.2193   0.100082
0.217676   0.136932
0.218369   0.135155
0.21799   0.135905
0.220567   0.101273
0.218554   0.099511
0.219017   0.099933
0.21976   0.100647
0.218721   0.099972
0.219887   0.095567
0.218062   0.099666
0.216901   0.13642
0.219353   0.134725
0.217727   0.135183
0.21625   0.101063
0.217377   0.099192
0.217714   0.099998
0.217686   0.100744
0.218002   0.099843
0.219856   0.095554
0.219706   0.099718
***********BUSCA LOCAL**************
ANTES | DEPOIS
0.125279   0.135151
0.117342   0.133911
0.125932   0.140333
0.123826   0.131949
0.126104   0.127481
0.126267   0.131351
0.126629   0.137629
0.124591   0.139546
0.12157   0.126112
0.122883   0.126213
0.119605   0.123057
0.123295   0.123345
0.11358   0.139035
0.184149   0.133488
0.128603   0.120847
0.116511   0.138378
0.126917   0.135098
0.124263   0.127092
0.107376   0.125085
0.129595   0.132014
0.120366   0.138517
0.189727   0.1321
0.112765   0.125671
0.125084   0.119838
0.132223   0.128117
0.125299   0.12978
0.126188   0.13417
0.126196   0.132721
0.129875   0.123705
0.125348   0.123071
0.121603   0.13464
0.122405   0.128747
0.120984   0.125284
0.130841   0.130293
0.117927   0.128231
0.190918   0.126318
0.126247   0.129448
0.121723   0.125597
0.117829   0.12824
0.118325   0.121991
0.121501   0.131281
0.115492   0.134368
0.132661   0.136287
0.122734   0.123979
0.113409   0.130475
0.130091   0.128518
0.124247   0.13273
0.124171   0.141224
0.116567   0.125803
0.127964   0.12234
