Tamanho    Peso
293  7729
289  7806
292  7815
293  7674
293  7739
289  7819
296  7784
291  7728
292  7675
288  7842
292  7754
289  7681
291  7728
267  7779
289  7548
290  7588
296  7876
289  7715
291  7764
290  7759
286  7712
261  7707
296  7793
292  7762
295  7801
293  7633
295  7836
297  7849
296  7882
295  7824
290  7735
296  7970
289  7761
290  7758
288  7775
269  7808
293  7664
292  7754
295  7861
288  7866
287  7624
292  7801
290  7794
292  7759
291  7836
289  7759
294  7741
293  7833
295  7782
292  7710

Time taken: 17
