Tamanho    Peso
1089  35975
1080  35994
1084  36050
1082  35893
1093  36096
1079  35911
1068  35815
1071  35744
1075  35889
1072  35915
1083  35859
1077  36012
1077  35919
1092  35870
1079  35982
1085  35906
1079  36116
1077  36056
1082  35884
1083  35962
1084  35864
1085  35968
1083  35872
1089  35904
1086  36122
1080  36006
1086  35951
1077  35739
1087  35895
1086  35750
1086  35888
1085  36021
1087  35824
1083  35901
1091  36037
1085  35960
1082  36061
1090  36046
1068  35691
1079  35929
1087  35983
1081  35868
1076  35948
1078  35848
1072  35918
1081  35947
1082  35963
1072  35822
1079  35786
1078  36020

Time taken: 33
