***********CONSTRUÇÃO**************
ANTES | DEPOIS
0.486172   0.311341
0.485078   0.311881
0.485525   0.306911
0.485978   0.311291
0.486549   0.311785
0.48704   0.307962
0.486623   0.308173
0.485607   0.309674
0.484784   0.303263
0.48608   0.308572
0.486327   0.307283
0.486613   0.310155
0.484906   0.307698
0.48512   0.311507
0.486299   0.311491
0.485306   0.309352
0.486227   0.30824
0.485912   0.310198
0.486496   0.305269
0.484033   0.308771
0.487237   0.30763
0.486956   0.311466
0.486289   0.306709
0.487825   0.310894
0.486461   0.311557
0.485491   0.308805
0.485358   0.308188
0.485854   0.310083
0.48641   0.305524
0.486816   0.309107
0.484896   0.307822
0.485597   0.31017
0.487063   0.307888
0.485885   0.310569
0.487372   0.311072
0.485186   0.309483
0.486059   0.308245
0.485244   0.310699
0.486057   0.304507
0.485911   0.308389
0.485174   0.308014
0.485958   0.311136
0.486528   0.307467
0.486481   0.309897
0.487261   0.311272
0.48499   0.308822
0.485473   0.308125
0.486528   0.31038
0.485235   0.304487
0.485424   0.308223
***********BUSCA LOCAL**************
ANTES | DEPOIS
0.763414   0.254377
1.01322   0.382317
0.511339   0.25868
0.869576   0.507718
1.41343   0.250576
0.505749   0.253672
1.52703   0.385612
0.37553   0.378791
0.505678   0.255238
0.383145   0.637457
0.88547   0.258483
0.893984   0.374815
0.507977   0.375983
0.508938   0.508677
0.628662   0.382627
0.379821   0.248715
0.763259   0.383418
0.637547   0.385452
1.13541   0.260196
1.00676   0.257508
1.00941   0.259492
0.377532   0.385898
1.00679   0.254584
0.755295   0.257893
0.756581   0.260065
1.0155   0.255902
0.372397   0.640114
0.635405   0.507462
0.886364   0.257249
0.760779   0.505361
0.510453   0.251756
1.01905   0.256073
0.886298   0.256062
0.884882   0.50509
0.754284   0.256359
0.635327   0.255216
0.507973   0.253676
1.15052   0.257689
0.514679   0.508104
0.755974   0.385664
0.632145   0.248933
1.00866   0.509007
0.625694   0.510231
1.40686   0.385291
0.630789   0.387222
1.01708   0.253964
0.503024   0.249805
0.635303   0.64197
1.14385   0.257827
0.639191   0.380226
