25;8;135 738 1442 1931 2520 2799 3414 3872 3879 4435 6014 6371 6852 7425 7458 8055 8094 9082 9597 9683 9765 9870 9969 10214 10279
26;8;135 738 1442 1931 2520 2799 3261 3406 3414 3872 3879 4435 6014 6371 6852 7313 7425 7458 8094 9082 9597 9683 9765 9870 9969 10214
26;8;135 738 1442 1931 2368 2520 2799 3029 3414 3805 3872 3879 4435 6014 6371 6439 6852 7425 7458 8094 9082 9597 9683 9765 9969 10214
26;8;135 738 1442 1931 2520 2799 3406 3414 3872 3879 4435 6014 6371 6852 7313 7425 7458 8055 8094 9082 9597 9683 9765 9969 10214 10279
26;8;135 738 1442 1931 2520 2799 3029 3414 3805 3872 3879 4435 6014 6371 6439 6852 7425 7458 8094 9082 9104 9597 9683 9765 9969 10214
26;8;135 738 1442 1874 1931 2520 2799 3029 3414 3805 3872 3879 4435 6014 6371 6439 6852 7425 7458 8094 9082 9597 9683 9765 9969 10214
26;8;135 738 1442 1931 2520 2799 3029 3414 3805 3872 3879 4435 6014 6371 6439 6852 7425 7458 8094 9082 9597 9683 9765 9870 9969 10214
27;8;135 738 1442 1931 2131 2520 2799 3029 3414 3805 3872 3879 4435 6014 6371 6439 6852 7425 7458 8094 9082 9597 9683 9765 9884 9969 10214
27;8;135 738 1442 1931 2520 2799 3029 3406 3414 3805 3872 3879 4435 6014 6371 6439 6852 7313 7425 7458 8094 9082 9597 9683 9765 9969 10214
28;8;135 738 960 1442 1931 2520 2799 3029 3414 3805 3872 3879 4435 6014 6371 6439 6852 7425 7458 8055 8094 9082 9597 9683 9765 9969 10214 10279
