Tamanho    Peso
101  3720
99  3862
100  3890
101  4084
97  3813
90  3462
96  3698
93  3769
106  4107
80  3575
95  3805
96  3520
102  4004
104  3899
88  3749
98  3990
93  3766
101  3912
76  2947
98  3938
84  3298
93  3688
97  3829
104  3948
100  4062
79  3088
87  3420
90  3602
83  3449
103  4190
101  3739
95  3709
93  3782
110  4193
85  3722
80  3395
99  3899
102  3940
112  3893
108  4175
99  3821
100  4020
91  3548
101  4002
97  3856
99  3888
84  3318
83  3616
100  3833
93  3639

Time taken: 197
