Tamanho    Peso
238  8586
245  8760
231  8746
282  9083
275  8940
272  8880
247  8913
290  9207
237  8589
277  9002
276  9090
241  8660
243  8897
249  8646
234  8552
243  8811
251  9033
280  8940
279  9026
284  9240
278  8929
246  8862
243  8544
279  9147
242  8744
286  9053
251  9014
281  8975
254  9043
248  8691
246  9028
247  8678
252  8897
243  8885
261  9083
251  8993
256  9051
278  9010
278  8935
278  9116
237  8737
245  8619
246  8867
252  8852
261  9065
260  9262
271  8713
286  9055
281  8973
253  9081

Time taken: 19
