Tamanho    Peso
264  9881
253  9747
267  10159
243  9322
268  10176
264  9710
268  9635
253  8974
248  9337
257  9918
251  9655
257  10024
267  9702
262  10241
262  9743
248  9359
252  9781
255  9515
251  9256
265  9870
250  9373
271  10019
262  9752
255  9574
249  9481
261  9801
248  9301
242  9364
255  9603
250  9682
254  9157
250  9366
265  9812
264  9619
253  9513
259  9640
260  10059
246  9487
267  10164
270  10310
247  9282
264  9878
270  10036
274  10315
274  10046
257  9820
271  9918
250  9147
271  10060
273  10153

Time taken: 20
