***********CONSTRUÇÃO**************
ANTES | DEPOIS
0.470397   0.302824
0.471593   0.299713
0.471205   0.296982
0.4721   0.297262
0.471   0.301303
0.473207   0.297305
0.472019   0.301345
0.470043   0.300056
0.473732   0.298809
0.47184   0.297068
0.472202   0.299493
0.471688   0.298399
0.469941   0.298151
0.471964   0.296977
0.471605   0.301718
0.471389   0.29813
0.47175   0.300606
0.472355   0.299673
0.472138   0.298834
0.471709   0.29777
0.47318   0.300331
0.471652   0.300084
0.47236   0.297367
0.471923   0.296613
0.471838   0.301293
0.469687   0.297537
0.473848   0.299515
0.471415   0.300509
0.473818   0.298529
0.471363   0.297473
0.472081   0.300254
0.472558   0.298195
0.472359   0.298014
0.472167   0.296863
0.471465   0.301613
0.472781   0.298844
0.470793   0.301168
0.472076   0.29879
0.472161   0.297801
0.472697   0.297643
0.472964   0.299431
0.471126   0.297815
0.472015   0.296962
0.472223   0.296602
0.474008   0.300562
0.473383   0.296876
0.472341   0.301035
0.473026   0.299809
0.473066   0.298527
0.473401   0.297276
***********BUSCA LOCAL**************
ANTES | DEPOIS
0.593291   0.242646
0.717516   0.365604
0.72829   0.364005
0.957012   0.366819
1.3423   0.479011
0.717996   0.245668
0.60385   0.246929
0.487744   0.23857
0.851146   0.247166
0.483887   0.246895
0.47975   0.240613
0.838052   0.242515
0.354529   0.4775
0.722133   0.602369
0.592969   0.2414
1.08662   0.244924
0.601035   0.482871
0.710278   0.243502
0.358349   0.485635
0.486604   0.242149
0.967444   0.487341
0.600424   0.237948
0.838958   0.493098
0.488413   0.242972
0.608189   0.36308
0.358742   0.482845
0.836907   0.240263
0.959636   0.249642
0.710888   0.23637
0.84614   0.245351
0.721492   0.482172
0.839373   0.243367
0.834381   0.248997
0.611702   0.240703
0.363401   0.23864
0.726023   0.366672
0.717221   0.36371
0.354683   0.24606
0.7268   0.36493
0.476958   0.476021
0.358107   0.359775
1.08087   0.245479
0.606016   0.473796
1.07055   0.242363
0.482414   0.600057
0.723906   0.478271
0.965034   0.241967
0.965241   0.241343
0.477185   0.485051
0.841476   0.357347
