Tamanho    Peso
1094  37047
1088  37296
1107  36981
1101  37173
1099  37041
1085  37241
1102  37434
1097  36679
1102  36987
1103  37319
1097  37116
1101  36823
1108  36770
1085  37695
1108  37119
1101  37033
1103  37061
1097  36892
1093  36919
1087  37183
1107  37156
1114  37126
1089  37036
1099  36782
1109  37158
1091  37093
1103  37069
1111  37079
1098  36949
1084  37405
1092  36649
1097  36937
1092  36922
1101  37053
1102  37094
1101  36840
1089  37053
1095  37116
1105  37130
1094  37231
1108  37164
1095  37266
1097  36958
1102  37001
1111  37181
1098  37261
1094  37048
1092  37151
1097  36984
1108  37039

Time taken: 56
