Tamanho    Peso
1098  36599
1098  36577
1103  36644
1091  36571
1102  36719
1101  36562
1095  36572
1096  36676
1094  36589
1092  36527
1107  36681
1096  36559
1097  36572
1096  36553
1100  36677
1098  36522
1096  36513
1098  36667
1099  36617
1099  36570
1093  36502
1102  36558
1099  36573
1092  36472
1097  36526
1101  36670
1093  36535
1095  36488
1097  36550
1098  36516
1103  36616
1098  36565
1098  36522
1098  36573
1097  36665
1103  36682
1097  36557
1094  36560
1094  36543
1095  36542
1097  36668
1097  36577
1098  36500
1096  36550
1093  36524
1096  36464
1092  36522
1099  36608
1095  36535
1096  36584

Time taken: 21
