Tamanho    Peso
1716  57684
1724  57309
1728  57923
1727  57928
1706  57750
1707  57706
1737  57716
1726  57667
1720  57777
1726  58144
1723  57473
1713  57474
1733  57895
1710  57809
1729  57767
1731  57850
1732  57691
1724  58157
1728  57584
1716  58015
1701  57668
1695  58361
1728  58442
1714  57949
1714  57786
1707  57696
1718  57970
1693  58104
1733  58248
1716  57588
1717  58109
1722  58041
1721  58129
1703  57099
1719  57655
1727  58241
1716  58014
1696  57861
1719  58169
1706  57257
1704  57350
1716  57488
1722  57984
1705  57414
1708  57988
1733  58188
1727  57840
1725  57422
1721  57366
1723  57655

Time taken: 217
