***********CONSTRUÇÃO**************
ANTES | DEPOIS
0.388144   0.222528
0.388352   0.221774
0.389914   0.2202
0.391029   0.220125
0.389436   0.219379
0.390002   0.216365
0.389817   0.220902
0.388204   0.220816
0.390556   0.219732
0.387893   0.213875
0.388962   0.220703
0.390112   0.222272
0.390342   0.219962
0.389224   0.220529
0.390967   0.219063
0.388952   0.217209
0.38997   0.221261
0.389402   0.221087
0.388555   0.219156
0.389807   0.212678
0.39017   0.221082
0.389858   0.221364
0.391573   0.219989
0.388393   0.22098
0.389119   0.220004
0.388025   0.216207
0.390787   0.220378
0.389274   0.221373
0.389036   0.220379
0.389352   0.213103
0.389272   0.220983
0.387971   0.222248
0.389249   0.221047
0.390375   0.2208
0.389099   0.219026
0.388747   0.215304
0.389373   0.220525
0.388899   0.222504
0.389316   0.220378
0.389605   0.212672
0.389413   0.2211
0.389567   0.221918
0.388917   0.220903
0.389551   0.220444
0.389606   0.219457
0.389637   0.216585
0.389041   0.220648
0.388494   0.220073
0.38987   0.218852
0.389003   0.212719
***********BUSCA LOCAL**************
ANTES | DEPOIS
0.571902   0.193885
0.469692   0.188201
0.656379   0.191352
0.669148   0.186458
0.662235   0.282467
0.669396   0.189623
0.668607   0.189604
0.656204   0.190646
0.751256   0.193194
0.663295   0.192791
0.962254   0.19213
0.846371   0.188108
0.660347   0.198359
0.759611   0.187279
0.756931   0.194856
1.24603   0.382505
0.570681   0.187801
0.577852   0.187623
0.566046   0.192511
0.756511   0.196746
0.755287   0.193956
0.762408   0.191286
0.661682   0.194987
0.766253   0.192693
1.22683   0.191937
0.664613   0.192383
0.754875   0.190497
0.670725   0.191758
0.472113   0.193647
0.757898   0.192352
1.04688   0.191249
1.03933   0.18464
0.478859   0.1902
0.954069   0.380028
0.953764   0.189538
0.94786   0.194138
0.759295   0.191674
1.04852   0.195577
1.13767   0.191776
0.657777   0.193697
0.662358   0.387414
0.568083   0.189479
0.568998   0.188963
0.473287   0.19052
0.956969   0.192531
0.568781   0.195438
1.14832   0.19002
0.947767   0.192462
0.383722   0.386021
0.854558   0.191847
