***********CONSTRUÇÃO**************
ANTES | DEPOIS
1.67534   1.08967
1.67497   1.08967
1.67528   1.08949
1.67573   1.09309
1.67369   1.0903
1.6713   1.09143
1.67738   1.08938
1.6755   1.08834
1.67551   1.0899
1.67309   1.07804
1.67727   1.09025
1.67355   1.08616
1.67544   1.09113
1.6719   1.09065
1.67546   1.09066
1.67885   1.09266
1.68027   1.09294
1.67254   1.08788
1.66688   1.0877
1.6729   1.07716
1.67228   1.09103
1.67197   1.08947
1.67939   1.08692
1.67319   1.09508
1.67062   1.09068
1.67986   1.0959
1.67418   1.09029
1.6729   1.08611
1.66995   1.09046
1.67148   1.08029
1.67672   1.08947
1.67138   1.08573
1.67719   1.0892
1.67841   1.09136
1.6736   1.09123
1.6719   1.09383
1.67441   1.09493
1.67143   1.08496
1.6762   1.08677
1.6725   1.08154
1.67394   1.0886
1.67259   1.08502
1.67565   1.08797
1.67213   1.09547
1.6717   1.0942
1.67698   1.09095
1.67585   1.09166
1.67413   1.09139
1.68117   1.09077
1.67243   1.076
***********BUSCA LOCAL**************
ANTES | DEPOIS
1.75268   0.901082
3.0823   0.898696
3.10172   0.911506
2.65493   0.901826
2.22065   0.897382
3.53525   0.897902
2.21743   0.899211
1.74072   0.90143
4.88192   0.902018
1.78311   0.908136
3.54454   0.908976
2.6259   0.888395
1.76226   0.903047
3.56015   0.906053
2.19061   0.88843
2.16524   0.901806
2.20732   0.896799
4.39011   0.901688
4.43442   0.885405
4.42562   0.887488
3.55149   0.909833
2.62704   0.872957
1.76498   0.904866
2.65824   0.890834
1.3297   0.919281
2.19697   0.903805
2.66609   0.895273
2.61092   0.902083
3.08526   0.896487
1.77337   0.901586
3.51915   0.903414
3.1051   0.883357
1.74907   0.912628
1.74901   0.897652
2.6559   0.906301
2.65976   0.898559
1.3057   0.885491
3.55431   0.909865
2.6385   0.895815
2.20559   0.894789
2.65577   0.905503
4.39698   0.912538
2.64038   0.89547
1.75714   0.895453
3.11086   0.893767
2.21473   0.907426
3.9843   0.896268
2.65929   0.894143
1.32019   0.899117
3.0883   0.913229
