Tamanho    Peso
282  8579
260  8454
287  8347
287  8428
287  8495
262  8531
285  8329
287  8408
290  8717
289  8418
284  8356
282  8262
287  8677
283  8317
278  8432
283  8391
280  8424
281  8310
282  8322
249  8076
282  8365
288  8592
284  8371
280  8641
282  8599
286  8558
280  8255
253  8318
289  8661
286  8333
279  8415
286  8438
289  8369
283  8557
289  8582
280  8253
281  8631
247  8379
285  8525
285  8359
282  8255
259  8555
284  8612
291  8590
285  8478
284  8447
284  8387
283  8330
287  8275
286  8412

Time taken: 17
