***********CONSTRUÇÃO**************
ANTES | DEPOIS
0.2191   0.13672
0.223836   0.142423
0.217892   0.14178
0.224485   0.142236
0.22339   0.136626
0.225087   0.13636
0.219716   0.134183
0.223137   0.13591
0.223946   0.124154
0.223094   0.110385
0.221078   0.133576
0.220002   0.142403
0.219549   0.141903
0.221283   0.142199
0.218665   0.136079
0.221433   0.136209
0.222112   0.134087
0.219069   0.136229
0.222735   0.123516
0.220447   0.110299
0.221969   0.133772
0.218013   0.143795
0.217234   0.142242
0.218021   0.142465
0.216963   0.136092
0.222203   0.136072
0.217635   0.134521
0.221842   0.136278
0.219926   0.124525
0.224698   0.110147
0.220561   0.134247
0.218285   0.143652
0.223426   0.142212
0.218784   0.142916
0.222124   0.136841
0.218479   0.136412
0.219496   0.133746
0.224389   0.136199
0.21824   0.124097
0.223106   0.110223
0.219492   0.133409
0.224052   0.142511
0.221642   0.141523
0.223618   0.141662
0.220545   0.136727
0.222486   0.136266
0.220955   0.134575
0.218101   0.136327
0.222752   0.124059
0.221401   0.109837
***********BUSCA LOCAL**************
ANTES | DEPOIS
0.110286   0.134798
0.235466   0.126297
0.108846   0.134868
0.115662   0.125728
0.102182   0.128259
0.237856   0.123329
0.117045   0.119197
0.102015   0.115976
0.106362   0.117955
0.116053   0.115606
0.096979   0.123252
0.092939   0.127603
0.10689   0.119293
0.110155   0.129035
0.115375   0.126769
0.106237   0.119198
0.108318   0.123963
0.111364   0.11996
0.102858   0.121284
0.165539   0.124782
0.099412   0.126237
0.105567   0.128844
0.109754   0.131887
0.117836   0.117102
0.103692   0.132342
0.105793   0.123406
0.12434   0.115366
0.228392   0.117512
0.105929   0.131136
0.10359   0.125717
0.113506   0.120688
0.116492   0.116592
0.104851   0.127994
0.102487   0.128568
0.109266   0.127251
0.094579   0.122387
0.10228   0.11287
0.227847   0.136493
0.111497   0.122711
0.102936   0.125741
0.107982   0.129803
0.162276   0.116072
0.097085   0.132913
0.117011   0.129324
0.109032   0.135295
0.109719   0.123098
0.109672   0.118857
0.098699   0.130438
0.110281   0.11246
0.11953   0.113747
