***********CONSTRUÇÃO**************
ANTES | DEPOIS
0.482804   0.296491
0.482502   0.294063
0.483345   0.292979
0.483673   0.291018
0.481601   0.294956
0.485162   0.293214
0.482741   0.292966
0.483162   0.295385
0.483158   0.29045
0.484022   0.291615
0.483014   0.29477
0.483113   0.292814
0.483187   0.294048
0.48324   0.291081
0.482715   0.295108
0.482552   0.29383
0.482646   0.293527
0.482337   0.295541
0.483096   0.290586
0.482745   0.291927
0.482836   0.294404
0.483622   0.292685
0.484275   0.294489
0.481824   0.292653
0.483111   0.293681
0.484166   0.295681
0.483229   0.294048
0.482554   0.294448
0.48461   0.291051
0.483576   0.291841
0.483793   0.294962
0.483327   0.293015
0.481831   0.29314
0.482802   0.291554
0.482818   0.294603
0.481872   0.293712
0.482551   0.293489
0.482684   0.294063
0.48236   0.291539
0.482214   0.292288
0.483135   0.294971
0.484059   0.29245
0.482936   0.293336
0.482875   0.291726
0.483485   0.294329
0.481948   0.294178
0.482991   0.29403
0.482691   0.2955
0.484368   0.291232
0.483538   0.293052
***********BUSCA LOCAL**************
ANTES | DEPOIS
0.622092   0.252084
0.490418   0.24694
0.981073   0.249892
0.990924   0.25164
1.11656   0.371581
0.740925   0.250283
0.365958   0.491083
0.620304   0.248777
0.617135   0.252577
0.98684   0.247983
0.867361   0.248815
0.617215   0.249992
0.61924   0.24682
1.11058   0.253209
1.47943   0.495001
0.484557   0.24972
0.984616   0.251011
0.863328   0.246094
0.615716   0.250932
0.865721   0.250041
0.855283   0.253734
1.36879   0.250053
0.733452   0.622158
1.11175   0.253917
0.870722   0.372496
0.993353   0.25277
0.85771   0.372025
0.620563   0.24239
0.494826   0.251537
0.73409   0.368388
0.984717   0.247739
0.978559   0.251023
1.11727   0.253818
0.868081   0.245867
0.86932   0.370433
1.231   0.254469
1.1043   0.253935
0.749534   0.242129
0.61376   0.252842
0.999329   0.249313
0.98889   0.249621
0.869323   0.25078
0.372528   0.254612
0.996453   0.250736
0.747247   0.245778
0.987733   0.250537
0.493064   0.254035
0.492105   0.247342
0.495838   0.495062
1.10995   0.485455
