Tamanho    Peso
142  5590
122  4606
143  5734
141  5684
143  5705
144  5668
144  5701
148  5774
145  5666
146  5681
137  5729
143  5671
143  5793
130  5227
145  5833
144  5779
125  4907
150  5815
144  5684
143  5744
141  5673
142  5682
143  5748
146  5737
130  4765
144  5852
143  5727
147  5756
143  5640
143  5703
142  5631
136  5472
144  5682
145  5687
134  5421
144  5759
141  5462
146  5765
143  5678
144  5733
144  5713
141  5714
145  5720
147  5769
145  5828
143  5788
144  5718
147  5651
142  5629
135  5242

Time taken: 161
