***********CONSTRUÇÃO**************
ANTES | DEPOIS
1.81819   1.73159
1.81615   1.74108
1.81152   1.72534
1.81402   1.72666
1.81526   1.73133
1.82136   1.72642
1.81212   1.72754
1.82016   1.72504
1.82378   1.70992
1.82003   1.72692
1.81698   1.73081
1.82099   1.73372
1.81307   1.71711
1.81567   1.72272
1.81928   1.737
1.81811   1.72953
1.8175   1.72224
1.82411   1.71702
1.81992   1.71396
1.81581   1.72673
1.81735   1.72626
1.82044   1.73349
1.81891   1.72232
1.81764   1.72475
1.8146   1.73191
1.82086   1.73394
1.82229   1.72564
1.81693   1.71797
1.81701   1.70515
1.81445   1.72698
1.81325   1.7258
1.81691   1.73476
1.81957   1.72124
1.81854   1.72503
1.81988   1.73047
1.82038   1.73177
1.82087   1.72339
1.819   1.72142
1.82072   1.70906
1.8196   1.72838
1.81429   1.73537
1.81394   1.73586
1.81776   1.71758
1.82039   1.7223
1.82101   1.72761
1.82063   1.73264
1.81472   1.72492
1.81935   1.72427
1.8186   1.71238
1.81597   1.72509
***********BUSCA LOCAL**************
ANTES | DEPOIS
1.25313   1.86377
1.81243   1.7644
1.19343   1.82757
2.41129   1.7662
1.21517   1.85126
1.21449   1.86484
1.1874   1.76198
1.23493   1.84425
1.83148   1.82063
1.23991   1.85986
1.80542   1.82936
1.20447   1.84433
1.20479   1.76156
2.43626   1.84068
1.22439   1.80125
1.21808   1.78713
1.78976   1.87011
1.21921   1.80511
1.22874   1.7808
1.24379   1.81072
1.21772   1.75486
1.19345   1.7995
1.16721   1.7615
1.20693   1.85003
1.82747   3.04093
1.1753   1.84388
1.22698   1.83922
1.20836   1.82437
1.19401   1.77703
1.22545   1.85916
1.23176   1.81267
1.86131   1.85143
1.18929   1.83007
1.21133   1.84455
1.82974   1.7752
1.18657   1.83317
1.79437   1.81982
1.19892   1.83194
1.17483   1.82092
1.2275   1.84128
1.25321   1.85816
1.21376   1.83833
1.21468   1.81226
1.22025   1.84014
1.20082   1.8621
1.21713   1.85357
1.24534   2.44789
2.4676   1.7884
1.22499   1.81035
1.82234   1.85431
