Tamanho    Peso
1717  56842
1720  56751
1705  56336
1724  56837
1714  56942
1708  56507
1705  56680
1705  56616
1706  56537
1717  56741
1717  56790
1685  57296
1701  56092
1713  56643
1730  56802
1706  56502
1712  56564
1696  56830
1710  56565
1707  56712
1699  56705
1707  56781
1689  55973
1714  56654
1710  56740
1707  56590
1705  57075
1692  56612
1696  56617
1715  56596
1715  56522
1704  56440
1709  56545
1700  56777
1716  56507
1693  56334
1713  56468
1683  56057
1715  56564
1718  56596
1713  56618
1718  56590
1706  56324
1698  56616
1710  57291
1709  56603
1702  56519
1722  56667
1696  57041
1707  56612

Time taken: 235
