Tamanho    Peso
291  8478
285  8394
288  8163
290  8360
282  8270
283  8380
290  8326
282  8152
284  8381
283  8193
287  8574
246  8059
281  8385
289  8465
248  8123
281  8173
273  8196
284  8442
286  8427
262  8051
280  8139
250  8087
286  8343
248  8174
286  8362
279  8373
281  8171
250  7890
251  7922
286  8497
283  8270
282  8322
253  8243
251  8078
250  8213
254  7969
280  8216
249  8273
283  8294
288  8365
284  8269
278  8207
254  8192
286  8340
285  8354
247  8044
285  8499
281  8338
282  8265
288  8384

Time taken: 19
