***********CONSTRUÇÃO**************
ANTES | DEPOIS
0.215754   0.146599
0.216997   0.143206
0.218131   0.147784
0.218064   0.136979
0.218811   0.137792
0.216404   0.142388
0.219409   0.137858
0.218562   0.14288
0.215964   0.142344
0.21889   0.135782
0.215296   0.14299
0.215671   0.143379
0.218023   0.149573
0.215107   0.135746
0.21909   0.13801
0.221972   0.143052
0.219413   0.138365
0.21495   0.143017
0.220391   0.141365
0.215173   0.136213
0.218642   0.141612
0.219446   0.143604
0.22107   0.14889
0.216794   0.136242
0.217485   0.137293
0.216103   0.142242
0.218544   0.137896
0.216561   0.142475
0.219076   0.141608
0.217582   0.135532
0.217874   0.141459
0.217528   0.144254
0.217574   0.148429
0.218662   0.136294
0.219543   0.137368
0.216836   0.142928
0.216326   0.137757
0.216921   0.142453
0.218719   0.141586
0.217374   0.135994
0.218385   0.142349
0.216368   0.143505
0.218588   0.147586
0.218894   0.135605
0.216256   0.13701
0.21608   0.143108
0.217767   0.137442
0.214844   0.143321
0.217638   0.140517
0.218687   0.135611
***********BUSCA LOCAL**************
ANTES | DEPOIS
0.127534   0.130279
0.117788   0.127913
0.131408   0.121956
0.118569   0.133525
0.126342   0.126749
0.109858   0.254247
0.120269   0.136435
0.123539   0.186125
0.121392   0.137986
0.122433   0.119164
0.130963   0.119646
0.18264   0.139256
0.114624   0.119713
0.12655   0.128197
0.241216   0.124398
0.135562   0.134404
0.19276   0.124898
0.136526   0.126473
0.132996   0.122885
0.197695   0.114783
0.126415   0.179034
0.246265   0.176275
0.124075   0.126845
0.183231   0.121267
0.108777   0.131125
0.128828   0.128803
0.121374   0.127232
0.185959   0.11963
0.251201   0.130041
0.113299   0.132824
0.124926   0.178378
0.119799   0.189491
0.23777   0.132707
0.178946   0.132584
0.258619   0.133518
0.17422   0.259172
0.122989   0.1265
0.236865   0.191455
0.116197   0.124429
0.125017   0.119185
0.122403   0.187732
0.116584   0.136039
0.229934   0.130907
0.12973   0.129147
0.126034   0.127561
0.19507   0.262581
0.118204   0.127009
0.128821   0.125466
0.126386   0.306368
0.111792   0.128201
