***********CONSTRUÇÃO**************
ANTES | DEPOIS
0.481883   0.282457
0.482223   0.278273
0.481109   0.274227
0.482408   0.276924
0.483098   0.276849
0.481758   0.276694
0.482551   0.280737
0.481229   0.279416
0.481733   0.278765
0.482751   0.2709
0.48111   0.279774
0.48117   0.278111
0.48194   0.275151
0.482298   0.27786
0.481917   0.276863
0.481836   0.27522
0.48147   0.281193
0.480493   0.279387
0.480954   0.278528
0.481022   0.271853
0.482123   0.279773
0.480843   0.278106
0.482254   0.275581
0.48175   0.277973
0.484075   0.277011
0.480984   0.277092
0.481052   0.280202
0.481667   0.279072
0.482164   0.278499
0.482277   0.270941
0.480252   0.279589
0.48073   0.276554
0.481952   0.275996
0.482734   0.277946
0.480017   0.276967
0.483019   0.276697
0.482011   0.280105
0.483125   0.279954
0.479185   0.278376
0.481482   0.271657
0.482419   0.279441
0.480553   0.277464
0.481077   0.275653
0.481668   0.277289
0.482602   0.277286
0.481804   0.276704
0.480182   0.280484
0.480517   0.27976
0.481757   0.277982
0.482062   0.271278
***********BUSCA LOCAL**************
ANTES | DEPOIS
0.488286   0.255604
0.611377   0.251875
0.499428   0.254223
0.864865   0.252577
1.13092   0.250712
0.743613   0.255046
0.862676   0.25457
1.0029   0.25239
0.620464   0.254693
0.873017   0.25148
0.862322   0.246464
0.499778   0.257046
0.620699   0.250545
1.11987   0.25154
0.620664   0.255748
0.997051   0.253137
1.36857   0.251491
0.625269   0.25571
0.984261   0.251696
0.746354   0.256673
0.62187   0.250906
0.494086   0.251656
0.490619   0.250397
0.498654   0.254119
0.614645   0.251836
0.621039   0.253583
0.734545   0.24715
0.492773   0.253036
0.36739   0.242868
0.741155   0.256269
0.37346   0.254803
0.619387   0.255997
0.740687   0.255613
0.869862   0.254197
0.988815   0.260668
1.12213   0.249926
0.994211   0.254398
0.746392   0.250265
0.873071   0.254474
0.746627   0.252956
0.622131   0.251319
0.486038   0.252498
0.991269   0.25476
0.624527   0.252095
0.608905   0.255429
0.869219   0.244217
1.11679   0.25121
1.00112   0.249023
0.365985   0.250787
0.372651   0.252835
