34;8;524 806 1864 2802 3110 3261 3679 4237 4702 4800 4814 5151 5419 5536 6032 6100 6270 6826 6876 7007 7372 7392 8315 8372 8968 9031 9099 9791 9930 10084 10087 10095 10144 10175
34;8;524 586 806 1864 2802 3110 3261 4237 4702 4800 4814 5151 5419 5536 6032 6100 6270 6826 6876 7007 7372 7392 8315 8372 8968 9031 9099 9791 9930 10084 10087 10095 10144 10175
34;8;524 806 1864 2802 3110 3261 4237 4702 4800 4814 5151 5419 5536 6032 6100 6270 6826 6876 7007 7372 7392 8315 8372 8968 9031 9099 9791 9930 10029 10084 10087 10095 10144 10175
35;8;524 806 1864 2802 3110 3261 4237 4702 4800 4814 5151 5419 5536 5852 5975 6032 6100 6270 6826 6876 7007 7372 7392 8315 8372 8968 9031 9099 9791 9930 10084 10087 10095 10144 10175
35;8;524 806 1864 2802 3110 3261 4237 4702 4800 4814 5151 5218 5419 5536 6032 6100 6270 6826 6876 7007 7372 7392 8315 8372 8968 9031 9099 9791 9812 9930 10084 10087 10095 10144 10175
35;8;524 806 1864 2802 3110 3261 4237 4702 4800 4814 5151 5419 5536 5852 6032 6100 6270 6826 6876 7007 7372 7392 8315 8372 8968 9031 9099 9791 9812 9930 10084 10087 10095 10144 10175
36;8;524 806 1792 1864 2802 2912 3110 3261 3380 4237 4702 4800 4814 5151 5419 5536 6032 6100 6270 6826 6876 7007 7372 7392 8315 8372 8968 9031 9099 9791 9930 10084 10087 10095 10144 10175
37;8;524 806 1864 2802 2912 3110 3261 3380 4237 4702 4800 4814 5151 5419 5536 6032 6100 6270 6826 6876 7007 7372 7392 8315 8372 8968 9031 9099 9791 9812 9930 9977 10084 10087 10095 10144 10175
37;8;524 806 1277 1668 1864 2802 2912 3110 3261 3380 4237 4702 4800 4814 5151 5419 5536 6032 6100 6270 6826 6876 7007 7372 7392 8315 8372 8968 9031 9099 9791 9930 10084 10087 10095 10144 10175
37;8;524 806 1864 2802 2912 3110 3261 3380 4237 4702 4800 4814 5151 5419 5536 5852 6032 6100 6270 6826 6876 7007 7372 7392 8315 8372 8968 8979 9031 9099 9791 9930 10084 10087 10095 10144 10175
