***********CONSTRUÇÃO**************
ANTES | DEPOIS
1.74616   1.64024
1.74641   1.62412
1.75727   1.62858
1.75256   1.63262
1.74061   1.6243
1.7498   1.62647
1.74041   1.6328
1.75239   1.63159
1.76218   1.62463
1.75202   1.62276
1.75649   1.63749
1.7473   1.63453
1.74858   1.63149
1.74775   1.62504
1.75887   1.63233
1.74478   1.62909
1.74763   1.63432
1.74562   1.62378
1.7492   1.61741
1.74318   1.63075
1.74784   1.63149
1.74589   1.62573
1.75232   1.63485
1.74636   1.63411
1.7509   1.63009
1.75477   1.63226
1.74818   1.63085
1.7542   1.62662
1.73961   1.61712
1.75575   1.62937
1.75111   1.63879
1.74406   1.62965
1.75213   1.63079
1.74661   1.64101
1.74373   1.63346
1.74599   1.6398
1.73875   1.62767
1.74055   1.62885
1.74802   1.61929
1.75235   1.63396
1.74924   1.63107
1.75121   1.62395
1.75632   1.62835
1.74625   1.62907
1.74521   1.63805
1.74548   1.62907
1.75104   1.63935
1.74961   1.63613
1.7509   1.6225
1.74914   1.62338
***********BUSCA LOCAL**************
ANTES | DEPOIS
1.56651   2.86097
1.6789   3.42034
2.27722   2.31492
1.69066   2.88342
1.66131   3.46659
1.71227   1.77758
4.03118   3.44902
1.73053   2.91154
2.21619   1.7671
2.75209   3.38453
1.66434   1.73528
1.72691   1.6839
1.70771   1.71627
1.68458   1.75875
1.17001   1.18842
1.18528   1.18653
1.17067   1.17979
1.63606   1.17807
1.61758   1.70098
2.80867   1.18349
3.44398   1.19306
2.80317   2.32913
2.70653   2.31418
1.15511   3.39155
1.64509   1.72749
2.3244   1.71724
2.30815   1.71441
2.25571   1.75092
1.6366   1.75104
1.16656   1.74338
2.22763   1.18868
2.21332   2.31082
1.62896   1.73446
2.2882   1.17775
1.70944   1.69678
1.71998   1.7416
2.27572   1.73015
1.18344   2.90674
2.31683   2.28982
1.69701   2.27199
1.67831   1.1681
2.19209   2.89743
3.31391   2.32293
2.29766   4.62844
2.2887   3.48094
1.68524   1.7146
1.70151   1.74873
1.17717   1.65
1.16961   2.2832
1.1596   4.00926
