Tamanho    Peso
1079  35458
1095  35582
1095  35542
1089  35567
1090  35491
1093  35597
1081  35613
1093  35589
1084  35455
1097  35665
1110  35772
1088  35651
1082  35537
1097  35596
1092  35535
1097  35732
1085  35425
1081  35391
1092  35443
1089  35638
1088  35560
1079  35402
1092  35570
1098  35510
1088  35358
1098  35656
1102  35703
1084  35474
1096  35523
1090  35360
1080  35589
1083  35246
1091  35729
1093  35604
1089  35501
1097  35637
1081  35603
1089  35514
1097  35656
1088  35448
1094  35627
1090  35534
1084  35541
1094  35542
1080  35398
1091  35506
1089  35630
1092  35460
1092  35566
1085  35554

Time taken: 26
