Tamanho    Peso
1106  35809
1104  35857
1087  35685
1103  35771
1078  36068
1092  35995
1095  35848
1093  35622
1102  35806
1090  35918
1091  35700
1103  35860
1091  35754
1099  35759
1109  35901
1091  35824
1099  35906
1093  35686
1092  35794
1088  35889
1082  35753
1090  35886
1096  35527
1096  35575
1097  35749
1081  35435
1105  35941
1092  35929
1079  35965
1091  35705
1088  35929
1077  35503
1102  35915
1097  35627
1087  35508
1094  35765
1094  35534
1092  35732
1097  35844
1105  35842
1084  35706
1093  35856
1090  35686
1094  35927
1083  35749
1090  35523
1089  35950
1091  36006
1092  35643
1090  35681

Time taken: 59
