Tamanho    Peso
1055  34875
1057  34706
1054  34913
1056  35082
1069  34706
1058  35083
1057  34887
1067  34883
1059  35093
1049  34782
1051  34898
1071  34895
1061  34967
1064  34905
1053  35034
1055  34625
1062  35028
1056  34816
1057  34857
1066  34743
1060  34752
1058  34812
1061  34888
1049  35124
1066  34880
1049  34676
1059  35077
1058  34702
1049  34755
1066  35012
1065  34900
1057  35216
1067  34712
1057  34845
1054  35212
1066  34954
1062  34846
1065  35156
1063  35354
1060  34810
1065  34762
1063  35157
1062  35067
1059  35020
1060  34800
1057  34854
1061  35085
1070  34954
1062  34989
1061  34974

Time taken: 61
