***********CONSTRUÇÃO**************
ANTES | DEPOIS
0.481801   0.276398
0.481424   0.281307
0.48155   0.278477
0.481526   0.273485
0.482103   0.279759
0.482113   0.27423
0.482251   0.274017
0.482209   0.279684
0.48195   0.277785
0.481384   0.275196
0.481567   0.274696
0.482492   0.282118
0.482132   0.279522
0.480631   0.272646
0.480884   0.279419
0.480851   0.274497
0.482307   0.27414
0.481783   0.278756
0.482277   0.278894
0.480412   0.275671
0.4817   0.274459
0.481349   0.282292
0.480277   0.278736
0.481717   0.272445
0.482036   0.278983
0.480999   0.274253
0.480716   0.27327
0.483078   0.279232
0.483181   0.278931
0.481846   0.275495
0.482351   0.274453
0.480884   0.281836
0.48226   0.27885
0.481887   0.273239
0.481235   0.280048
0.481   0.274365
0.482617   0.2736
0.48114   0.27984
0.482142   0.279238
0.482954   0.275755
0.483931   0.274514
0.481154   0.28138
0.481111   0.279437
0.482307   0.272406
0.479909   0.279118
0.481483   0.274329
0.480079   0.273492
0.483486   0.278893
0.482539   0.278596
0.480347   0.275611
***********BUSCA LOCAL**************
ANTES | DEPOIS
0.504266   0.257254
0.870389   0.249764
0.866555   0.253437
0.497172   0.256415
0.745671   0.250886
0.371116   0.25122
1.11465   0.253602
0.495786   0.251094
0.491273   0.252949
0.492889   0.258845
0.860173   0.250898
0.878842   0.260792
0.74467   0.250335
0.624623   0.25366
0.995291   0.257945
0.872409   0.250595
0.61877   0.255226
0.995965   0.254159
0.872456   0.252096
1.0005   0.254753
0.748309   0.25423
0.867684   0.253398
0.995874   0.250231
0.373602   0.254967
0.617443   0.252196
0.619635   0.256348
0.494195   0.249821
0.612692   0.254282
1.23877   0.251967
0.994008   0.257927
0.623022   0.25645
0.502474   0.257386
0.999278   0.254185
0.998626   0.258871
0.366002   0.245423
1.36374   0.253982
0.48377   0.254773
0.494079   0.255693
0.49304   0.252608
0.871062   0.250273
1.12337   0.250268
0.498922   0.251191
0.622935   0.255154
0.741816   0.257334
0.995776   0.252751
0.494261   0.24924
0.621774   0.251504
0.739406   0.258066
0.753474   0.255338
0.497949   0.254112
