Tamanho    Peso
99  3883
105  4290
98  3726
88  3458
101  3682
101  3623
109  4345
95  3612
96  3613
94  3883
103  4078
86  3699
97  3710
110  4093
92  3255
94  3555
119  4883
99  3615
84  3471
107  4637
86  3300
92  3847
92  3439
94  3699
107  4470
93  3588
92  3693
85  3453
97  3690
107  4429
114  4526
107  4403
94  3835
103  4480
102  3849
104  4482
95  3735
99  4041
111  4440
86  3097
92  3822
94  3830
91  3468
88  3505
121  4769
124  4702
116  4334
103  4152
111  4372
98  3695

Time taken: 178
