Tamanho    Peso
1069  35034
1082  34953
1067  34921
1078  35061
1065  35250
1076  34838
1080  34996
1075  34886
1067  35336
1076  35049
1083  35074
1074  35127
1077  35119
1075  35187
1085  35131
1074  35001
1075  35196
1072  34871
1075  34998
1079  35181
1073  35339
1073  34888
1067  35081
1070  35173
1066  35022
1075  35066
1083  35087
1075  34903
1065  34905
1070  35113
1079  34894
1073  34936
1065  35226
1071  35036
1081  35347
1066  35109
1072  35024
1071  34960
1074  35008
1074  35115
1059  34938
1063  35289
1081  35008
1063  35214
1065  35108
1080  35009
1071  35250
1080  35264
1074  35149
1068  35063

Time taken: 57
