90;7;0 68 177 192 211 310 324 369 515 532 630 650 737 746 752 767 788 803 825 857 872 873 877 887 889 1025 1041 1062 1117 1197 1224 1230 1290 1336 1378 1762 1788 1792 1793 1831 2076 2110 2221 2313 2507 2543 2551 2650 2699 2721 2730 2734 2759 2865 2889 2947 2956 2964 2995 3010 3034 3141 3296 3385 3395 3403 3437 3446 3493 3521 3529 3549 3643 3679 3692 3722 3752 3819 3823 3838 3863 3888 3894 3921 3933 3964 3980 3986 3993 4029
91;7;0 68 177 192 211 310 324 369 532 630 650 737 746 752 767 788 803 825 872 873 877 887 889 1025 1041 1062 1117 1197 1224 1230 1290 1336 1378 1574 1758 1762 1788 1792 1793 1831 2076 2110 2221 2313 2507 2543 2551 2650 2699 2721 2728 2730 2734 2759 2865 2947 2956 2964 2995 3010 3034 3141 3179 3296 3385 3395 3403 3422 3437 3446 3493 3529 3549 3606 3643 3679 3692 3722 3752 3819 3823 3838 3888 3894 3921 3933 3964 3980 3986 3993 4029
91;7;0 177 192 211 310 324 369 506 532 630 650 737 746 752 788 803 825 872 873 877 887 889 1025 1041 1062 1117 1197 1224 1228 1230 1290 1292 1336 1378 1574 1758 1762 1788 1792 1793 1831 1851 2076 2110 2221 2313 2507 2543 2551 2650 2699 2719 2721 2728 2730 2734 2759 2902 2947 2956 2967 3034 3141 3207 3296 3385 3403 3422 3437 3493 3529 3549 3606 3628 3643 3679 3692 3699 3722 3752 3819 3823 3838 3888 3921 3933 3964 3980 3986 3993 4029
91;7;0 177 192 211 310 324 369 393 532 578 630 650 737 739 746 752 754 788 803 825 872 873 877 887 889 1025 1041 1062 1117 1172 1197 1224 1230 1290 1336 1347 1378 1574 1758 1762 1788 1792 1793 1831 1912 2076 2110 2221 2313 2507 2543 2551 2650 2699 2721 2728 2730 2734 2759 2947 2956 3033 3034 3060 3141 3296 3385 3403 3422 3437 3493 3529 3549 3606 3643 3679 3692 3722 3752 3819 3823 3838 3888 3921 3923 3933 3964 3980 3986 3993 4029
92;7;0 68 177 192 211 310 324 369 532 630 650 737 746 752 767 788 803 825 872 873 877 887 889 1025 1041 1062 1117 1120 1197 1224 1230 1290 1336 1378 1762 1788 1792 1793 1826 1831 2076 2110 2221 2313 2507 2543 2551 2552 2650 2699 2721 2730 2734 2759 2865 2947 2956 2964 2995 3010 3029 3034 3141 3296 3314 3385 3395 3403 3437 3446 3493 3529 3542 3549 3643 3679 3692 3722 3752 3819 3823 3838 3888 3894 3921 3933 3964 3980 3982 3986 3993 4029
92;7;68 177 192 211 310 324 369 532 578 630 650 737 746 752 754 767 770 788 803 825 852 872 873 877 887 889 1041 1062 1117 1172 1197 1224 1230 1290 1347 1378 1762 1788 1792 1793 1831 1912 2076 2110 2221 2313 2507 2543 2551 2552 2650 2699 2721 2730 2734 2865 2947 2956 2964 3010 3029 3033 3034 3141 3296 3314 3385 3395 3403 3437 3446 3493 3542 3549 3643 3679 3692 3722 3752 3796 3819 3823 3838 3894 3921 3933 3964 3980 3982 3986 3993 4029
92;7;68 177 192 211 296 310 324 369 532 578 630 650 737 746 752 754 767 788 803 825 872 873 877 887 889 1041 1062 1117 1172 1197 1224 1228 1230 1290 1347 1378 1762 1788 1792 1793 1831 1851 1888 1912 2076 2110 2221 2313 2507 2543 2551 2650 2699 2719 2721 2730 2734 2865 2947 2956 2964 3010 3033 3034 3141 3296 3385 3395 3403 3437 3446 3493 3549 3590 3628 3643 3679 3692 3722 3752 3796 3819 3823 3838 3894 3921 3933 3964 3980 3986 3993 4029
93;7;0 68 177 192 211 310 324 369 506 532 630 650 737 746 752 767 788 803 825 872 873 877 887 889 1025 1041 1062 1117 1197 1224 1228 1230 1290 1336 1378 1762 1788 1792 1793 1831 1851 2076 2110 2221 2313 2507 2543 2551 2650 2699 2719 2721 2730 2734 2759 2865 2947 2956 2964 2967 2995 3010 3034 3141 3296 3385 3395 3403 3437 3446 3493 3529 3549 3628 3643 3679 3692 3699 3718 3722 3752 3819 3823 3838 3888 3894 3921 3933 3964 3980 3986 3993 4029
94;7;0 177 192 211 296 310 324 369 506 532 578 630 650 737 746 752 754 788 803 825 872 873 877 887 889 1025 1041 1062 1117 1172 1197 1224 1228 1230 1290 1336 1347 1378 1633 1762 1788 1792 1793 1831 1851 1888 1912 2076 2110 2221 2313 2507 2543 2551 2650 2699 2719 2721 2730 2734 2759 2947 2956 2967 3033 3034 3060 3141 3296 3385 3403 3437 3493 3529 3549 3590 3628 3643 3679 3692 3699 3722 3752 3819 3823 3838 3888 3921 3933 3964 3980 3986 3993 4029
94;7;0 68 177 192 211 310 324 369 532 578 630 650 737 746 752 754 767 788 803 825 872 873 877 887 889 1025 1041 1062 1117 1172 1197 1224 1230 1290 1336 1347 1378 1535 1762 1788 1792 1793 1831 1912 2076 2110 2221 2313 2507 2543 2551 2650 2699 2721 2730 2734 2759 2865 2947 2956 2964 2995 3010 3033 3034 3060 3141 3296 3385 3395 3403 3437 3446 3493 3529 3549 3643 3679 3692 3722 3752 3796 3819 3823 3838 3888 3894 3921 3933 3964 3980 3986 3993 4029
