Tamanho    Peso
318  7729
257  7317
319  7763
313  7697
250  6948
243  6731
312  7739
317  7869
323  7729
322  7635
267  7350
262  7580
254  7102
266  7567
275  7917
318  7580
308  7473
255  7303
312  7686
264  7543
317  7587
265  7465
254  7366
323  7635
267  7720
266  7693
323  7736
311  7570
262  7395
255  6963
314  7598
266  7736
320  7700
254  7128
252  7595
249  7238
257  7042
258  7532
320  7569
313  7747
263  7499
322  7651
321  7764
321  7553
246  7020
266  7658
265  7358
312  7471
319  7626
266  7525

Time taken: 20
