Tamanho    Peso
1073  36182
1068  36195
1070  35838
1074  36053
1067  35754
1073  35931
1058  35877
1072  36049
1071  35735
1080  35857
1061  35767
1069  35963
1074  35757
1069  35981
1066  36323
1072  35816
1065  35705
1066  35705
1071  36042
1066  36076
1067  35739
1068  35951
1077  35919
1054  35752
1060  35662
1063  35909
1059  35529
1071  35727
1059  35845
1076  35704
1075  35687
1076  36018
1061  35818
1073  35984
1063  36302
1077  35883
1070  35895
1060  35659
1063  35567
1067  35868
1071  35651
1068  35864
1075  35924
1079  36088
1057  35629
1066  35712
1067  35696
1055  35574
1067  35814
1064  36411

Time taken: 67
