Tamanho    Peso
1050  35227
1047  35226
1054  35351
1047  35308
1054  35389
1050  35220
1043  35120
1046  35226
1049  35285
1045  35149
1045  35261
1043  35123
1052  35239
1049  35313
1052  35460
1048  35248
1049  35231
1041  35098
1049  35318
1043  35125
1046  35148
1049  35338
1050  35306
1052  35356
1052  35269
1047  35207
1048  35311
1048  35193
1052  35217
1039  35058
1045  35148
1046  35109
1054  35335
1047  35104
1050  35359
1049  35191
1044  35165
1050  35192
1049  35272
1045  35246
1049  35281
1045  35200
1049  35127
1050  35216
1051  35283
1050  35058
1046  35212
1048  35204
1052  35323
1047  35171

Time taken: 26
