***********CONSTRUÇÃO**************
ANTES | DEPOIS
0.470058   0.275404
0.469974   0.270149
0.472565   0.270742
0.470276   0.270535
0.471827   0.271465
0.471413   0.270323
0.470789   0.269991
0.471481   0.267164
0.473523   0.269956
0.472275   0.272298
0.471572   0.271779
0.473022   0.269606
0.471142   0.270435
0.470578   0.270047
0.47272   0.270817
0.472112   0.269681
0.471234   0.269934
0.471102   0.267816
0.471563   0.270354
0.471429   0.271257
0.471987   0.271905
0.470566   0.270834
0.471759   0.26921
0.470902   0.270547
0.470288   0.271643
0.470479   0.270496
0.470656   0.270168
0.471574   0.267685
0.471332   0.26992
0.470173   0.270948
0.472668   0.27216
0.472384   0.269441
0.470888   0.270552
0.470697   0.271083
0.471533   0.271211
0.471099   0.270122
0.471228   0.270168
0.472047   0.268364
0.471577   0.269867
0.470154   0.271363
0.470927   0.272219
0.471912   0.269885
0.473629   0.269396
0.472114   0.270336
0.471403   0.27114
0.471104   0.270777
0.471589   0.269549
0.470754   0.267905
0.47236   0.27004
0.47188   0.271417
***********BUSCA LOCAL**************
ANTES | DEPOIS
0.604845   0.246686
0.362905   0.245049
0.721966   0.248124
0.71749   0.244773
1.21796   0.245234
0.608566   0.245137
0.723462   0.245587
0.601039   0.250885
0.848642   0.245515
1.21589   0.248041
0.599231   0.251758
1.08849   0.24719
1.08631   0.241235
0.613533   0.250896
0.357098   0.24919
0.97203   0.247142
0.845569   0.245189
0.845298   0.248636
0.600774   0.247706
0.602941   0.248386
0.597136   0.248884
0.727107   0.244495
1.08882   0.246848
0.969928   0.246698
0.59985   0.248197
0.855865   0.249934
0.838654   0.240935
1.32059   0.250998
0.839397   0.246852
1.08876   0.255341
1.09258   0.246208
0.482216   0.247602
0.961276   0.240959
1.08943   0.247814
0.484371   0.244426
0.601958   0.243111
1.20041   0.239503
1.46167   0.249496
1.34107   0.24912
0.721128   0.247016
1.57276   0.245586
0.721442   0.248042
0.838246   0.252547
0.724148   0.362688
0.967581   0.247426
0.98191   0.246306
0.967635   0.247142
0.857453   0.24483
0.980967   0.244935
0.481058   0.243341
