Tamanho    Peso
122  4880
103  4285
104  4206
124  4846
103  4311
87  3827
119  4625
90  4037
107  4555
124  4852
108  4279
107  4450
103  4102
100  3907
121  4712
93  4157
121  4890
108  4499
104  4469
89  3465
108  4451
111  4372
121  4918
105  4400
120  4650
119  4779
96  3788
100  4186
90  3599
125  4880
101  4365
99  4113
120  4743
111  4477
117  4720
100  3989
92  3914
111  4458
97  3977
97  3563
97  4015
107  4220
97  4059
106  4397
98  4150
100  4276
122  4763
122  4749
95  3944
100  4228

Time taken: 162
