160 232 245 363 386 445 457 560 565 768 792 852 875 1171 1571 1619 1931 2164 2185 2240 2350 2357 2420 2580 2680 3136 3193 3279 3342 3415 3418 3774 3885 3922 4109 4125 4145 4190 4324 4359 4490 4546 4647 4802 4838 4857 4865 4983 5137 5261 5528 5581 5626 5895 5917 5939 5944 5958 6294 6335 6368 6463 6487 6785 6791 6831 6881 7678 7766 7826 7938 7998 8160 8187 8224 8386 8697 8864 8930 8995 9418 9429 9430 9597 9632 9694 9717 9779 9960 9987 10021 10071 10141 10180 10191 10230 
160 232 245 386 445 457 560 565 768 852 875 1046 1171 1571 1619 1931 2164 2185 2240 2350 2357 2420 2523 2565 2580 2680 3170 3279 3342 3415 3418 3602 3774 3885 4037 4109 4125 4145 4190 4324 4373 4500 4546 4626 4647 4802 4838 4865 4983 5137 5261 5581 5626 5895 5917 5939 5958 6194 6335 6368 6375 6785 6831 6881 6960 7213 7261 7678 7765 7826 7857 7938 7998 8083 8160 8224 8231 8298 9211 9418 9464 9597 9629 9632 9694 9717 9779 9987 10021 10071 10180 10191 10230 
232 363 386 445 448 560 565 768 792 852 875 1171 1571 1619 1869 1931 2164 2185 2350 2357 2565 2580 2680 2795 3157 3170 3253 3279 3342 3415 3418 3429 3774 4037 4109 4125 4145 4190 4324 4373 4500 4546 4626 4647 4838 5034 5261 5581 5626 5895 5917 5944 5958 6194 6335 6368 6463 6785 6881 6991 7213 7261 7678 7765 7826 7857 7938 8160 8224 8298 8968 9103 9211 9418 9429 9430 9464 9597 9629 9694 9717 9779 9889 9960 9987 10071 10141 10180 10191 10230 
160 232 363 386 445 457 560 768 792 852 875 1171 1416 1571 1619 1931 2164 2185 2357 2420 2565 2580 2651 2680 2795 3157 3170 3178 3253 3279 3342 3415 3774 4109 4125 4145 4373 4500 4546 4647 4838 4983 5161 5261 5626 5917 5939 5944 5952 5958 6294 6368 6375 6463 6831 6881 6960 7051 7213 7678 7765 7826 7857 7938 8115 8187 8224 8298 8386 8968 9103 9416 9418 9429 9464 9597 9629 9632 9694 9717 9779 9889 9960 9987 10071 10141 10180 10191 10230 
232 363 445 448 560 593 647 768 823 852 1171 1436 1571 1619 1931 2164 2185 2357 2373 2420 2565 2580 2643 2795 3157 3170 3253 3279 3342 3415 3418 3602 3774 4037 4109 4125 4190 4324 4490 4500 4546 4647 4838 4983 5261 5626 5895 5917 5958 6194 6294 6335 6368 6375 6487 6663 6816 6831 6881 6991 7051 7213 7261 7678 7826 7938 8116 8224 8298 8697 8864 8995 9103 9418 9429 9464 9597 9629 9632 9668 9717 9779 9960 9987 10021 10071 10191 10230 
160 232 363 386 445 448 457 560 768 852 875 1046 1171 1571 1619 1931 2164 2185 2357 2373 2420 2565 2580 2795 3157 3170 3178 3253 3279 3342 3415 3418 3602 3774 3885 4037 4109 4125 4145 4324 4373 4500 4546 4626 4647 4838 4857 5034 5137 5261 5626 5917 5944 5952 5958 6368 6487 6791 6816 6831 6881 6991 7094 7213 7261 7678 7688 7765 7766 7826 7857 7938 8083 8115 8160 8187 8224 8386 8740 8754 8930 8995 9103 9416 9418 9429 9430 9597 9629 9694 9717 9779 9960 9987 10021 10071 10191 10230 
232 386 445 448 457 560 565 768 792 852 875 1171 1571 1619 1931 2164 2185 2357 2420 2580 2795 3157 3170 3253 3279 3342 3415 3602 3774 3885 4109 4125 4145 4190 4324 4373 4490 4500 4546 4626 4647 4838 5137 5261 5581 5626 5895 5917 5944 5958 6368 6375 6463 6487 6663 6816 6831 6881 6960 6991 7094 7213 7261 7678 7804 7857 7938 7998 8115 8224 8729 9103 9416 9418 9429 9430 9464 9597 9629 9668 9717 9779 9889 9960 9987 10021 10071 10153 10180 10191 10230 
160 232 363 445 448 560 565 593 647 768 792 823 852 875 1436 1571 1619 1931 2164 2185 2240 2350 2357 2373 2565 2580 2680 3170 3178 3279 3342 3415 3418 3602 3774 3885 3953 4037 4109 4125 4324 4500 4546 4647 4665 4838 4857 4865 4983 5137 5261 5528 5626 5917 5939 5944 5952 5958 6335 6368 6463 6487 6831 6881 7213 7678 7826 7938 8224 8298 8697 8711 8847 8864 9103 9211 9418 9429 9430 9464 9597 9628 9632 9668 9779 9960 9987 10021 10071 10191 
232 386 445 560 565 647 768 823 852 1571 1619 1931 2164 2185 2357 2580 2651 3170 3253 3279 3342 3415 3418 3774 3885 4037 4109 4125 4324 4373 4500 4546 4647 4838 4857 4865 4983 5137 5261 5626 5917 5939 5952 5958 6294 6335 6368 6463 6487 6816 6831 6881 7261 7678 7765 7766 7826 7938 7998 8187 8224 8298 8697 8864 9103 9418 9429 9430 9464 9597 9628 9629 9694 9717 9779 9889 9960 9987 10071 10191 10230 
232 386 445 448 560 768 792 852 875 1046 1171 1571 1619 1931 2164 2185 2357 2373 2565 2580 2680 2795 3157 3170 3253 3279 3342 3415 3774 3885 4109 4125 4145 4190 4324 4359 4500 4546 4647 4665 4802 4838 4857 4983 5034 5261 5528 5626 5895 5917 5939 5944 5958 6194 6335 6368 6375 6463 6487 6663 6785 6816 6831 6881 6960 7261 7678 7826 7938 7998 8115 8160 8224 8231 8864 8968 9103 9132 9418 9464 9597 9668 9717 9779 9889 9987 10071 10141 10191 10230 
