Tamanho    Peso
100  4282
119  4528
90  3837
105  4793
107  4284
113  5005
91  3794
98  4265
81  3452
105  4654
102  4148
96  3983
99  3948
93  3902
98  3992
94  3960
102  4270
115  4491
99  4084
113  4624
128  5362
113  5064
98  3881
101  4402
99  4179
99  4085
99  4314
108  4694
128  5303
90  3690
88  3870
105  4403
101  4272
89  3739
94  3938
93  4023
111  4625
95  4235
90  3905
101  4432
96  3922
108  4552
104  4468
93  4074
96  3577
98  4188
91  3925
90  3751
96  3985
96  3935

Time taken: 180
