Tamanho    Peso
1094  34623
1098  34596
1096  34620
1091  34566
1095  34655
1097  34679
1090  34574
1092  34579
1094  34663
1092  34541
1092  34620
1095  34556
1096  34672
1093  34485
1095  34405
1094  34594
1094  34552
1096  34615
1099  34582
1097  34566
1100  34733
1099  34686
1098  34631
1092  34518
1096  34663
1093  34617
1093  34586
1096  34656
1093  34647
1097  34550
1091  34719
1096  34657
1095  34610
1096  34576
1093  34696
1088  34474
1094  34545
1094  34653
1094  34559
1098  34612
1094  34596
1098  34676
1096  34689
1095  34602
1098  34730
1090  34542
1092  34598
1097  34543
1092  34494
1096  34535

Time taken: 20
