***********CONSTRUÇÃO**************
ANTES | DEPOIS
0.40055   0.213885
0.399464   0.212314
0.40074   0.210981
0.400313   0.209059
0.401738   0.210864
0.399775   0.20883
0.401611   0.207845
0.403193   0.20914
0.400067   0.204839
0.400169   0.207162
0.402081   0.211842
0.400117   0.211305
0.401888   0.210656
0.400917   0.209623
0.401409   0.211484
0.401947   0.210494
0.402824   0.208667
0.400117   0.209387
0.401403   0.205734
0.400566   0.20766
0.401626   0.211758
0.399697   0.211794
0.400153   0.211084
0.402103   0.209489
0.400636   0.211802
0.401242   0.208903
0.399795   0.207574
0.400433   0.20904
0.402261   0.204687
0.40273   0.208445
0.40211   0.210321
0.400093   0.21227
0.401254   0.210007
0.401335   0.209839
0.399912   0.21031
0.400139   0.208596
0.399831   0.20929
0.401841   0.209535
0.400882   0.206383
0.400705   0.208973
0.40087   0.211665
0.402918   0.211234
0.401625   0.211103
0.39929   0.209394
0.402052   0.211611
0.401165   0.209576
0.402535   0.208582
0.402286   0.210132
0.401772   0.205321
0.402015   0.207242
***********BUSCA LOCAL**************
ANTES | DEPOIS
0.97805   0.195517
0.775049   0.198256
0.390231   0.195692
0.776846   0.200657
0.773013   0.195241
0.384546   0.194802
0.482608   0.19808
0.577903   0.197348
0.677531   0.197824
0.484891   0.201819
0.774924   0.197307
0.883322   0.199223
0.293983   0.19945
0.486154   0.195599
0.881732   0.201853
0.488058   0.199308
0.392253   0.196032
0.578495   0.194781
0.292527   0.196409
0.592088   0.196763
0.490382   0.192029
0.49052   0.194381
0.7728   0.194324
0.287756   0.197607
0.879954   0.196055
0.785506   0.195708
0.586568   0.197191
0.684263   0.19879
0.481683   0.196331
0.484918   0.200161
0.483793   0.195159
0.38643   0.192341
0.587136   0.193245
0.683781   0.194289
0.582961   0.193882
0.87332   0.39285
0.680563   0.196419
0.388675   0.196583
0.962759   0.194487
0.492326   0.197438
0.580186   0.197202
0.679161   0.197611
0.680831   0.191306
0.779554   0.195051
0.48654   0.193342
0.290645   0.197964
0.582427   0.200135
0.387594   0.196279
0.777062   0.199527
0.883526   0.19533
