Tamanho    Peso
1768  56656
1776  57108
1768  56856
1782  57187
1770  56921
1786  57262
1759  56819
1779  56963
1774  57364
1776  56893
1769  56961
1774  57065
1782  57140
1779  57336
1770  56960
1783  57106
1785  57286
1783  57110
1771  57129
1778  57064
1771  56837
1783  57205
1778  56930
1775  57396
1774  57211
1783  57244
1771  57043
1790  57219
1791  57204
1772  56879
1767  56738
1782  57173
1780  57221
1789  57152
1785  57129
1782  57166
1767  57087
1788  57100
1785  57187
1783  56921
1768  56703
1777  57243
1781  57243
1785  57312
1787  57225
1792  57396
1781  57204
1782  57233
1793  57219
1775  57173

Time taken: 109
