Tamanho    Peso
266  8763
264  8838
270  8689
247  8797
269  8609
266  8680
264  8742
268  8688
238  8542
245  8729
263  8684
268  8802
264  8796
265  8850
268  8732
235  8484
244  8683
267  8753
266  8761
234  8302
234  8582
266  8600
265  8767
266  8664
263  8881
264  8642
239  8746
270  8757
260  8525
262  8726
267  8830
273  8910
262  8828
245  8656
268  8769
272  8773
262  8748
264  8757
271  8804
266  8787
267  8583
240  8596
269  8910
262  8758
269  8647
263  8850
261  8743
238  8209
268  8825
245  8656

Time taken: 18
