Tamanho    Peso
242  8922
257  9482
245  9268
246  9236
244  9096
252  9393
241  9305
242  9021
248  8940
248  9479
250  9450
249  9430
243  9259
249  9334
243  9082
250  9455
235  9241
253  9417
253  9017
251  9342
249  9484
244  9030
245  9116
249  9136
245  9209
253  9346
240  9260
257  9250
253  9107
242  9032
250  9395
247  9036
232  8863
249  9176
249  9230
244  9350
247  9263
253  9375
253  9220
247  9524
245  9511
238  8854
242  9279
250  9170
244  9172
254  9391
244  9442
258  9328
253  9102
242  9353

Time taken: 16
