Tamanho    Peso
155  6170
158  6453
139  5927
157  6152
152  6234
162  6640
165  6558
168  6718
164  6564
142  6005
158  6480
148  5780
153  6282
161  6050
132  5618
156  6310
147  5670
157  6144
153  5968
155  6200
157  6144
172  6723
127  5465
150  6174
146  5725
162  6426
172  6896
151  6061
163  6398
123  4723
118  4500
158  6309
161  6721
146  5931
154  6249
145  5790
158  6493
140  5428
152  6178
159  6351
142  5485
178  6918
151  6137
129  5516
161  6407
128  5204
143  5742
154  6121
157  6399
156  6254

Time taken: 184
