***********CONSTRUÇÃO**************
ANTES | DEPOIS
1.81701   1.71208
1.81872   1.73167
1.81713   1.74023
1.82384   1.73212
1.8131   1.72765
1.81982   1.70372
1.81877   1.73269
1.81793   1.70174
1.82087   1.70081
1.81729   1.72463
1.82015   1.70976
1.82099   1.73168
1.8207   1.73587
1.81782   1.73468
1.81942   1.73005
1.82049   1.7096
1.82279   1.73174
1.81417   1.69825
1.81622   1.69556
1.81847   1.7252
1.81813   1.71083
1.82116   1.7284
1.81841   1.73532
1.8206   1.73231
1.81733   1.73027
1.82176   1.70911
1.82372   1.73185
1.81278   1.70493
1.81904   1.69852
1.81621   1.72374
1.81582   1.70848
1.81559   1.73419
1.81671   1.7318
1.82343   1.73516
1.81732   1.72974
1.81943   1.70701
1.814   1.72863
1.8211   1.69876
1.81808   1.69408
1.81623   1.73166
1.81614   1.71067
1.82134   1.73442
1.81944   1.7348
1.82036   1.72925
1.81623   1.72936
1.81716   1.70552
1.81211   1.7267
1.81938   1.70414
1.8232   1.70297
1.82159   1.72905
***********BUSCA LOCAL**************
ANTES | DEPOIS
1.17946   1.83966
1.82512   1.85735
1.20451   1.7327
1.21067   1.82614
1.21952   2.47172
1.20406   1.87526
1.20785   1.86502
1.21864   1.84498
1.22205   3.71983
1.19462   1.83591
1.21734   1.81597
2.47795   1.77907
1.20643   1.79891
1.26081   1.76923
1.21484   1.7507
1.21804   1.85429
1.23885   1.7854
1.21932   2.43977
1.21546   4.3317
1.84712   1.86346
1.2188   1.84231
1.24904   1.85766
1.82425   1.75253
1.87241   1.83608
1.18153   1.83053
1.84856   1.86147
1.21123   1.8833
1.81761   1.84514
1.20598   1.85265
1.18965   1.7481
1.19492   1.69941
2.45246   1.83637
1.20666   1.83368
1.19834   1.77602
1.19789   1.83853
1.23098   3.03053
1.18644   1.82239
1.8494   1.81706
1.82366   1.86116
1.21372   1.83656
1.21615   1.78416
2.44117   1.85632
1.19044   1.81597
1.23325   1.78639
1.21528   1.85208
1.84886   1.76563
1.2429   1.77487
1.17282   1.82286
1.21249   1.85468
1.26971   1.8153
