***********CONSTRUÇÃO**************
ANTES | DEPOIS
0.4054   0.231594
0.406814   0.226417
0.406405   0.226106
0.405391   0.229767
0.406682   0.222645
0.405032   0.22586
0.406046   0.224833
0.405116   0.225709
0.407414   0.222944
0.405518   0.221762
0.4072   0.228717
0.405926   0.224756
0.405556   0.225996
0.406392   0.229709
0.406264   0.222525
0.405652   0.224886
0.40649   0.22409
0.403225   0.226191
0.406573   0.223141
0.406143   0.220847
0.406998   0.228604
0.407619   0.226323
0.404241   0.226334
0.404022   0.228151
0.403879   0.222411
0.404665   0.225461
0.408588   0.2246
0.406796   0.225332
0.404786   0.223732
0.407442   0.221522
0.406212   0.228717
0.407316   0.22573
0.405281   0.225632
0.407008   0.22873
0.405309   0.221502
0.405116   0.225266
0.405659   0.224295
0.404646   0.225314
0.406146   0.222841
0.404316   0.219791
0.404296   0.228882
0.406175   0.225545
0.404083   0.226891
0.405422   0.229059
0.405778   0.222215
0.405016   0.225845
0.405705   0.22374
0.406818   0.224163
0.40589   0.223769
0.407495   0.22117
***********BUSCA LOCAL**************
ANTES | DEPOIS
0.49123   0.489447
0.493377   0.393898
0.694519   0.298712
0.387397   0.299727
0.493775   0.201931
1.18289   0.395715
0.691654   0.289466
0.492064   0.296081
0.396646   0.202424
0.786628   0.29657
0.391931   0.396014
0.491566   0.200339
0.494684   0.298365
0.893156   0.395405
1.38404   0.197974
0.489004   0.302849
0.586651   0.297841
0.495784   0.293333
0.491187   0.200578
1.08982   0.19961
0.697429   0.300267
0.395009   0.19961
0.788508   0.198337
0.394811   0.196627
1.0887   0.195814
1.19003   0.30055
0.994077   0.39985
0.977489   0.392031
0.890289   0.297893
0.593302   0.295935
0.388251   0.295163
0.790391   0.397815
0.889411   0.297971
0.893487   0.293539
0.693259   0.199673
0.394121   0.197037
0.590562   0.202145
0.593038   0.2902
0.486128   0.402704
0.492149   0.303174
0.684621   0.49655
0.700256   0.297489
0.594151   0.29564
0.68631   0.2928
0.88423   0.196163
0.688733   0.289426
0.79448   0.202484
0.394334   0.297807
0.591852   0.395084
0.494264   0.403662
