Tamanho    Peso
1075  35385
1089  35743
1091  35545
1096  35715
1097  35647
1094  35616
1088  35533
1096  35611
1098  35705
1090  35521
1090  35635
1099  35778
1089  35666
1091  35709
1094  35638
1090  35693
1089  35632
1088  35680
1094  35671
1093  35531
1097  35586
1099  35529
1099  35724
1093  35722
1092  35697
1085  35639
1090  35606
1093  35672
1095  35640
1090  35457
1086  35576
1097  35651
1081  35435
1093  35768
1095  35743
1097  35598
1101  35636
1092  35529
1084  35518
1091  35567
1098  35618
1078  35572
1089  35529
1097  35594
1091  35602
1091  35543
1099  35736
1093  35606
1090  35506
1096  35555

Time taken: 26
