Tamanho    Peso
231  7727
237  7978
237  7801
225  7689
221  7515
235  7787
223  7693
227  7647
224  7470
229  8002
229  7750
234  7825
233  7646
223  7717
221  7551
231  7743
222  7651
227  7688
225  7476
227  7825
229  7703
234  7831
234  7864
227  7761
220  7523
229  7795
223  7505
227  7913
224  7480
228  7891
225  7675
235  7745
235  7860
227  7802
221  7466
234  7872
224  7760
230  7838
225  7541
228  7898
229  7804
236  7782
235  7691
226  7760
219  7473
232  7783
223  7706
230  7788
223  7591
228  7892

Time taken: 13
