***********CONSTRUÇÃO**************
ANTES | DEPOIS
0.217383   0.154643
0.21647   0.149318
0.217293   0.147733
0.218047   0.133566
0.22165   0.126582
0.219021   0.135644
0.222174   0.133027
0.217486   0.134241
0.215527   0.127553
0.220128   0.131178
0.215375   0.149211
0.217565   0.149061
0.219179   0.148504
0.218598   0.133252
0.219036   0.126363
0.218525   0.135854
0.217321   0.132208
0.2159   0.134848
0.217752   0.127077
0.219322   0.13141
0.221383   0.148879
0.221215   0.149329
0.217968   0.148027
0.216796   0.133957
0.215935   0.126357
0.218657   0.135519
0.216727   0.133034
0.21598   0.13468
0.218663   0.127456
0.216363   0.131475
0.219805   0.148413
0.217621   0.149365
0.215464   0.147143
0.217437   0.133441
0.216453   0.127066
0.217617   0.135015
0.218722   0.132687
0.217962   0.13406
0.216295   0.127619
0.216518   0.131439
0.215981   0.149171
0.215304   0.14865
0.218041   0.148082
0.217074   0.134264
0.220928   0.126422
0.219124   0.135417
0.218948   0.133403
0.218451   0.134587
0.216006   0.127353
0.215219   0.131082
***********BUSCA LOCAL**************
ANTES | DEPOIS
0.189078   0.128782
0.119223   0.118024
0.247777   0.135999
0.115329   0.139127
0.123879   0.131949
0.124036   0.129636
0.110152   0.131438
0.121905   0.12863
0.12365   0.13075
0.130099   0.129153
0.229246   0.125795
0.112801   0.135004
0.125797   0.133081
0.186023   0.129987
0.12967   0.132968
0.18227   0.125193
0.128866   0.131731
0.109064   0.122529
0.191696   0.118879
0.129062   0.126174
0.134399   0.124136
0.113101   0.13338
0.123032   0.138635
0.110466   0.133348
0.111815   0.142194
0.247682   0.116561
0.120067   0.139106
0.122099   0.12989
0.13189   0.125031
0.127283   0.125674
0.118402   0.134849
0.119292   0.133731
0.132439   0.132824
0.115071   0.136398
0.190183   0.13098
0.116627   0.129073
0.111367   0.14074
0.129455   0.117731
0.113364   0.139524
0.127018   0.118982
0.116493   0.122332
0.127452   0.124326
0.173886   0.133639
0.190622   0.138326
0.122698   0.136975
0.119945   0.117667
0.109468   0.136925
0.11366   0.13332
0.136678   0.128795
0.121963   0.113605
