Tamanho    Peso
258  8278
283  8369
253  7803
289  8351
289  8574
283  8249
290  8538
281  8241
284  8372
283  8300
260  8252
286  8354
283  8386
250  7950
281  8188
260  8210
279  8263
285  8510
255  8166
287  8286
286  8299
281  8240
280  8329
286  8214
283  8374
258  8352
284  8300
286  8381
287  8387
283  8387
285  8344
291  8525
288  8440
285  8390
256  8289
285  8366
279  8194
283  8246
280  8289
282  8231
280  8354
283  8274
253  8202
275  8262
289  8383
278  8227
291  8407
292  8533
281  8366
283  8259

Time taken: 18
