***********CONSTRUÇÃO**************
ANTES | DEPOIS
0.393331   0.21258
0.391752   0.208854
0.390647   0.214138
0.392496   0.21001
0.390843   0.209305
0.391434   0.207847
0.391514   0.210391
0.390855   0.20895
0.39117   0.209185
0.392668   0.208845
0.389442   0.210463
0.391321   0.20902
0.389805   0.212982
0.392622   0.210356
0.390716   0.209743
0.392113   0.207984
0.391539   0.210669
0.390976   0.208821
0.392109   0.208743
0.390845   0.207778
0.391772   0.210442
0.392424   0.208617
0.390731   0.212901
0.39106   0.20947
0.39144   0.209106
0.390957   0.208383
0.391479   0.211383
0.392086   0.209571
0.391767   0.209373
0.391265   0.208167
0.392232   0.210562
0.392611   0.209425
0.392743   0.214592
0.391195   0.21019
0.391481   0.20965
0.392612   0.207698
0.390993   0.210674
0.39183   0.20966
0.390384   0.20951
0.391622   0.20816
0.391009   0.209757
0.390658   0.208565
0.392073   0.212473
0.39227   0.210567
0.391079   0.210082
0.390354   0.208458
0.389608   0.210763
0.391421   0.209067
0.389086   0.209394
0.390866   0.208565
***********BUSCA LOCAL**************
ANTES | DEPOIS
0.758022   0.285116
0.956186   0.195916
0.571236   0.188181
0.857151   0.191078
0.864663   0.191841
0.571224   0.190365
0.669523   0.185408
0.470515   0.287032
0.569214   0.191957
0.944465   0.191145
0.66388   0.19161
0.480527   0.382232
0.471557   0.193984
0.763221   0.19125
1.04781   0.189609
0.579848   0.197677
0.571017   0.194381
0.764915   0.193688
0.569694   0.193028
0.948381   0.192526
0.380607   0.191906
0.471805   0.194421
0.669744   0.193597
0.661169   0.187139
0.477792   0.194438
0.56739   0.190967
0.5771   0.192543
0.569407   0.194604
0.667609   0.285365
0.85367   0.192478
0.575612   0.194305
0.858086   0.190881
0.561481   0.191786
0.77229   0.191062
1.15177   0.18978
0.574247   0.189666
0.662474   0.192548
0.766099   0.191021
0.573339   0.190642
0.663681   0.18858
0.951354   0.193219
0.858188   0.197221
0.578016   0.378286
0.375097   0.193502
0.952975   0.194883
1.04438   0.190913
0.666017   0.1929
0.471446   0.194934
0.856686   0.188871
0.859705   0.189109
