Tamanho    Peso
1086  36058
1099  36594
1096  35962
1099  36312
1108  35961
1101  35972
1112  35940
1101  35843
1091  35786
1096  35995
1118  36067
1097  36207
1099  35684
1112  35963
1099  36396
1097  35677
1107  36043
1097  35830
1105  35818
1095  35684
1101  35957
1104  36060
1094  35717
1108  36060
1099  35841
1094  36068
1097  35851
1113  36074
1091  35934
1105  35872
1091  35711
1100  36051
1099  35945
1097  36026
1111  36252
1094  35825
1111  35910
1104  36029
1089  35803
1115  36007
1092  35877
1092  36338
1100  36183
1106  35915
1108  36088
1106  36307
1103  35950
1101  35775
1105  35819
1101  36177

Time taken: 67
