***********CONSTRUÇÃO**************
ANTES | DEPOIS
0.482493   0.290975
0.481745   0.291174
0.482945   0.289895
0.483551   0.288039
0.483182   0.288063
0.483188   0.290095
0.482811   0.290889
0.484037   0.28838
0.482444   0.289128
0.484585   0.287007
0.481525   0.289661
0.481918   0.290982
0.483086   0.290376
0.482165   0.288821
0.483417   0.287232
0.483253   0.289716
0.482359   0.290322
0.48237   0.288287
0.482598   0.288195
0.482103   0.287073
0.483191   0.289944
0.481796   0.290621
0.482988   0.290612
0.481943   0.288099
0.481806   0.286812
0.482635   0.290397
0.482653   0.290742
0.483982   0.288002
0.482812   0.289198
0.482334   0.287346
0.482343   0.290442
0.481469   0.290807
0.483165   0.290517
0.48273   0.287905
0.483532   0.288226
0.482507   0.290221
0.4829   0.290631
0.481501   0.287748
0.483586   0.287894
0.483149   0.286795
0.483316   0.288674
0.484305   0.291268
0.482786   0.290559
0.483035   0.288558
0.482302   0.287628
0.482563   0.290375
0.482161   0.289714
0.483444   0.288546
0.482751   0.289021
0.482615   0.28642
***********BUSCA LOCAL**************
ANTES | DEPOIS
0.494292   0.742828
0.371091   0.374963
0.737569   0.246171
0.490399   0.247806
0.742692   0.249073
0.489632   0.241314
1.23072   0.247968
0.98718   0.248115
1.73191   0.380899
0.741583   0.245321
0.999102   0.377894
0.739334   0.245955
1.11374   0.247448
0.609596   0.247554
0.49344   0.501121
1.86226   0.620767
1.36219   0.248303
0.869034   0.245201
0.739161   0.247427
0.979676   0.246556
0.989492   0.372189
0.616814   0.247415
1.36025   0.246965
1.1163   0.494424
1.11285   0.373953
0.744093   0.369018
0.988243   0.495908
0.995929   0.251777
0.614287   0.376199
0.738722   0.250114
0.746524   0.250269
0.618808   0.491429
0.621314   0.250972
0.485177   0.495181
0.738312   0.244098
0.859087   0.497797
0.86796   0.251594
1.10415   0.379542
0.974732   0.24821
0.495737   0.498748
0.74407   0.500758
0.367512   0.250536
0.613613   0.248545
0.871342   0.252172
0.747736   0.247951
0.618956   0.373258
1.23659   0.25015
1.1061   0.244054
0.863657   0.250132
0.485671   0.250634
