Tamanho    Peso
1084  36066
1090  35828
1079  35995
1088  36010
1090  35949
1087  35885
1090  36195
1094  35931
1094  36033
1089  36041
1096  35974
1092  36122
1083  35913
1089  35915
1089  35846
1085  35873
1092  35997
1091  35946
1089  36016
1081  35946
1086  35872
1077  35743
1087  35836
1095  36098
1094  35897
1091  35937
1089  36000
1092  35881
1083  35929
1084  35955
1085  35802
1101  35981
1085  35889
1089  36000
1086  35859
1083  35913
1085  35899
1082  36009
1078  36019
1087  35846
1098  36056
1090  35774
1084  35915
1093  35990
1074  35826
1088  35924
1090  35849
1089  35917
1086  35986
1085  36140

Time taken: 25
