Tamanho    Peso
1092  36344
1092  36139
1089  36141
1095  36197
1093  36240
1099  36125
1081  36074
1086  36326
1101  36071
1095  36285
1088  36236
1099  36276
1088  36189
1081  36135
1097  36113
1085  35978
1088  36275
1091  36161
1082  36085
1079  35918
1104  36259
1083  35908
1099  36346
1096  36023
1085  36198
1104  36171
1087  36126
1092  36186
1087  36186
1094  36267
1073  36384
1088  35989
1084  36084
1096  36291
1099  36080
1103  36231
1096  36175
1088  36322
1088  36162
1097  36239
1085  36143
1101  36057
1086  36025
1083  36071
1092  36059
1099  36401
1102  36226
1092  36211
1085  36171
1092  36249

Time taken: 57
