Tamanho    Peso
260  8894
248  8569
256  8965
261  9215
259  9052
256  9106
259  9144
252  8873
247  8786
249  8846
258  9092
256  9040
250  8992
258  8956
262  9405
250  9002
259  9333
253  8912
257  8894
262  9043
254  8785
260  9070
253  8931
256  8931
258  8980
261  9170
262  9016
251  8985
254  8947
267  9252
266  9243
266  9098
256  9062
257  9297
253  8933
251  8937
267  9262
266  9225
249  9007
262  8991
260  9127
251  9075
257  9064
252  9010
249  8744
243  8695
257  9095
258  8745
260  9004
260  9153

Time taken: 20
