***********CONSTRUÇÃO**************
ANTES | DEPOIS
0.475394   0.281781
0.477431   0.277659
0.476696   0.279593
0.477633   0.279221
0.47545   0.281275
0.475465   0.280374
0.478196   0.281731
0.476071   0.281055
0.477138   0.279282
0.47702   0.279452
0.476331   0.279263
0.476369   0.277174
0.476783   0.27925
0.475067   0.279581
0.476505   0.281411
0.476345   0.280785
0.476642   0.281963
0.476104   0.280688
0.477329   0.279242
0.476098   0.280171
0.477214   0.279734
0.476437   0.276965
0.475713   0.279572
0.475456   0.27941
0.476033   0.281006
0.476593   0.281403
0.475541   0.281761
0.476653   0.281119
0.477079   0.278893
0.475752   0.27939
0.477125   0.279379
0.47622   0.276736
0.476451   0.279407
0.475549   0.27955
0.475479   0.280642
0.478343   0.280648
0.475632   0.281384
0.475793   0.280695
0.47487   0.279567
0.476043   0.279077
0.477914   0.279531
0.475344   0.277401
0.476337   0.279325
0.476896   0.279339
0.475036   0.28127
0.476378   0.280265
0.475929   0.281797
0.475219   0.280818
0.476593   0.27939
0.476102   0.279123
***********BUSCA LOCAL**************
ANTES | DEPOIS
0.855098   0.241372
0.853929   0.249357
0.486297   0.238996
0.602169   0.248095
0.85803   0.246318
1.09115   0.248996
0.490674   0.247607
0.850736   0.247425
0.85421   0.252457
0.722637   0.250514
0.854841   0.248283
0.859738   0.246985
0.48368   0.24625
0.731255   0.248899
0.724804   0.247186
0.734055   0.24842
0.489387   0.242994
0.958279   0.246803
0.488722   0.25122
0.981329   0.251801
0.366008   0.251139
0.727959   0.242508
0.607925   0.250481
0.727955   0.245716
1.10096   0.244995
0.485756   0.246236
0.494493   0.246194
0.608778   0.251611
0.608487   0.24974
0.614783   0.246806
0.856866   0.245847
0.853418   0.246473
0.489104   0.243197
0.980752   0.241538
0.853481   0.249165
0.851068   0.248211
0.83929   0.253093
0.610432   0.244553
0.726246   0.249235
0.596694   0.247226
0.723829   0.246768
0.492391   0.251382
0.8571   0.24391
1.22736   0.244549
0.480405   0.245456
0.486867   0.250172
0.481298   0.251497
1.09825   0.248886
0.987814   0.248796
0.725721   0.251638
