Tamanho    Peso
1041  35132
1046  35029
1047  34908
1039  35095
1047  35115
1030  34892
1044  34923
1045  34657
1039  34935
1052  35314
1040  34889
1047  34775
1034  35295
1037  34793
1025  34879
1046  34922
1042  34969
1050  35151
1042  35424
1039  34685
1043  35268
1040  35061
1040  34890
1040  34988
1037  34898
1043  35229
1047  35278
1043  35095
1040  35072
1042  34864
1039  34947
1052  35066
1034  34891
1047  34867
1034  34806
1049  35076
1050  34967
1052  35239
1042  35278
1046  34985
1039  35048
1033  35063
1043  34689
1038  34774
1033  35153
1033  35066
1037  34888
1042  35028
1040  35014
1031  35096

Time taken: 61
