Tamanho    Peso
119  4419
121  4694
120  4839
122  4691
120  4790
121  4685
113  4274
127  4929
120  4694
110  3898
107  4222
111  4384
132  5181
126  4610
142  5592
116  4284
106  4278
141  5455
117  4434
115  4442
119  4760
114  4564
122  4820
120  4845
128  4799
128  5075
110  4241
132  4978
120  4639
107  4400
125  4822
123  4859
121  4705
114  4559
114  4545
116  4685
132  4987
99  3813
123  4780
134  5033
127  4941
110  4319
103  3871
107  4140
118  4730
112  4290
115  4592
109  4025
111  4285
122  4752

Time taken: 182
