***********CONSTRUÇÃO**************
ANTES | DEPOIS
1.7748   1.64534
1.78828   1.63362
1.78194   1.6389
1.77576   1.63193
1.77797   1.63721
1.77451   1.63777
1.78434   1.6303
1.78218   1.63566
1.78773   1.62844
1.779   1.59895
1.77396   1.64192
1.78106   1.63421
1.78301   1.63138
1.77864   1.63547
1.78668   1.63584
1.77658   1.63056
1.78145   1.63378
1.78326   1.62605
1.78212   1.63308
1.78185   1.60743
1.77785   1.6367
1.78001   1.62918
1.77904   1.63464
1.77628   1.64109
1.78045   1.63816
1.77861   1.6323
1.77574   1.62524
1.78253   1.6356
1.782   1.62608
1.77835   1.60206
1.77522   1.63361
1.77999   1.64045
1.78068   1.63506
1.77805   1.63203
1.78756   1.64183
1.787   1.62859
1.7801   1.62514
1.77783   1.63222
1.77776   1.63346
1.778   1.60151
1.77811   1.64177
1.77724   1.63178
1.78362   1.63619
1.7809   1.62646
1.78211   1.64672
1.77681   1.64167
1.77549   1.626
1.77903   1.62959
1.7833   1.63283
1.78719   1.59843
***********BUSCA LOCAL**************
ANTES | DEPOIS
2.37523   3.00141
1.7031   1.79699
2.30727   1.84302
1.78192   1.83304
1.78858   1.80605
1.7828   1.79557
2.39212   1.80074
1.81385   2.45395
1.7696   1.83103
2.89534   2.38599
1.73023   1.77044
1.79743   3.61889
1.72172   1.81834
1.81979   2.38282
2.31001   1.24401
1.77417   2.38184
1.79031   1.74152
1.75613   1.23293
1.78455   1.75812
2.31024   1.79187
2.34071   1.81912
2.38925   1.78484
1.82777   1.79928
1.78451   1.80451
2.41406   1.83882
1.75075   2.46054
1.78896   1.79586
2.35263   2.42817
1.79409   2.46768
2.99845   1.81185
1.77659   1.78689
2.37037   1.82335
1.70167   1.83036
3.53586   1.79284
1.71372   3.02697
3.58987   1.81115
1.79146   2.40752
1.82483   1.71412
1.72292   1.78823
2.36127   1.22334
1.80412   3.03133
1.77491   1.80973
2.97614   2.3645
1.78296   1.77407
1.79831   1.79599
3.01759   1.80851
2.31637   1.82514
1.80183   1.78947
1.77144   3.01837
2.34304   1.83894
