Tamanho    Peso
1104  35116
1091  35282
1093  34827
1102  34781
1113  34803
1101  35081
1098  34869
1106  34956
1096  35190
1102  35274
1104  34736
1104  34988
1092  35011
1105  34983
1096  34895
1103  34870
1106  34945
1097  35052
1112  35022
1107  35311
1102  35147
1108  35010
1099  34968
1098  34916
1095  35058
1105  34977
1098  34985
1087  35020
1093  34756
1114  34845
1112  34884
1099  35022
1096  34762
1094  35023
1104  35013
1111  34963
1114  34953
1108  34892
1095  34969
1096  34951
1092  35437
1110  35274
1093  34871
1091  34536
1105  34771
1104  35144
1106  35097
1108  34810
1103  34936
1110  35085

Time taken: 56
