Tamanho    Peso
1722  56821
1724  56775
1745  57029
1730  57225
1724  57080
1732  56802
1736  56970
1738  57390
1700  57050
1724  57727
1725  57184
1723  56966
1724  56685
1730  56980
1717  56997
1717  56879
1718  57140
1744  57166
1731  56773
1715  56722
1721  57044
1747  57145
1734  56796
1729  57016
1715  57031
1718  56797
1736  56877
1727  56603
1732  57383
1717  56398
1725  56895
1715  56751
1728  57227
1707  56721
1734  57586
1713  57038
1726  57034
1721  56892
1718  56792
1729  56665
1721  56981
1717  57168
1714  56531
1708  57395
1727  57066
1714  57387
1721  56968
1721  56998
1730  56789
1720  57339

Time taken: 242
