***********CONSTRUÇÃO**************
ANTES | DEPOIS
1.6565   1.05527
1.65206   1.03639
1.6512   1.0338
1.65838   1.04606
1.65582   1.04289
1.65285   1.04511
1.6518   1.04129
1.65755   1.03646
1.65647   1.03859
1.65094   1.03047
1.64934   1.04729
1.64915   1.03532
1.65143   1.03405
1.65359   1.04978
1.65656   1.04233
1.65397   1.04707
1.64844   1.04068
1.65759   1.03371
1.64834   1.03741
1.65338   1.02797
1.65152   1.04878
1.65049   1.03588
1.653   1.03558
1.65099   1.04219
1.656   1.03879
1.64949   1.04458
1.65263   1.04214
1.6517   1.03456
1.65711   1.03967
1.65306   1.03171
1.65368   1.04819
1.65048   1.04262
1.65323   1.04155
1.65358   1.04497
1.65423   1.03791
1.65413   1.05079
1.65394   1.04388
1.64502   1.03606
1.6586   1.0372
1.65315   1.03311
1.65842   1.04994
1.65732   1.03773
1.65615   1.03591
1.65114   1.04337
1.6492   1.04372
1.65213   1.04576
1.65685   1.04232
1.64978   1.03476
1.65135   1.04032
1.6489   1.0317
***********BUSCA LOCAL**************
ANTES | DEPOIS
2.17273   0.881228
5.69717   0.8882
2.60603   0.896851
2.59067   0.889139
3.05177   0.897704
3.47331   0.902274
3.5241   0.898871
3.05842   0.88226
2.16481   0.886097
1.73815   0.890548
2.19347   0.897023
4.78524   0.883163
4.35424   0.902199
2.63555   0.889698
2.16574   0.888757
2.6206   0.897876
2.19239   0.876012
3.49751   0.903343
3.91231   0.894437
6.13962   0.888655
2.61542   0.882746
2.64382   0.897184
4.83088   0.881364
3.48513   0.872177
2.17568   0.885572
2.62482   0.903304
3.91385   0.893668
3.05066   0.894712
2.18192   0.897016
3.05423   0.891215
3.9022   0.875077
4.82975   0.883339
2.16625   0.885515
3.0698   0.870071
2.62232   0.887578
3.95616   0.88443
3.49696   0.903036
3.05238   0.897673
4.39293   0.909348
3.04317   0.903095
3.92633   0.88228
3.06755   0.908419
4.79936   0.887668
1.73845   0.884398
3.92022   0.905087
1.72987   0.876662
3.04585   0.898541
3.05599   0.886761
2.61096   0.889145
1.73108   0.880916
