***********CONSTRUÇÃO**************
ANTES | DEPOIS
0.207143   0.15576
0.20862   0.151904
0.206505   0.152334
0.207695   0.148289
0.207098   0.154904
0.207542   0.153482
0.207627   0.153681
0.204393   0.152528
0.205921   0.153101
0.205027   0.143928
0.206631   0.150341
0.207007   0.151259
0.204631   0.152556
0.207186   0.147293
0.206331   0.153615
0.207991   0.152891
0.207746   0.153249
0.209391   0.15431
0.20794   0.1545
0.206097   0.14417
0.207546   0.151821
0.209023   0.150354
0.204715   0.151037
0.206997   0.146066
0.208644   0.152941
0.206532   0.153416
0.208351   0.152323
0.207689   0.15354
0.206154   0.155021
0.205971   0.144087
0.20771   0.150999
0.207452   0.152591
0.205916   0.153234
0.20867   0.14656
0.205323   0.154691
0.205951   0.152674
0.206511   0.152559
0.207307   0.153351
0.207772   0.153044
0.206491   0.143998
0.208432   0.150498
0.205031   0.150897
0.208108   0.150363
0.207784   0.147203
0.205657   0.153075
0.208084   0.152953
0.204623   0.152505
0.205236   0.15352
0.207459   0.153446
0.20676   0.143813
***********BUSCA LOCAL**************
ANTES | DEPOIS
0.113661   0.174736
0.118753   0.183211
0.118722   0.124469
0.109461   0.110247
0.125368   0.120286
0.110871   0.126141
0.110767   0.242443
0.120201   0.171557
0.105352   0.123966
0.109557   0.1187
0.111209   0.129423
0.167654   0.180322
0.111028   0.240453
0.117921   0.126213
0.10433   0.119798
0.167353   0.185279
0.108376   0.123964
0.223522   0.112054
0.116121   0.120593
0.106014   0.123206
0.105054   0.241351
0.103267   0.123703
0.172982   0.124729
0.121382   0.122632
0.168191   0.12099
0.211536   0.122345
0.108014   0.179733
0.124837   0.175344
0.181518   0.175333
0.166743   0.118466
0.120038   0.117002
0.111151   0.235012
0.102071   0.117759
0.108182   0.128148
0.106004   0.175979
0.113622   0.239323
0.115347   0.187761
0.114573   0.17815
0.115592   0.124822
0.170676   0.121914
0.109468   0.120037
0.230428   0.125885
0.122029   0.179988
0.111179   0.251577
0.103673   0.127404
0.114265   0.115701
0.109149   0.238358
0.121894   0.116419
0.167142   0.118902
0.114925   0.119211
