Tamanho    Peso
1043  33422
1021  33122
1026  33149
1031  33270
1034  33274
1038  33452
1042  33767
1044  33349
1025  33477
1036  33850
1035  33343
1037  33483
1040  33599
1037  33184
1032  33196
1042  33370
1032  33238
1037  33292
1042  33406
1031  33502
1026  33254
1032  33482
1028  33351
1022  33349
1038  33320
1041  33412
1031  33267
1034  33332
1045  33530
1031  33565
1033  33437
1033  33448
1041  33393
1037  33350
1031  33082
1034  33180
1022  33135
1033  33174
1031  33234
1032  33272
1034  33391
1024  33520
1031  33290
1032  33445
1024  33211
1037  33226
1039  33268
1036  33271
1037  33612
1035  33313

Time taken: 60
