Tamanho    Peso
1022  32789
1018  32802
1024  33045
1020  32828
1021  32846
1022  32782
1023  32841
1020  32721
1028  33024
1026  32907
1027  32982
1020  32822
1022  32768
1026  33001
1026  32887
1020  32760
1025  32973
1025  32746
1027  32861
1028  32907
1028  33009
1021  32911
1025  32890
1024  32837
1023  32891
1021  32933
1024  32898
1026  32796
1025  32936
1026  32852
1023  32886
1021  32885
1020  32899
1027  33003
1023  32924
1024  32858
1026  32931
1027  32959
1027  32991
1023  32803
1023  32940
1020  32798
1024  32935
1025  32918
1027  32877
1026  32844
1030  32953
1025  32901
1025  32857
1023  32816

Time taken: 27
