Tamanho    Peso
161  6284
151  6062
160  6336
135  5367
156  6275
152  6345
156  6194
157  6329
160  6264
159  6467
152  6334
156  6174
147  5974
155  6239
127  5227
158  6241
144  5923
152  5836
140  5622
160  6267
154  6173
157  6227
164  6395
153  6046
154  6230
159  6273
156  6506
158  6427
158  6222
162  6257
151  5827
159  6236
122  5346
158  6243
152  6243
151  5987
151  5864
157  6185
153  6309
156  6304
158  6218
157  6208
159  6245
160  6278
158  6228
156  6276
150  6057
159  6273
158  6400
158  6256

Time taken: 162
