80;8;282 383 388 445 447 451 653 761 1442 1642 2117 2520 2650 3159 3396 3474 3534 3699 3716 3817 3821 4373 4406 4421 4436 4467 4783 4888 5084 5162 5256 5365 5485 5487 5699 5959 6033 6072 6307 6793 6894 6907 7009 7236 7304 7589 7601 7619 7843 7889 8323 8475 8487 8695 8712 8752 8948 8950 8957 9051 9076 9164 9181 9239 9357 9458 9478 9590 9597 9652 9877 9889 9968 10062 10092 10224 10258 10268 10277 10281
81;8;282 383 388 445 447 451 653 761 1442 1642 2520 2650 3118 3141 3159 3396 3474 3502 3534 3657 3699 3716 3817 3821 4373 4421 4436 4467 4888 5084 5162 5256 5485 5487 5699 5959 6033 6072 6307 6793 6894 6907 7009 7236 7304 7589 7601 7619 7843 7860 7889 8323 8475 8487 8498 8695 8712 8752 8948 8950 8957 9051 9164 9181 9239 9357 9458 9478 9590 9597 9877 9889 9968 10062 10092 10224 10258 10268 10277 10281 10287
81;8;282 383 388 445 447 451 653 761 1442 1642 2520 2650 3118 3141 3159 3396 3474 3502 3534 3657 3699 3716 3817 3821 4373 4421 4436 4467 4888 5084 5162 5256 5485 5487 5699 5959 6033 6072 6307 6793 6894 6907 7009 7236 7304 7589 7601 7619 7843 7860 7889 8323 8475 8487 8498 8695 8712 8752 8948 8950 8957 9051 9164 9181 9239 9357 9458 9478 9547 9590 9597 9877 9889 9968 10062 10092 10224 10258 10268 10277 10281
81;8;282 383 388 445 447 451 653 761 1442 1642 2520 2650 3118 3141 3159 3396 3474 3502 3534 3657 3699 3716 3817 3821 4373 4421 4436 4467 4888 5084 5162 5256 5485 5487 5699 5707 5959 6033 6072 6307 6793 6894 6907 7009 7236 7304 7589 7601 7619 7843 7860 7889 8323 8475 8487 8498 8695 8712 8752 8948 8950 8957 9051 9164 9181 9239 9357 9458 9478 9590 9597 9877 9889 9968 10062 10092 10224 10258 10268 10277 10281
81;8;282 383 388 445 447 451 653 761 1442 1642 2520 2650 3118 3141 3159 3396 3474 3502 3534 3657 3699 3716 3817 3821 4373 4421 4436 4467 4888 5084 5162 5256 5485 5487 5699 5959 6033 6072 6307 6793 6894 6907 6958 7009 7236 7304 7589 7601 7619 7843 7860 7889 8323 8475 8487 8498 8695 8712 8752 8948 8950 8957 9051 9164 9181 9239 9357 9458 9478 9590 9597 9877 9889 9968 10062 10092 10224 10258 10268 10277 10281
81;8;282 383 388 445 447 451 653 761 1442 1642 2520 2650 2667 3118 3141 3159 3396 3474 3502 3534 3657 3699 3716 3817 3821 4373 4421 4436 4467 4888 5084 5162 5256 5485 5487 5699 5959 6033 6072 6307 6793 6894 6907 7009 7236 7304 7589 7601 7619 7843 7860 7889 8323 8475 8487 8498 8695 8712 8752 8948 8950 8957 9051 9164 9181 9239 9357 9458 9478 9590 9597 9877 9889 9968 10062 10092 10224 10258 10268 10277 10281
82;8;282 383 388 445 447 451 653 761 1067 1442 1642 2117 2520 2650 3159 3396 3474 3534 3699 3716 3817 3821 4373 4406 4421 4436 4467 4771 4783 4888 5084 5162 5256 5485 5487 5699 5959 6033 6072 6307 6793 6894 6907 7009 7236 7304 7589 7601 7619 7843 7889 8092 8323 8475 8487 8695 8712 8752 8948 8950 8957 9051 9076 9164 9181 9239 9357 9458 9478 9590 9597 9652 9877 9889 9968 10062 10092 10224 10258 10268 10277 10281
82;8;282 383 388 445 447 451 653 761 1442 1642 2520 2650 3118 3141 3159 3396 3474 3502 3534 3657 3699 3716 3817 3821 4373 4421 4436 4467 4888 5084 5162 5256 5365 5485 5487 5699 5959 6033 6072 6083 6307 6793 6894 6907 7009 7236 7304 7589 7601 7619 7843 7860 7889 8323 8475 8487 8498 8695 8712 8752 8948 8950 8957 9051 9164 9181 9239 9357 9458 9478 9590 9597 9877 9889 9968 10062 10092 10224 10258 10268 10277 10281
84;8;282 383 388 445 447 451 653 761 1442 1642 2444 2520 2650 3118 3141 3159 3396 3474 3502 3534 3657 3699 3716 3817 3821 3934 4373 4421 4436 4467 4888 5084 5162 5256 5485 5487 5699 5959 6033 6072 6307 6793 6894 6907 7009 7236 7304 7589 7601 7619 7843 7860 7889 8092 8323 8475 8487 8498 8695 8712 8752 8948 8950 8957 9051 9164 9181 9239 9357 9458 9478 9590 9597 9779 9877 9889 9968 10062 10092 10224 10258 10268 10277 10281
88;8;271 282 383 388 445 447 451 653 761 1442 1642 2117 2520 2650 3118 3141 3159 3396 3474 3502 3534 3657 3699 3716 3817 3821 3940 4373 4406 4421 4436 4467 4783 4888 5084 5162 5256 5485 5487 5699 5959 6033 6072 6307 6793 6894 6907 7009 7236 7304 7339 7589 7601 7619 7843 7860 7889 8323 8475 8487 8498 8695 8712 8752 8948 8950 8957 9051 9076 9164 9181 9239 9357 9458 9478 9590 9597 9652 9877 9889 9968 10062 10092 10224 10258 10268 10277 10281
