Tamanho    Peso
1063  35882
1067  35992
1053  35903
1058  35787
1064  35923
1059  35978
1062  36033
1054  35864
1063  35901
1068  35992
1058  35803
1053  35741
1051  35800
1067  35928
1056  35861
1059  35928
1053  35843
1061  35850
1067  35944
1060  35933
1060  35961
1075  36108
1068  35879
1054  35821
1062  35850
1048  35840
1053  35840
1066  35960
1052  35843
1061  35890
1060  35886
1053  35814
1052  35831
1067  35945
1060  35936
1050  35845
1051  35891
1062  35947
1055  35871
1066  35802
1063  35982
1066  35791
1067  35917
1062  35949
1058  35866
1059  35894
1050  35892
1063  35859
1066  35871
1069  35990

Time taken: 26
