Tamanho    Peso
1059  35863
1062  36206
1057  36103
1046  36463
1068  35990
1060  36133
1064  36400
1060  36076
1049  36191
1053  36277
1060  36079
1055  35834
1047  36117
1060  35993
1059  36178
1057  36035
1050  36361
1050  36015
1062  35804
1060  35864
1059  36258
1057  36233
1060  35939
1059  36210
1055  35979
1064  36172
1053  36165
1047  36387
1066  36091
1049  36218
1051  36025
1054  36375
1063  35927
1044  36275
1059  35895
1044  35994
1054  36349
1058  36046
1058  36320
1054  36231
1055  35956
1052  36179
1051  36011
1052  35853
1055  36084
1063  36176
1057  35918
1064  36070
1056  35940
1060  35917

Time taken: 51
