Tamanho    Peso
297  8435
295  8262
303  8251
299  8377
299  8446
294  8352
300  8501
294  8427
297  8475
297  8353
264  8363
295  8141
300  8391
261  8158
299  8427
290  8259
294  8347
293  8249
299  8486
251  7919
288  8091
241  7696
294  8310
299  8446
294  8335
303  8461
267  8424
294  8327
298  8198
300  8127
292  8184
297  8212
294  8224
299  8355
296  8546
296  8261
293  8385
269  8356
295  8312
256  8193
298  8309
271  8413
294  8147
250  7768
302  8340
271  8402
291  8103
292  8571
297  8370
293  8372

Time taken: 18
