Tamanho    Peso
274  9181
259  8799
269  9108
264  8955
269  9016
274  9103
264  8769
257  8485
270  9032
270  9113
277  9191
262  8867
272  8976
271  9163
267  9047
266  8854
267  8806
258  8664
271  8996
268  8962
272  9146
273  9247
271  8965
276  9197
269  9020
266  8956
269  8862
253  8332
271  9062
269  8897
274  8975
276  9162
272  8926
272  9054
269  9052
266  8983
267  8773
256  8508
273  9145
273  8926
273  9243
270  9145
270  8929
279  9297
271  8892
266  8998
269  8952
258  8288
270  8898
270  8922

Time taken: 15
