***********CONSTRUÇÃO**************
ANTES | DEPOIS
0.472785   0.275645
0.472358   0.276583
0.47113   0.273703
0.473691   0.269747
0.472137   0.274152
0.472343   0.274539
0.473009   0.274022
0.471311   0.270218
0.472463   0.272242
0.473553   0.274167
0.471514   0.272893
0.472852   0.277801
0.472644   0.274552
0.473872   0.270313
0.472072   0.27419
0.472873   0.275742
0.472443   0.273426
0.474696   0.270944
0.471935   0.271735
0.471534   0.274712
0.472658   0.271965
0.47386   0.277703
0.47324   0.27354
0.472827   0.269775
0.471605   0.273006
0.475787   0.274411
0.47383   0.275241
0.473569   0.269671
0.471643   0.273798
0.471798   0.275587
0.471835   0.272232
0.474552   0.277289
0.47282   0.274109
0.473193   0.269559
0.472626   0.274823
0.473097   0.274889
0.472617   0.275168
0.472931   0.270035
0.473504   0.272256
0.473379   0.274801
0.472203   0.271955
0.47293   0.275657
0.473501   0.274104
0.474026   0.269396
0.474157   0.273489
0.472114   0.274703
0.470692   0.275264
0.471157   0.269715
0.474271   0.273066
0.471233   0.274803
***********BUSCA LOCAL**************
ANTES | DEPOIS
0.837906   0.483955
0.477409   0.244897
1.31135   0.242286
0.833906   0.247817
0.831652   0.24153
0.476112   0.238364
0.842936   0.239307
0.362955   0.239994
0.716655   0.238866
0.71374   0.236388
0.829819   0.243748
0.601273   0.237112
0.714671   0.238804
0.597754   0.248265
0.584334   0.23851
0.597063   0.242503
0.82946   0.244044
0.7078   0.246544
0.71418   0.240322
0.478997   0.24303
1.54016   0.245299
0.82761   0.237423
0.958747   0.360861
0.840873   0.246039
0.58984   0.24494
1.08109   0.476527
0.833892   0.24004
0.706138   0.245465
1.20054   0.239593
0.713334   0.244611
0.953359   0.240373
0.71364   0.236847
0.713858   0.244482
0.839576   0.246814
0.939001   0.242062
1.32009   0.242185
0.709692   0.241091
1.18426   0.24339
0.47923   0.239632
0.47242   0.237785
0.596456   0.240457
0.955809   0.243785
0.837718   0.24379
1.07476   0.247996
1.20406   0.239516
1.19154   0.242908
1.19297   0.243601
0.472515   0.24222
0.724283   0.361264
0.485313   0.243342
