87;8;271 383 388 445 447 653 761 1067 1442 1642 2117 2444 2478 2520 2650 3118 3159 3396 3474 3502 3534 3699 3716 3817 3821 3934 4373 4406 4436 4467 4771 4783 4888 5084 5162 5256 5487 5699 5959 6033 6072 6307 6406 6793 6894 6907 7009 7236 7304 7339 7589 7601 7619 7843 7860 7889 8092 8323 8475 8487 8498 8695 8712 8752 8948 8950 8957 9051 9076 9164 9239 9357 9458 9478 9597 9652 9877 9889 9968 10017 10062 10092 10224 10258 10268 10277 10281
87;8;271 383 388 445 447 653 761 1067 1442 1642 2117 2444 2478 2520 2650 2736 3118 3159 3396 3474 3502 3534 3699 3716 3817 3821 3934 4373 4406 4436 4467 4771 4783 4888 5084 5162 5256 5487 5699 5959 6033 6072 6307 6793 6894 6907 7009 7236 7304 7339 7589 7601 7619 7843 7860 7889 8092 8323 8475 8487 8498 8695 8712 8752 8948 8950 8957 9051 9076 9164 9239 9357 9458 9478 9597 9652 9877 9889 9968 10017 10062 10092 10224 10258 10268 10277 10281
87;8;271 383 388 445 447 653 761 1067 1442 1642 2117 2444 2478 2520 2650 3118 3159 3396 3474 3502 3534 3699 3716 3817 3821 3934 4373 4406 4436 4467 4771 4783 4888 5050 5084 5162 5256 5487 5699 5959 6033 6072 6307 6793 6894 6907 7009 7236 7304 7339 7589 7601 7619 7843 7860 7889 8092 8323 8475 8487 8498 8695 8712 8752 8948 8950 8957 9051 9076 9164 9239 9357 9458 9478 9597 9652 9877 9889 9968 10017 10062 10092 10224 10258 10268 10277 10281
87;8;282 383 388 445 447 653 761 899 1067 1442 1642 2117 2478 2520 2650 3118 3159 3474 3502 3525 3534 3657 3699 3716 3817 3821 3934 4021 4373 4406 4436 4467 4771 4783 4888 5084 5162 5256 5487 5699 5959 6033 6072 6307 6793 6894 6907 7009 7236 7304 7339 7589 7601 7619 7843 7860 7889 8092 8323 8475 8487 8498 8695 8712 8752 8948 8950 8957 9051 9076 9164 9239 9458 9478 9597 9877 9889 9968 10017 10062 10092 10224 10234 10258 10268 10277 10281
87;8;282 383 388 445 447 653 761 899 1067 1442 1642 2117 2478 2520 2650 3118 3159 3321 3474 3502 3525 3534 3657 3699 3716 3817 3821 3934 4373 4406 4436 4467 4771 4783 4888 5084 5162 5256 5487 5699 5959 6033 6072 6307 6793 6894 6907 7009 7236 7304 7339 7589 7601 7619 7843 7860 7889 8092 8323 8475 8487 8498 8695 8712 8752 8948 8950 8957 9051 9076 9164 9239 9458 9478 9597 9877 9889 9968 10017 10062 10092 10224 10234 10258 10268 10277 10281
87;8;271 383 388 445 447 653 761 1067 1442 1642 2117 2444 2478 2520 2650 3118 3159 3396 3474 3502 3534 3699 3716 3817 3821 3934 4021 4373 4406 4436 4467 4771 4783 4888 5084 5162 5256 5487 5699 5959 6033 6072 6307 6793 6894 6907 7009 7236 7304 7339 7589 7601 7619 7843 7860 7889 8092 8323 8475 8487 8498 8695 8712 8752 8948 8950 8957 9051 9076 9164 9239 9357 9458 9478 9597 9652 9877 9889 9968 10017 10062 10092 10224 10258 10268 10277 10281
87;8;271 383 388 445 447 653 761 1067 1442 1642 2117 2444 2478 2520 2650 3118 3159 3321 3396 3474 3502 3534 3699 3716 3817 3821 3934 4373 4406 4436 4467 4771 4783 4888 5084 5162 5256 5487 5699 5959 6033 6072 6307 6793 6894 6907 7009 7236 7304 7339 7589 7601 7619 7843 7860 7889 8092 8323 8475 8487 8498 8695 8712 8752 8948 8950 8957 9051 9076 9164 9239 9357 9458 9478 9597 9652 9877 9889 9968 10017 10062 10092 10224 10258 10268 10277 10281
88;8;271 383 388 445 447 653 761 1067 1442 1642 2098 2117 2444 2478 2520 2650 3118 3159 3396 3474 3502 3534 3699 3716 3817 3821 3934 4373 4406 4436 4467 4771 4783 4888 5084 5162 5256 5487 5699 5959 6033 6072 6307 6793 6894 6907 7009 7236 7304 7339 7589 7601 7619 7843 7860 7889 8092 8323 8475 8487 8498 8695 8712 8752 8948 8950 8957 9051 9076 9164 9181 9239 9357 9458 9478 9597 9652 9877 9889 9968 10017 10062 10092 10224 10258 10268 10277 10281
89;8;282 383 388 445 447 653 761 899 1067 1135 1442 1642 2098 2117 2478 2520 2650 3118 3159 3474 3502 3525 3534 3657 3699 3716 3817 3821 3934 4373 4406 4436 4467 4771 4783 4888 5084 5162 5256 5487 5699 5959 6033 6072 6307 6793 6894 6907 7009 7236 7304 7339 7589 7601 7619 7843 7860 7889 8092 8323 8475 8487 8498 8695 8712 8752 8948 8950 8957 9051 9076 9164 9181 9239 9458 9478 9597 9877 9889 9968 10017 10062 10092 10224 10234 10258 10268 10277 10281
94;8;271 282 383 388 445 447 653 761 899 1067 1442 1642 2117 2444 2478 2520 2650 3118 3159 3396 3474 3502 3525 3534 3657 3699 3716 3817 3821 3934 4373 4406 4436 4467 4771 4783 4888 5084 5162 5256 5487 5497 5699 5959 6033 6072 6083 6307 6793 6894 6907 7009 7236 7304 7339 7589 7601 7619 7843 7860 7889 8092 8323 8475 8487 8498 8642 8695 8712 8752 8948 8950 8957 9051 9076 9164 9239 9357 9458 9478 9597 9652 9877 9889 9968 10017 10062 10092 10224 10234 10258 10268 10277 10281
