Tamanho    Peso
142  5875
159  6538
158  6462
171  6712
160  6697
161  6634
164  6709
151  6536
166  6834
148  6090
157  6582
163  6431
158  6523
156  5852
135  5568
159  6514
166  6771
154  6269
159  6635
156  6554
159  6665
159  6485
163  6812
160  6508
154  6061
160  6278
158  6512
166  6833
149  6037
157  6538
155  6140
156  6461
170  6847
149  6498
166  6573
174  6963
151  6306
156  6450
163  6431
162  6486
160  6564
155  6570
156  6451
160  6694
151  6721
154  6171
155  6396
161  6595
160  6764
167  6599

Time taken: 188
