Tamanho    Peso
278  9386
288  9662
268  9137
279  9504
277  9555
268  9143
269  8902
281  9445
283  9472
261  8819
261  9189
272  9108
269  9161
293  9747
266  9293
253  8613
273  8877
256  8889
259  8860
279  9190
282  9653
265  9011
274  9291
269  9389
275  9478
275  9162
275  8920
279  9137
290  9714
267  8886
286  9658
254  8253
284  9527
287  9652
285  9583
272  9247
264  8809
263  8802
268  9080
276  8989
266  9030
281  9465
266  9188
273  9563
279  9531
262  8996
274  8899
266  8607
268  8902
276  9147

Time taken: 19
