Tamanho    Peso
89  3698
108  4654
118  4748
86  3722
95  3818
94  4050
115  5148
108  4771
110  4919
106  4497
100  4417
109  4388
91  3864
110  4707
95  3680
94  4058
95  3907
103  4496
114  5030
103  4264
116  5147
107  4641
116  4682
104  4436
93  3646
93  3708
103  4638
107  4570
115  5170
105  4781
96  3864
116  4964
99  4052
94  3822
100  4370
114  4631
92  3951
103  4210
95  3898
106  4536
90  3737
111  4914
97  3918
101  4505
99  4052
95  4321
90  3884
96  4114
99  4325
100  3976

Time taken: 177
