Tamanho    Peso
1098  34829
1104  34809
1099  34663
1091  34656
1105  34767
1091  34761
1094  34721
1101  34765
1093  34680
1098  34838
1099  34726
1102  34662
1098  34942
1093  34718
1105  34801
1102  34924
1092  34709
1099  34629
1096  34709
1096  34667
1107  34796
1085  34632
1101  34837
1095  34744
1092  34785
1105  34954
1096  34749
1098  34691
1098  34781
1090  34662
1094  34708
1101  34639
1098  34782
1095  34727
1103  34723
1094  34687
1098  34854
1098  34791
1098  34800
1106  34751
1101  34803
1106  34857
1093  34819
1093  34695
1102  34761
1099  34734
1105  34883
1102  34757
1095  34824
1097  34715

Time taken: 24
