***********CONSTRUÇÃO**************
ANTES | DEPOIS
0.40108   0.229038
0.402197   0.227038
0.400252   0.228459
0.400396   0.226098
0.402397   0.227726
0.401814   0.225246
0.400652   0.225992
0.400782   0.224466
0.401863   0.226545
0.400163   0.221861
0.400756   0.22817
0.401066   0.225493
0.401386   0.227236
0.400409   0.226186
0.401236   0.227417
0.400287   0.226945
0.401489   0.225921
0.399746   0.223799
0.400646   0.227003
0.40081   0.22277
0.399932   0.227508
0.401988   0.227147
0.40167   0.228186
0.401273   0.226868
0.401214   0.228233
0.40431   0.226721
0.401899   0.225372
0.401926   0.224531
0.398548   0.227545
0.401241   0.221956
0.400533   0.226297
0.400845   0.227299
0.401169   0.227759
0.400756   0.22584
0.398189   0.227785
0.401121   0.227655
0.400819   0.225354
0.40025   0.223941
0.402134   0.226899
0.402075   0.222865
0.400134   0.227757
0.403192   0.226405
0.3997   0.226918
0.403126   0.225547
0.399023   0.227486
0.400196   0.227182
0.402129   0.226278
0.401714   0.224258
0.400891   0.2274
0.401124   0.222535
***********BUSCA LOCAL**************
ANTES | DEPOIS
0.578601   0.192517
0.486873   0.194142
0.869977   0.289808
0.486461   0.195135
0.482372   0.191737
0.685418   0.189363
1.0703   0.388495
1.36366   0.197914
0.776998   0.193428
0.487854   0.198582
0.577914   0.19816
0.874855   0.391013
0.583143   0.1956
1.35328   0.195463
0.886174   0.197195
0.871967   0.192997
0.391056   0.193676
0.488262   0.585752
0.588774   0.196213
0.48509   0.193578
0.967646   0.391292
0.581883   0.39496
1.07287   0.387156
0.583697   0.193411
0.387925   0.388618
0.786131   0.290402
0.391642   0.195701
1.16746   0.196859
0.582781   0.190565
0.773027   0.394169
0.389658   0.196792
0.476891   0.194425
0.480091   0.293011
0.384615   0.194476
0.771055   0.196306
0.769862   0.195462
0.578032   0.288572
0.686687   0.195622
0.387532   0.192711
0.487541   0.671692
1.16342   0.192726
1.34992   0.195974
0.48287   0.285904
0.580157   0.193322
0.483766   0.198343
0.883508   0.197428
0.779675   0.287711
0.580038   0.297916
0.872026   0.196141
0.684427   0.19408
