Tamanho    Peso
1109  35203
1104  34829
1104  35046
1111  35233
1114  35401
1115  35067
1106  34860
1110  34891
1107  34848
1090  35017
1107  34995
1107  34893
1104  35191
1106  34988
1100  34997
1117  35032
1111  35261
1103  35073
1110  35115
1100  35283
1100  34981
1104  35254
1096  34984
1113  35205
1100  35246
1103  34929
1097  35179
1090  34789
1093  35146
1104  34942
1097  35319
1095  35082
1101  34929
1095  35224
1107  35293
1099  35019
1110  35136
1103  35088
1106  35312
1098  35224
1095  34964
1111  34940
1096  34933
1106  35102
1106  35187
1105  34949
1102  35066
1096  34996
1101  34887
1116  35102

Time taken: 55
