Tamanho    Peso
1777  57007
1788  57619
1786  57103
1779  57588
1784  57684
1774  57718
1779  57475
1786  57422
1793  57703
1787  57300
1785  57703
1786  57466
1776  57150
1785  57404
1816  57649
1799  57329
1803  57784
1787  57575
1779  57343
1784  57535
1782  57464
1777  57312
1782  57186
1797  57596
1785  57463
1796  57439
1790  57752
1782  57309
1777  57319
1798  57441
1792  57604
1787  57572
1785  57383
1799  57676
1790  57794
1782  57328
1770  57403
1798  57623
1775  57126
1770  57212
1789  57463
1790  57579
1803  57615
1790  57307
1766  57207
1771  57456
1772  57002
1783  57208
1797  57547
1788  57352

Time taken: 124
