126;8;3 5 6 19 48 77 104 112 115 131 142 143 157 179 184 185 199 236 256 257 319 320 356 363 428 518 553 581 617 659 686 798 805 830 888 896 909 931 935 1002 1013 1030 1066 1120 1123 1175 1194 1208 1221 1243 1246 1254 1277 1366 1405 1440 1462 1545 1655 1701 1730 1766 1774 1797 1890 1976 2149 2167 2178 2226 2228 2281 2297 2419 2421 2439 2586 2595 2708 2726 2730 2734 2738 2779 2809 2836 2886 2902 2930 3005 3074 3181 3197 3269 3272 3299 3300 3303 3308 3407 3511 3515 3519 3536 3538 3549 3568 3630 3694 3708 3746 3757 3782 3790 3799 3803 3804 3861 3883 3895 3917 3920 3980 4007 4014 4025
126;8;3 5 6 19 48 77 104 112 115 131 142 143 157 179 184 185 199 236 256 257 319 320 356 428 518 553 566 581 617 659 686 789 798 805 830 888 896 909 931 935 1002 1013 1030 1066 1120 1175 1194 1208 1221 1243 1254 1277 1374 1405 1409 1440 1462 1505 1545 1655 1701 1730 1797 1875 1881 1890 1941 1976 2149 2167 2178 2226 2228 2259 2281 2297 2421 2439 2558 2595 2708 2730 2734 2738 2779 2809 2836 2838 2886 2902 2930 3005 3074 3181 3197 3271 3272 3300 3303 3407 3511 3515 3519 3536 3538 3547 3549 3568 3630 3694 3708 3746 3757 3782 3790 3799 3803 3861 3883 3895 3917 3920 3980 4007 4014 4025
126;8;3 5 6 19 48 77 104 112 115 131 142 143 157 179 184 185 199 236 256 257 319 320 356 363 428 467 518 553 581 617 659 686 798 805 830 888 896 909 931 935 1002 1013 1030 1066 1120 1123 1175 1194 1208 1221 1243 1246 1254 1277 1405 1440 1462 1545 1655 1701 1730 1766 1774 1797 1890 1976 2113 2149 2167 2178 2226 2228 2281 2297 2419 2421 2439 2595 2708 2726 2730 2734 2738 2779 2809 2836 2886 2902 2930 3005 3074 3181 3197 3269 3272 3299 3300 3303 3308 3407 3511 3515 3519 3536 3538 3549 3568 3630 3694 3708 3746 3757 3782 3790 3799 3803 3804 3861 3883 3895 3917 3920 3980 4007 4014 4025
127;8;3 5 6 19 48 77 104 112 115 131 142 143 157 179 184 185 199 236 256 257 319 320 356 428 518 553 566 581 617 659 686 789 798 805 830 888 896 909 931 935 1002 1013 1030 1066 1120 1175 1194 1208 1221 1243 1254 1277 1405 1409 1440 1462 1505 1545 1574 1655 1701 1730 1797 1881 1890 1941 1976 2116 2149 2150 2167 2178 2226 2228 2281 2297 2421 2439 2550 2595 2662 2708 2730 2734 2738 2779 2809 2836 2838 2886 2902 2930 3005 3074 3178 3181 3197 3271 3272 3300 3303 3407 3511 3515 3519 3536 3538 3549 3568 3630 3694 3708 3746 3757 3782 3790 3799 3803 3861 3883 3895 3917 3920 3980 4007 4014 4025
127;8;3 5 6 19 48 77 104 112 115 131 142 143 157 179 184 185 199 200 236 256 257 319 320 356 363 428 518 553 581 617 659 686 798 805 830 888 896 909 931 935 1002 1013 1030 1066 1120 1123 1175 1194 1196 1208 1221 1243 1246 1254 1277 1405 1440 1462 1545 1655 1701 1730 1766 1774 1797 1890 1976 2149 2167 2178 2226 2228 2281 2297 2419 2421 2439 2595 2708 2726 2730 2734 2738 2779 2809 2836 2886 2902 2930 3005 3074 3181 3197 3269 3272 3299 3300 3303 3308 3407 3511 3515 3519 3536 3538 3549 3568 3630 3694 3708 3746 3757 3782 3790 3799 3803 3804 3861 3883 3895 3917 3920 3950 3980 4007 4014 4025
128;8;3 5 6 19 48 77 104 112 115 122 131 142 143 157 179 184 185 199 236 256 257 319 320 356 428 469 518 553 581 617 659 686 691 798 805 830 888 896 909 931 935 1002 1013 1030 1066 1120 1175 1194 1208 1221 1243 1254 1277 1374 1405 1440 1462 1545 1655 1701 1730 1797 1875 1890 1957 1976 2149 2167 2178 2226 2228 2242 2259 2281 2297 2421 2439 2558 2595 2647 2708 2730 2734 2738 2779 2809 2836 2886 2902 2930 2951 3005 3074 3181 3197 3272 3300 3303 3320 3407 3511 3515 3519 3536 3538 3547 3549 3568 3630 3694 3708 3746 3757 3782 3790 3799 3803 3861 3883 3895 3911 3917 3920 3980 3982 4007 4014 4025
130;8;3 5 6 19 48 77 104 112 115 131 142 143 157 179 184 185 199 236 256 257 319 320 356 363 428 518 532 553 581 617 659 686 691 798 805 830 888 896 909 931 935 1002 1013 1030 1066 1120 1123 1175 1194 1208 1221 1237 1243 1246 1254 1277 1405 1440 1462 1545 1655 1701 1730 1766 1774 1797 1890 1957 1976 2149 2167 2178 2226 2228 2281 2297 2419 2421 2439 2595 2647 2708 2726 2730 2734 2738 2779 2809 2836 2886 2902 2930 3005 3074 3181 3197 3269 3272 3299 3300 3303 3308 3407 3511 3515 3519 3536 3538 3549 3568 3630 3694 3708 3746 3757 3782 3790 3799 3803 3804 3861 3883 3895 3911 3917 3920 3980 4007 4014 4025
131;8;3 5 6 19 48 77 104 112 115 131 142 143 157 179 184 185 199 236 256 257 319 320 356 363 428 518 553 581 617 659 686 798 805 830 888 896 909 931 935 1002 1013 1030 1066 1120 1123 1175 1194 1208 1221 1243 1246 1254 1277 1405 1440 1462 1507 1545 1574 1655 1701 1730 1766 1774 1797 1890 1976 2149 2150 2167 2178 2226 2228 2281 2297 2419 2421 2439 2550 2595 2662 2708 2726 2730 2734 2738 2779 2797 2809 2836 2886 2902 2930 3005 3074 3178 3181 3197 3269 3272 3299 3300 3303 3308 3407 3511 3515 3519 3536 3538 3549 3568 3630 3694 3708 3746 3757 3782 3790 3799 3803 3804 3861 3883 3895 3917 3920 3980 4007 4014 4025
131;8;3 5 6 19 48 77 104 112 115 131 142 143 157 179 184 185 199 236 256 257 319 320 356 363 428 518 553 581 617 659 686 798 805 830 888 896 909 931 935 1002 1013 1030 1066 1120 1123 1175 1194 1208 1221 1243 1246 1254 1277 1374 1405 1440 1462 1545 1655 1701 1730 1766 1774 1797 1875 1890 1976 2149 2167 2178 2226 2228 2259 2281 2297 2419 2421 2439 2558 2595 2708 2726 2730 2734 2738 2779 2809 2836 2886 2902 2930 3005 3074 3181 3197 3269 3272 3299 3300 3303 3308 3407 3511 3515 3519 3536 3538 3547 3549 3568 3630 3694 3708 3746 3755 3757 3782 3790 3799 3803 3804 3861 3883 3893 3895 3917 3920 3980 4007 4014 4025
132;8;3 5 6 19 48 77 104 112 115 131 142 143 157 179 184 185 199 236 256 257 319 320 356 363 428 518 553 566 581 617 659 686 789 798 805 830 888 896 909 931 935 1002 1013 1030 1066 1120 1123 1175 1194 1208 1221 1243 1246 1254 1277 1405 1409 1440 1462 1505 1545 1655 1701 1730 1766 1774 1797 1881 1890 1941 1976 2149 2167 2178 2226 2228 2281 2297 2419 2421 2439 2595 2708 2726 2730 2734 2738 2779 2809 2836 2838 2886 2902 2930 3005 3074 3181 3197 3269 3271 3272 3299 3300 3303 3308 3407 3511 3515 3519 3536 3538 3549 3568 3630 3694 3708 3746 3757 3782 3790 3799 3803 3804 3861 3883 3895 3917 3920 3980 4007 4014 4025
