Tamanho    Peso
235  9016
234  8985
237  8928
248  9116
248  9358
245  9491
250  9267
248  9330
249  9146
245  9434
246  9201
253  9567
250  9351
242  9249
253  9745
241  9403
254  9481
243  9055
253  9631
240  9329
253  9464
248  9548
247  9516
242  9159
248  9403
243  9435
244  9302
236  8694
247  9529
247  9491
245  9169
244  9499
245  9476
245  9438
250  9583
244  9512
250  9402
237  9235
248  9386
243  9419
251  9549
238  9246
248  9453
251  9541
243  9464
254  9653
249  9499
252  9349
246  9300
243  9210

Time taken: 18
