***********CONSTRUÇÃO**************
ANTES | DEPOIS
0.479355   0.299274
0.480045   0.296908
0.477988   0.295246
0.478731   0.295295
0.477947   0.294333
0.478891   0.293827
0.479774   0.294917
0.478926   0.293393
0.478424   0.292646
0.477675   0.292883
0.481152   0.2975
0.479071   0.296178
0.478691   0.295241
0.47792   0.295312
0.478299   0.293434
0.478386   0.294416
0.477907   0.295673
0.477788   0.293089
0.480477   0.293113
0.478255   0.293802
0.479816   0.297982
0.478178   0.296054
0.479526   0.295124
0.479179   0.294837
0.479248   0.294716
0.476989   0.293798
0.479855   0.296481
0.479811   0.294103
0.480887   0.293185
0.477765   0.293776
0.479466   0.297458
0.477269   0.29635
0.478705   0.294841
0.477823   0.294733
0.478599   0.292966
0.478223   0.294477
0.477816   0.296536
0.479088   0.294203
0.478631   0.29317
0.478684   0.29335
0.478829   0.297533
0.478049   0.296119
0.47749   0.294954
0.477955   0.295072
0.4793   0.293749
0.478812   0.294146
0.47784   0.296468
0.477976   0.292948
0.477761   0.292611
0.47831   0.293354
***********BUSCA LOCAL**************
ANTES | DEPOIS
0.869583   0.254896
0.618827   0.248556
1.1128   0.500194
0.865044   0.248508
0.619766   0.24942
0.865013   0.246168
0.74261   0.251893
0.74377   0.249878
0.989888   0.249156
0.494699   0.25321
0.987429   0.250893
0.98758   0.245886
0.62488   0.494954
1.4838   0.378941
1.12246   0.252326
0.611675   0.367709
0.621401   0.498912
0.617228   0.24899
0.740662   0.499306
0.738046   0.25197
0.742243   0.246263
1.1135   0.370367
1.23207   0.252208
0.984554   0.252448
0.995244   0.503506
0.990895   0.250986
1.25073   0.256243
1.36014   0.497605
0.73612   0.249516
0.744886   0.37036
1.12191   0.749199
0.496977   0.253358
1.10615   0.367867
0.619533   0.246612
0.743991   0.254183
0.989349   0.367569
1.11043   0.249721
0.866199   0.248032
0.368839   0.25124
0.501538   0.254387
1.24099   0.246573
0.738739   0.366261
1.11095   0.3698
0.745486   0.251011
0.744625   0.251639
0.626632   0.250778
1.48402   0.502127
0.859132   0.252501
1.10018   0.375056
0.747607   0.737876
