Tamanho    Peso
1100  34508
1104  34300
1079  34276
1094  34193
1099  34379
1095  34268
1086  34409
1096  34265
1093  34400
1098  34498
1100  34419
1098  34225
1093  34262
1089  34385
1090  34306
1086  34185
1088  34186
1092  34340
1074  34055
1102  34297
1103  34368
1096  34382
1091  34252
1089  34258
1087  34014
1094  34215
1091  34190
1092  34276
1090  34182
1092  34286
1088  34269
1097  34289
1091  34256
1090  34352
1092  34298
1081  34164
1095  34289
1099  34373
1091  34273
1092  34242
1103  34297
1091  34318
1078  34102
1094  34340
1092  34194
1097  34310
1102  34318
1092  34304
1080  34280
1080  34183

Time taken: 31
