***********CONSTRUÇÃO**************
ANTES | DEPOIS
1.72401   1.64343
1.72455   1.65685
1.72913   1.65278
1.72421   1.64384
1.72505   1.65257
1.72022   1.64842
1.72726   1.64589
1.7173   1.64264
1.72421   1.65117
1.72579   1.64576
1.72424   1.64106
1.77209   1.64542
1.78409   1.65009
1.80611   1.64418
1.80834   1.64957
1.72383   1.64188
1.7184   1.6544
1.7239   1.63889
1.72731   1.646
1.71786   1.64878
1.71943   1.64038
1.72419   1.65846
1.71473   1.65496
1.71623   1.64228
1.72573   1.64994
1.72517   1.65497
1.72415   1.65676
1.71959   1.6383
1.72586   1.64228
1.72283   1.64126
1.7215   1.64846
1.72434   1.6507
1.72978   1.64932
1.72329   1.65738
1.72462   1.65564
1.7278   1.64986
1.71917   1.63624
1.72227   1.64182
1.72634   1.64288
1.72249   1.64926
1.72241   1.64202
1.72351   1.65387
1.71654   1.64733
1.71967   1.64952
1.71875   1.64112
1.72186   1.65071
1.72425   1.66041
1.72622   1.64608
1.718   1.64295
1.72519   1.64643
***********BUSCA LOCAL**************
ANTES | DEPOIS
2.62702   2.62984
3.07767   2.87436
3.63433   1.51484
2.52611   2.63204
1.64713   1.48698
2.47034   2.45447
1.55251   1.57572
2.51686   1.63002
2.55988   1.62782
2.6499   1.58822
1.46886   1.59823
2.01387   2.63073
1.70784   2.14477
3.66427   1.54398
1.58084   1.59848
2.54622   2.08303
1.55748   1.58382
2.47436   1.48492
2.02935   2.08986
1.63624   3.58904
2.5386   2.0735
2.61419   1.60401
2.58923   1.60079
1.60765   1.58426
2.73927   1.5902
1.56493   2.07324
1.56659   2.13585
1.46682   2.08099
1.57551   3.15458
1.50457   2.68696
1.53923   2.10894
1.60404   1.54229
1.57069   2.06053
1.63003   3.00557
1.58273   2.68471
1.49128   2.65251
1.42091   2.19907
2.60101   2.1237
1.49813   1.56944
1.90178   2.08334
2.06919   2.07091
1.62021   1.65026
1.61396   1.60926
1.59685   2.69051
1.63912   2.60987
1.50437   2.12228
2.6002   1.60523
3.92583   1.59949
1.54618   1.60569
1.61353   1.63168
