34;8;392 738 966 1171 2385 2568 2651 2686 2790 3560 4432 5124 5277 5588 5885 6221 6663 6894 6944 7264 7458 7816 7909 8498 8776 8864 9121 9152 9422 9471 9875 9969 9993 10241
34;8;392 738 1171 2385 2568 2651 2686 2790 3560 4432 5124 5277 5588 5885 6221 6663 6894 6944 7264 7458 7816 7909 8498 8570 8776 8864 9121 9152 9422 9471 9875 9969 9993 10241
35;8;392 738 1171 2385 2568 2651 2686 2790 3560 4432 5124 5277 5588 5885 6221 6396 6663 6894 6944 7264 7458 7816 7909 8498 8564 8776 8864 9121 9152 9422 9471 9875 9969 9993 10241
35;8;392 738 1171 2385 2568 2651 2686 2790 3560 4432 5124 5277 5588 5885 6221 6663 6894 6944 7264 7458 7816 7909 8498 8564 8776 8864 9121 9152 9422 9471 9722 9875 9969 9993 10241
35;8;392 738 1171 2015 2385 2568 2651 2686 2790 3560 4432 5124 5277 5588 5885 6154 6221 6663 6894 6944 7264 7458 7816 7909 8498 8776 8864 9121 9152 9422 9471 9875 9969 9993 10241
35;8;392 738 1171 2385 2568 2651 2686 2790 3560 4246 4432 5124 5277 5588 5885 6154 6221 6663 6894 6944 7264 7458 7816 7909 8498 8776 8864 9121 9152 9422 9471 9875 9969 9993 10241
35;8;392 738 1171 2385 2568 2651 2686 2790 3560 4432 5124 5277 5588 5885 6154 6221 6663 6894 6944 7264 7458 7681 7816 7909 8498 8776 8864 9121 9152 9422 9471 9875 9969 9993 10241
35;8;392 738 1171 2385 2568 2651 2686 2790 3560 4432 5124 5277 5588 5885 6154 6221 6663 6894 6944 7264 7458 7816 7909 8498 8564 8776 8864 9121 9152 9422 9471 9875 9969 9993 10241
35;8;392 738 1171 2385 2568 2651 2686 2790 3560 4432 5124 5277 5588 5885 6221 6663 6894 6944 7264 7404 7458 7816 7909 8498 8564 8776 8864 9121 9152 9422 9471 9875 9969 9993 10241
35;8;392 738 1171 2385 2568 2651 2686 2790 3560 4432 5124 5277 5588 5885 6154 6221 6663 6894 6944 7264 7404 7458 7816 7909 8498 8776 8864 9121 9152 9422 9471 9875 9969 9993 10241
