***********CONSTRUÇÃO**************
ANTES | DEPOIS
0.388909   0.22598
0.388469   0.223227
0.389331   0.22316
0.389202   0.223702
0.390398   0.221871
0.388198   0.222809
0.38817   0.222028
0.389303   0.222982
0.388225   0.222486
0.391216   0.220481
0.390181   0.223504
0.388654   0.223971
0.389405   0.224007
0.390522   0.224177
0.387635   0.222844
0.388616   0.22341
0.389997   0.222917
0.389302   0.222071
0.389123   0.22186
0.388076   0.221055
0.388869   0.22336
0.387421   0.224247
0.389093   0.223744
0.388976   0.223997
0.387954   0.222423
0.389728   0.224383
0.388975   0.222485
0.391009   0.223752
0.387575   0.222077
0.388956   0.221247
0.388468   0.224006
0.388517   0.224576
0.389272   0.224135
0.389516   0.223223
0.388412   0.223435
0.389757   0.223133
0.388469   0.222855
0.388353   0.223263
0.389767   0.223888
0.389345   0.220687
0.388848   0.223986
0.390001   0.224842
0.389062   0.223882
0.388924   0.223536
0.389942   0.222733
0.388828   0.223045
0.390984   0.222525
0.389   0.222892
0.38931   0.221896
0.390057   0.220676
***********BUSCA LOCAL**************
ANTES | DEPOIS
0.758803   0.191158
0.664165   0.193726
0.661454   0.195748
0.375017   0.28495
0.662553   0.383357
0.750178   0.194812
0.560282   0.189434
0.853774   0.188488
0.376909   0.380216
1.04159   0.289585
0.572237   0.476811
0.56453   0.187077
0.849128   0.185667
0.56912   0.281185
0.470233   0.189533
0.94665   0.197055
0.7559   0.187234
1.04051   0.189324
0.568823   0.290302
0.847608   0.189321
0.561427   0.189971
0.949815   0.189143
0.575323   0.283993
0.758281   0.284938
0.56601   0.188271
0.570934   0.384292
1.13571   0.191667
0.757901   0.479374
1.23586   0.188007
0.758386   0.380526
0.568475   0.189542
0.475224   0.18682
1.05037   0.186752
1.04628   0.56624
0.381663   0.190512
0.658924   0.193313
1.13831   0.190467
0.658716   0.380272
0.952733   0.188618
0.756266   0.190299
0.941687   0.378499
0.765447   0.192187
0.761943   0.193693
0.84901   0.187591
0.48657   0.288654
0.75448   0.190043
0.57034   0.378823
0.566987   0.189407
1.04154   0.190898
0.668675   0.382121
