Tamanho    Peso
1066  34827
1059  34656
1059  34786
1057  34728
1047  34518
1054  34633
1058  34722
1064  34712
1055  34697
1065  34760
1061  34743
1061  34775
1064  34784
1072  34835
1058  34636
1059  34727
1063  34633
1067  34846
1053  34774
1062  34677
1069  34891
1065  34798
1060  34840
1063  34757
1057  34644
1053  34613
1061  34696
1067  34622
1064  34684
1055  34656
1069  34836
1063  34759
1063  34790
1069  34868
1056  34576
1053  34614
1062  34681
1055  34764
1067  34684
1058  34580
1066  34826
1063  34696
1062  34779
1066  34807
1061  34658
1058  34635
1053  34640
1067  34750
1063  34771
1056  34712

Time taken: 24
