Tamanho    Peso
1091  35448
1100  35532
1087  35563
1084  35650
1087  35511
1088  35608
1097  35620
1090  35640
1096  35707
1090  35827
1097  35518
1089  35434
1085  35392
1093  35460
1087  35657
1087  35468
1091  35660
1099  35708
1095  35603
1086  35596
1087  35679
1088  35513
1091  35454
1087  35510
1089  35552
1090  35671
1079  35540
1098  35689
1086  35485
1084  35661
1090  35514
1093  35380
1088  35572
1079  35299
1095  35575
1095  35629
1090  35725
1079  35507
1097  35649
1078  35541
1088  35604
1089  35451
1081  35354
1099  35594
1087  35576
1101  35756
1088  35586
1100  35711
1092  35484
1086  35769

Time taken: 27
