***********CONSTRUÇÃO**************
ANTES | DEPOIS
0.404799   0.229967
0.405329   0.230459
0.404471   0.224966
0.405073   0.225649
0.406431   0.222838
0.404272   0.230135
0.406192   0.224158
0.406367   0.227567
0.406268   0.225725
0.406038   0.224353
0.405711   0.227672
0.405533   0.230153
0.406008   0.225573
0.40512   0.22575
0.405753   0.222882
0.40559   0.229862
0.404766   0.22415
0.404682   0.228364
0.405917   0.226104
0.405729   0.225414
0.404697   0.227007
0.406437   0.229942
0.405944   0.226078
0.405007   0.225374
0.405656   0.222544
0.406179   0.22973
0.406807   0.223849
0.405708   0.228273
0.403825   0.226174
0.405412   0.224683
0.405335   0.226984
0.405861   0.230391
0.405403   0.224695
0.406345   0.225253
0.405976   0.223172
0.405747   0.229023
0.405949   0.224329
0.406111   0.227753
0.405573   0.225057
0.405283   0.22502
0.406493   0.227058
0.405156   0.23061
0.404684   0.224975
0.406512   0.226893
0.406687   0.222087
0.405192   0.229436
0.406194   0.224182
0.407328   0.227928
0.405833   0.225573
0.405944   0.224652
***********BUSCA LOCAL**************
ANTES | DEPOIS
0.88904   0.295482
0.394096   0.196537
0.601934   0.200145
0.678429   0.406203
0.597163   0.201422
0.495108   0.40178
0.598915   0.398067
0.890546   0.301888
0.495549   0.201896
0.685706   0.194441
0.493431   0.596489
0.392768   0.398554
0.592281   0.298964
0.700885   0.3965
0.582418   0.199806
0.493966   0.400608
0.490134   0.202754
0.5915   0.200203
0.587527   0.297611
0.797283   0.398688
0.589579   0.395455
1.18691   0.298398
0.393679   0.393181
0.392879   0.203471
0.588637   0.301359
0.894935   0.297197
0.787266   0.296857
0.683029   0.199512
0.89253   0.497261
0.975008   0.400503
1.59535   0.293915
0.396429   0.396331
1.18759   0.197941
0.495516   0.495418
1.08239   0.503177
0.593778   0.299702
1.27625   0.195251
0.681424   0.408298
0.401883   0.197167
0.881084   0.39832
0.988416   0.297889
1.07905   0.395184
0.984507   0.304853
0.496575   0.196764
0.585286   0.395942
0.486405   0.198271
0.592949   0.298228
0.388659   0.296901
0.78554   0.294613
0.494127   0.196165
