Tamanho    Peso
1711  56696
1701  56913
1723  56628
1702  56430
1706  56762
1709  56604
1712  56512
1708  56777
1702  56834
1698  56336
1693  56322
1721  56740
1707  56765
1695  56438
1708  56616
1708  56418
1706  56540
1712  56531
1703  56300
1707  57011
1707  56229
1701  56258
1711  56688
1702  56459
1702  57222
1709  56741
1707  56288
1707  56787
1701  56363
1702  56683
1691  56423
1685  56512
1705  56765
1706  57099
1717  56604
1709  56919
1707  56754
1714  56607
1696  56616
1692  56303
1696  56466
1709  57031
1718  56351
1699  56176
1711  56761
1713  56346
1704  56717
1721  56590
1701  56561
1706  56640

Time taken: 232
