Tamanho    Peso
1696  55870
1692  55740
1685  55511
1711  56005
1700  55743
1692  55834
1695  55904
1693  55879
1711  56094
1700  55833
1690  55654
1683  55766
1689  55648
1715  56159
1692  55868
1680  55551
1698  56004
1687  55697
1709  55921
1702  55997
1688  55555
1682  55661
1686  55783
1704  56116
1696  55918
1687  55777
1697  55850
1689  55734
1703  56026
1701  55997
1695  55750
1694  55714
1687  55857
1710  56185
1692  55655
1693  55697
1696  56013
1697  55891
1706  56024
1701  55936
1693  55722
1691  55788
1690  55719
1710  56078
1691  55769
1687  55718
1696  56023
1693  55832
1707  56145
1696  55920

Time taken: 98
