Tamanho    Peso
125  4841
106  4225
114  4475
130  5093
146  5446
115  4554
98  3962
104  4238
114  4780
128  5026
98  3974
122  4877
108  4273
120  4728
105  4089
113  4411
110  4200
118  4409
119  4856
119  4970
102  3850
91  3728
111  4566
111  4120
123  4720
105  3844
127  4629
114  4552
126  5001
130  5163
134  5380
113  4612
99  3887
114  4375
116  4637
121  4675
108  4523
113  4579
144  5773
117  4575
148  5746
119  4746
120  4639
118  4545
121  4976
131  5039
117  4602
117  4393
115  4700
93  3625

Time taken: 197
