55;7;690 703 1134 1300 1518 1761 2032 2506 2650 2784 2795 3197 3420 3885 3900 3907 3939 4220 4479 4506 4530 4803 4804 5339 5419 5592 6008 6028 6104 6121 6140 6153 6164 6534 6826 7545 7581 7612 7657 8113 8180 8244 8337 8456 8558 8761 8910 8968 9404 9546 9698 9889 9894 9969 10239
56;7;703 1134 1300 1518 1761 2032 2506 2650 2784 2795 3197 3420 3900 3907 3939 4220 4479 4506 4530 4803 4804 5339 5419 5592 6008 6028 6104 6121 6140 6153 6164 6534 6752 6826 7545 7581 7612 7657 8113 8180 8244 8337 8456 8558 8761 8858 8862 8910 8968 9404 9546 9698 9889 9894 9969 10239
56;7;455 703 1134 1300 1407 1518 1761 2032 2506 2650 2784 2795 3197 3420 3900 3907 3939 4220 4479 4506 4530 4649 4803 4804 5339 5419 5592 6008 6028 6104 6121 6140 6153 6164 6534 6826 7545 7581 7612 7657 8113 8180 8244 8337 8456 8558 8761 8910 8968 9404 9546 9698 9889 9894 9969 10239
56;7;455 703 1134 1300 1407 1518 1761 2032 2506 2650 2784 2795 3197 3420 3900 3907 3939 4220 4479 4506 4530 4803 4804 5339 5419 5592 6008 6028 6104 6121 6140 6153 6164 6534 6826 7545 7581 7612 7657 8113 8180 8244 8337 8456 8558 8761 8858 8910 8968 9404 9546 9698 9889 9894 9969 10239
56;7;703 1134 1300 1518 1761 2032 2506 2650 2784 2795 2986 3197 3420 3900 3907 3939 4220 4479 4506 4530 4803 4804 5339 5419 5592 6008 6028 6104 6121 6140 6153 6164 6534 6826 7545 7581 7612 7657 8113 8180 8244 8337 8456 8558 8761 8858 8910 8968 9404 9464 9546 9698 9889 9894 9969 10239
57;7;455 703 1134 1300 1407 1518 1761 2032 2506 2650 2784 2795 3197 3406 3420 3900 3907 3939 4220 4479 4506 4530 4803 4804 5339 5419 5592 6008 6028 6097 6104 6121 6140 6153 6164 6534 6826 7545 7581 7612 7657 8113 8180 8244 8337 8456 8558 8761 8910 8968 9404 9546 9698 9889 9894 9969 10239
57;7;455 703 1134 1300 1407 1518 1761 2032 2506 2650 2784 2795 2986 3197 3420 3900 3907 3939 4220 4479 4506 4530 4803 4804 5339 5419 5592 6008 6028 6104 6121 6140 6153 6164 6534 6826 7545 7581 7612 7657 8113 8180 8244 8337 8456 8558 8761 8910 8968 9404 9464 9546 9698 9889 9894 9969 10239
59;7;703 1134 1300 1518 1761 2032 2506 2650 2784 2795 3197 3420 3900 3907 3939 4220 4479 4506 4530 4803 4804 4927 5339 5419 5592 6008 6028 6104 6121 6140 6153 6164 6534 6826 7545 7581 7612 7657 8113 8180 8244 8337 8456 8558 8761 8858 8910 8968 9404 9412 9546 9698 9889 9894 9969 9977 10221 10239 10264
59;7;455 703 1134 1300 1407 1518 1761 2032 2506 2650 2784 2795 3197 3420 3900 3907 3939 4220 4479 4506 4530 4803 4804 4927 5339 5419 5592 6008 6028 6104 6121 6140 6153 6164 6534 6826 7545 7581 7612 7657 8113 8180 8244 8337 8456 8558 8761 8910 8968 9404 9412 9546 9698 9889 9894 9969 10221 10239 10264
59;7;703 1134 1300 1518 1761 2032 2506 2650 2784 2795 2986 3197 3420 3900 3907 3939 4220 4479 4506 4530 4803 4804 4927 5339 5419 5592 6008 6028 6104 6121 6140 6153 6164 6534 6826 7545 7581 7612 7657 8113 8180 8244 8337 8456 8558 8761 8910 8968 9404 9412 9464 9546 9698 9889 9894 9969 10221 10239 10264
