Tamanho    Peso
1115  34703
1092  35002
1100  34778
1091  35326
1099  35068
1103  35021
1099  35132
1099  34940
1105  34876
1106  34793
1101  34589
1105  34953
1102  35066
1102  34798
1108  35101
1101  34848
1105  34852
1100  34995
1101  34908
1096  34913
1098  34970
1102  34821
1094  35151
1096  34949
1097  34603
1101  34974
1095  34886
1093  34845
1105  34828
1101  35214
1095  34775
1093  35027
1104  34885
1101  35197
1094  34857
1106  34796
1095  34833
1093  34963
1095  34971
1101  34947
1093  35268
1094  35313
1103  35017
1110  35061
1102  34795
1100  34682
1096  34827
1099  34957
1103  34959
1095  35179

Time taken: 57
