Tamanho    Peso
120  4679
111  4551
116  4564
110  4432
116  4615
114  4525
115  4236
131  5086
110  4262
126  5045
131  4590
110  4248
104  4098
121  4689
124  4591
123  4660
119  4780
119  4476
112  4257
114  4525
123  4501
113  4359
98  4190
113  4461
123  4929
129  4774
109  4428
136  5299
132  5030
114  4430
107  4196
120  4556
144  5445
120  4593
114  4576
118  4664
122  4736
122  4719
109  4179
123  4734
107  4275
104  4291
111  4186
129  5021
101  3892
124  4860
114  4511
108  4370
108  4227
126  4822

Time taken: 194
