40;7;242 1300 1518 2032 2650 2795 3197 3406 3420 3907 3939 4220 4479 4530 4803 4804 4927 5339 5419 5592 6008 6104 6140 6153 6164 6826 7545 7581 7612 8113 8154 8456 8558 8761 8910 9404 9546 9889 9969 10239
40;7;1300 1518 2032 2650 2795 3197 3406 3420 3907 3939 4220 4479 4530 4803 4804 4927 5339 5419 5592 6008 6104 6140 6153 6164 6826 7545 7581 7612 8113 8154 8337 8456 8558 8761 8910 9404 9546 9889 9969 10239
40;7;1300 1518 2032 2650 2795 3197 3406 3420 3885 3907 3939 4220 4479 4530 4803 4804 4927 5339 5419 5592 6008 6104 6140 6153 6164 6826 7545 7581 7612 8113 8154 8456 8558 8761 8910 9404 9546 9889 9969 10239
42;7;1300 1518 2032 2650 2795 3197 3406 3420 3907 3939 4220 4479 4506 4530 4803 4804 4927 5339 5419 5592 6008 6104 6121 6140 6153 6164 6826 7545 7581 7612 8113 8154 8456 8558 8761 8858 8910 9404 9546 9889 9969 10239
43;7;1134 1300 1761 2032 2506 3197 3406 3420 3900 3907 3939 4220 4479 4506 4530 4803 4804 4927 5339 5419 5592 6008 6028 6104 6121 6140 6153 6164 6826 7612 8113 8154 8244 8456 8558 8761 8858 8910 8968 9546 9889 9969 10239
43;7;1300 1518 2032 2650 2795 3197 3406 3420 3900 3907 3939 4220 4479 4530 4804 4927 5339 5419 5592 6008 6028 6104 6140 6153 6164 6826 7545 7612 7657 8113 8154 8244 8337 8456 8558 8761 8910 8968 9404 9546 9698 9969 10239
43;7;242 1300 1518 2032 2650 2795 3197 3406 3420 3900 3907 3939 4220 4479 4530 4804 4927 5339 5419 5592 6008 6028 6104 6140 6153 6164 6826 7545 7612 7657 8113 8154 8244 8456 8558 8761 8910 8968 9404 9546 9698 9969 10239
43;7;1300 1518 2032 2650 2795 3197 3406 3420 3885 3900 3907 3939 4220 4479 4530 4804 4927 5339 5419 5592 6008 6028 6104 6140 6153 6164 6826 7545 7612 7657 8113 8154 8244 8456 8558 8761 8910 8968 9404 9546 9698 9969 10239
44;7;1300 1518 1761 2032 2650 2795 3197 3406 3420 3900 3907 3939 4220 4479 4530 4804 4927 5339 5419 5592 6008 6028 6104 6140 6153 6164 6826 7545 7612 7657 8113 8154 8244 8456 8558 8761 8858 8910 8968 9404 9546 9698 9969 10239
48;7;1134 1300 1518 2032 2506 2650 2795 3197 3406 3420 3900 3907 3939 4220 4479 4530 4803 4804 4927 5339 5419 5592 6008 6028 6104 6140 6153 6164 6826 7545 7581 7612 7657 8113 8154 8244 8456 8558 8761 8910 8968 9404 9546 9698 9889 9894 9969 10239
