Tamanho    Peso
1105  34752
1109  34794
1098  34839
1103  34412
1102  34702
1111  34786
1093  34508
1090  34632
1098  34571
1100  34787
1084  34723
1110  34739
1104  34758
1100  34584
1106  34598
1107  34563
1103  34663
1087  34653
1115  34796
1094  34827
1098  34613
1095  34431
1096  34598
1101  34543
1090  34740
1106  34748
1094  34668
1106  34824
1115  34744
1096  34591
1103  34607
1097  34541
1095  34736
1107  34694
1107  34678
1103  34836
1095  34666
1106  34821
1111  34849
1112  34763
1086  34629
1103  34668
1100  34757
1088  34417
1101  34871
1098  34697
1087  34595
1101  34677
1090  34564
1111  34726

Time taken: 28
