***********CONSTRUÇÃO**************
ANTES | DEPOIS
0.407557   0.245568
0.406522   0.244188
0.409366   0.243863
0.406463   0.235643
0.409563   0.23918
0.406987   0.241232
0.408036   0.23361
0.407968   0.234041
0.407388   0.239489
0.405581   0.238523
0.408416   0.24378
0.407242   0.243875
0.406492   0.243766
0.409634   0.23601
0.409342   0.23796
0.406033   0.241312
0.407283   0.234486
0.405098   0.233497
0.407714   0.239792
0.407264   0.237531
0.409349   0.245195
0.40812   0.244715
0.407605   0.244625
0.408361   0.235315
0.409595   0.238363
0.408246   0.239047
0.40725   0.233588
0.408176   0.234134
0.408322   0.240887
0.407772   0.237472
0.406584   0.243495
0.408483   0.244091
0.409312   0.244246
0.408062   0.235952
0.406493   0.238345
0.406888   0.241301
0.407289   0.2347
0.407612   0.232412
0.408194   0.239058
0.407437   0.238134
0.409237   0.245099
0.409   0.24288
0.406534   0.244097
0.407506   0.235873
0.407224   0.238411
0.40971   0.239995
0.404706   0.233603
0.408164   0.235275
0.409192   0.240277
0.405952   0.238648
***********BUSCA LOCAL**************
ANTES | DEPOIS
0.798763   0.401907
1.00414   0.399789
0.609784   0.403556
0.596541   0.305788
0.602024   0.198787
1.10793   0.198743
1.10553   0.306445
0.608024   0.297587
1.003   0.405146
0.807246   0.295046
0.913077   0.399892
0.595631   0.198343
0.80991   0.397413
0.898157   0.295697
0.498036   0.304468
0.799898   0.303923
0.601971   0.198886
0.999534   0.297235
0.504737   0.197439
0.697253   0.307133
0.998795   0.299989
0.703381   0.302172
0.604637   0.295877
0.714917   0.197813
0.898417   0.495396
1.10288   0.199156
0.999006   0.297978
1.00659   0.197041
0.801415   0.200759
0.700332   0.29877
0.997266   0.606116
0.595242   0.304843
0.699013   0.405469
0.79691   0.196723
1.31477   0.197721
0.603675   0.297823
0.700087   0.299381
0.700898   0.199685
0.494281   0.202961
0.898444   0.204927
0.491133   0.491798
0.598562   0.402968
0.994194   0.495087
0.8017   0.395827
0.493979   0.199783
0.799401   0.30104
0.792565   0.299751
0.901831   0.303179
0.396415   0.394121
0.898243   0.196768
