Tamanho    Peso
1036  33760
1042  33231
1037  33170
1036  33292
1028  33554
1028  33477
1029  33242
1036  33311
1032  33297
1034  33305
1049  33842
1027  33278
1033  33306
1030  33367
1042  33751
1034  33605
1033  33244
1030  33444
1034  33476
1038  33425
1036  33281
1037  33411
1042  33291
1034  33756
1036  33664
1028  33561
1035  33413
1025  33484
1039  33338
1032  33206
1038  33119
1030  33265
1037  33230
1031  33532
1029  33509
1041  33308
1036  33334
1040  33685
1029  33361
1037  33438
1039  33652
1033  33267
1034  33305
1034  33489
1043  33522
1027  33266
1040  33444
1044  33328
1021  33122
1033  33186

Time taken: 59
