***********CONSTRUÇÃO**************
ANTES | DEPOIS
0.471048   0.290242
0.471522   0.28698
0.468798   0.285964
0.471688   0.283281
0.469612   0.289383
0.469678   0.284469
0.471013   0.287138
0.470419   0.287847
0.471644   0.28746
0.469871   0.285366
0.470501   0.287838
0.470252   0.286988
0.468863   0.286546
0.469834   0.283243
0.469975   0.288938
0.471388   0.285297
0.470243   0.287178
0.472842   0.28828
0.469252   0.287267
0.468857   0.286618
0.471669   0.286965
0.469972   0.28628
0.470712   0.28627
0.471259   0.283424
0.471596   0.29008
0.471772   0.285208
0.469055   0.286349
0.469944   0.28692
0.472423   0.287242
0.471   0.285878
0.472212   0.286814
0.467679   0.286322
0.470809   0.286517
0.470885   0.283661
0.471479   0.289198
0.47137   0.285003
0.472311   0.286638
0.470701   0.287763
0.471143   0.287528
0.469698   0.28563
0.471408   0.286416
0.471569   0.28764
0.470013   0.286203
0.471531   0.283508
0.470367   0.289533
0.470073   0.284932
0.470565   0.287515
0.470005   0.286292
0.471413   0.287033
0.471377   0.285476
***********BUSCA LOCAL**************
ANTES | DEPOIS
0.483081   0.249464
0.858546   0.248458
0.606848   0.49327
0.729678   0.247955
0.493483   0.250259
0.369185   0.245693
0.72635   0.242657
1.21529   0.501019
0.60813   0.492574
0.96211   0.240098
0.36762   0.248483
0.607268   0.248107
1.22372   0.496864
0.490049   0.248133
0.487181   0.371279
0.724674   0.491207
1.10517   0.24897
0.491216   0.245873
0.612685   0.247345
0.607882   0.246826
0.608509   0.246172
0.495143   0.241427
0.733567   0.245886
0.48493   0.245918
0.364064   0.498678
0.487131   0.25094
0.60975   0.251704
0.361495   0.367321
0.854138   0.248737
0.854698   0.37198
0.979464   0.241998
0.610084   0.374603
1.23367   0.246827
0.36256   0.242429
0.622802   0.256169
0.732083   0.247681
0.85548   0.503239
0.486684   0.492589
0.850788   0.250323
0.8499   0.24393
0.365934   0.239861
1.34665   0.243482
0.734938   0.496405
0.361848   0.250287
0.492088   0.494018
1.34439   0.241365
0.732131   0.243471
0.854491   0.246002
0.728753   0.24727
0.730288   0.248116
