***********CONSTRUÇÃO**************
ANTES | DEPOIS
1.71927   1.68074
1.72269   1.67716
1.7226   1.66197
1.72757   1.65991
1.7212   1.66976
1.71656   1.67043
1.71897   1.66657
1.72706   1.65553
1.72716   1.67439
1.70918   1.67104
1.71939   1.67007
1.72764   1.6797
1.72437   1.66301
1.72154   1.66612
1.72626   1.67069
1.71842   1.67511
1.72795   1.66889
1.72981   1.66745
1.71698   1.67364
1.7226   1.66436
1.71239   1.66836
1.72393   1.67085
1.72147   1.66573
1.7272   1.67
1.71943   1.67073
1.72264   1.67358
1.71861   1.68031
1.72189   1.66349
1.71758   1.66827
1.71623   1.66995
1.7212   1.67483
1.72758   1.67654
1.72186   1.66994
1.72374   1.67197
1.71501   1.67162
1.71985   1.67578
1.71469   1.67411
1.7207   1.66641
1.72294   1.6784
1.72477   1.6664
1.71147   1.67394
1.72682   1.67214
1.71634   1.67242
1.72872   1.66698
1.71952   1.66544
1.7267   1.67002
1.72284   1.66758
1.72053   1.66739
1.71967   1.66566
1.71352   1.66954
***********BUSCA LOCAL**************
ANTES | DEPOIS
1.64507   1.59937
2.20693   1.56783
1.63952   1.57165
2.28793   1.57136
1.625   3.37065
1.69209   2.68994
1.66414   1.60028
1.65992   1.60268
2.17258   1.52582
1.67727   1.56312
1.58314   2.03703
1.59634   1.5661
1.64702   1.58368
1.62138   1.61807
1.53552   2.82751
1.60649   1.6119
1.71013   3.33585
2.23808   2.10401
1.6913   1.61348
4.01268   1.54516
2.6626   1.55709
1.58591   2.15602
1.63966   2.12456
1.54268   2.07744
1.58507   3.31062
1.62615   1.71679
1.59342   1.66697
1.59916   1.55032
1.65527   1.62896
3.3393   1.63228
2.14276   1.52707
1.57853   2.06593
2.20737   1.67228
1.71228   1.60911
1.58163   1.94768
2.19964   1.61452
2.25989   1.61617
1.62268   1.53192
3.96846   1.56659
1.61267   1.67369
2.18375   2.05749
1.65778   2.67663
1.58183   1.65254
1.64442   1.6629
2.20193   1.59223
1.65505   2.24517
3.86699   2.27245
5.08055   1.64733
1.70122   1.64816
1.60864   2.01688
