Tamanho    Peso
101  4205
103  3912
93  3832
104  4297
112  4501
92  3353
94  3666
97  4276
105  4041
99  3795
89  3189
99  3801
99  3868
102  3890
119  4635
101  4130
107  4127
93  3595
95  3849
95  3967
101  3862
84  3321
91  3742
84  2997
83  3322
111  4455
117  4680
98  3730
121  4352
97  3873
98  3829
85  3562
127  4824
97  3735
84  3354
97  4064
103  4217
101  4114
95  3709
113  4586
85  3390
91  3283
116  4583
99  4134
93  4194
109  4065
110  4456
94  3713
110  4395
84  3063

Time taken: 178
