123 211 269 372 614 621 866 967 1008 1059 1149 1205 1247 1343 1395 1438 1453 1461 1463 1741 1785 1803 1831 2066 2168 2235 2282 2329 2452 2774 3055 3162 3177 3647 3825 3842 3992 4023 4035 4671 4732 4969 4977 5050 5082 5097 5109 5162 5252 5624 5633 5951 6004 6019 6211 6583 6638 6647 6949 6985 7058 7132 7189 7234 7283 7323 7377 7399 7412 7458 7692 7728 7826 7883 7926 8182 8521 8558 8654 8726 8749 8957 8982 9031 9034 9639 9719 9857 9914 10171 10191 10298 
123 273 372 402 476 595 614 621 866 967 1008 1059 1135 1149 1157 1205 1273 1453 1463 1544 1773 1831 1862 2142 2168 2282 2368 2452 2665 2774 3177 3249 3509 3647 3825 3842 3992 4023 4035 4193 4368 4509 4671 4732 4977 5050 5082 5097 5109 5162 5361 5624 5633 5790 5951 6211 6274 6541 6583 6638 6647 6985 7058 7132 7234 7283 7323 7377 7399 7412 7458 7778 7908 7926 8094 8247 8521 8558 8695 8749 8928 8957 8982 9131 9479 9541 9639 9719 9857 9964 10045 10171 10191 10298 
123 211 372 402 595 614 621 689 866 967 990 1008 1059 1149 1157 1205 1247 1343 1395 1453 1463 1544 1773 1785 1831 2142 2168 2282 2329 2368 2452 2774 3162 3249 3504 3622 3825 3842 3992 4023 4193 4368 4509 4671 4732 4760 4969 4977 5082 5109 5162 5419 5624 5633 5748 5951 6211 6274 6502 6583 6586 6638 6647 6979 6985 7058 7132 7234 7283 7323 7458 7692 7843 7908 8091 8094 8182 8247 8301 8521 8558 8578 8695 8726 8749 8957 9131 9541 9597 9603 9639 9719 9857 10191 10298 
123 167 211 319 621 866 967 990 1008 1059 1205 1343 1453 1463 1773 1785 1803 1831 2168 2235 2282 2452 3249 3509 3622 3825 3842 3992 4023 4035 4193 4368 4509 4671 4732 4977 5082 5097 5109 5111 5162 5252 5361 5624 5633 5790 5951 6019 6211 6274 6583 6586 6949 6985 7058 7107 7132 7179 7323 7377 7399 7412 7458 7778 7826 7843 7908 7926 8023 8094 8521 8558 8578 8726 8749 8928 8957 8982 9034 9329 9639 9719 9854 9857 9914 9936 10191 10298 
123 269 372 402 614 621 689 866 967 990 1008 1059 1205 1247 1273 1395 1453 1463 1544 1803 1831 2142 2168 2282 2382 2452 2774 3055 3162 3249 3622 3825 3842 3992 4023 4035 4509 4671 4977 5082 5097 5109 5162 5624 5633 5748 5776 5790 5951 6211 6274 6502 6541 6583 6638 6949 6985 7058 7132 7234 7283 7323 7399 7412 7458 7692 7843 7908 7926 8023 8091 8182 8521 8558 8578 8695 8749 8928 8957 9031 9131 9541 9639 9719 9857 9936 10171 10191 10298 
123 167 211 319 330 614 621 675 689 866 967 1008 1059 1135 1149 1157 1170 1343 1395 1453 1463 1544 1773 1831 1862 2142 2168 2282 2329 2382 2452 2688 3055 3249 3509 3544 3622 3825 3992 4023 4035 4193 4509 4671 4969 5082 5097 5109 5419 5540 5624 5633 5748 5776 5951 6019 6211 6454 6502 6583 6638 6949 7058 7132 7234 7283 7323 7377 7399 7412 7458 7692 7718 7778 7826 7908 7926 8091 8195 8373 8695 8749 9031 9051 9471 9639 9719 9857 9914 10045 10171 10250 10287 
123 211 330 372 402 446 595 621 866 967 990 1008 1059 1135 1157 1247 1273 1438 1453 1463 1544 1773 1785 1831 1862 2142 2168 2282 2368 2452 2627 2688 2774 3177 3249 3509 3647 3825 3842 3992 4035 4368 4671 4732 4802 5050 5082 5097 5109 5111 5162 5540 5624 5633 5790 5951 6019 6211 6274 6502 6583 6586 6638 6647 7058 7179 7323 7412 7458 7692 7908 7926 8023 8091 8182 8247 8373 8558 8578 8695 8749 8928 9329 9479 9639 9719 9857 9914 9922 10171 10250 10298 
123 372 593 614 621 689 866 967 990 1008 1059 1149 1157 1205 1247 1453 1463 1741 1831 1862 2168 2235 2282 2329 2452 3055 3177 3249 3509 3647 3825 3992 4023 4193 4368 4509 4671 4732 4760 4802 4977 5082 5097 5109 5162 5419 5624 5633 5951 6004 6211 6454 6502 6541 6583 6638 6949 6985 7058 7132 7234 7283 7323 7399 7412 7458 7692 7908 7926 8094 8373 8558 8695 8726 8749 8928 8957 9131 9479 9541 9597 9617 9639 9719 9857 9963 9964 10191 10250 
123 273 330 372 402 446 537 614 621 866 967 1008 1059 1205 1247 1343 1438 1453 1461 1463 1741 1773 1785 1831 2168 2235 2282 2329 2452 2774 3177 3249 3509 3544 3647 3738 3825 3858 3992 4368 4671 4732 4760 4969 4977 5082 5097 5109 5111 5132 5162 5361 5540 5624 5633 5790 5899 5951 6211 6454 6541 6583 6586 6638 6647 6949 7058 7132 7234 7283 7323 7412 7458 7908 8023 8091 8094 8475 8521 8558 8726 8749 8957 8982 9034 9051 9131 9541 9603 9639 9719 9854 9857 9914 10171 10191 10250 
123 154 167 330 372 476 537 614 621 689 866 967 1008 1059 1135 1149 1205 1247 1438 1453 1461 1463 1785 1803 1831 1862 2066 2142 2168 2282 2329 2368 2452 2575 2627 2688 3162 3177 3249 3504 3509 3647 3825 3842 3992 4023 4368 4671 4732 4760 4802 4969 5082 5109 5162 5540 5624 5633 5790 5951 6019 6211 6229 6446 6502 6541 6583 6638 6647 7058 7283 7323 7399 7412 7458 7908 7926 8091 8182 8247 8439 8521 8558 8695 8726 8749 8957 9095 9131 9597 9617 9639 9719 9741 9857 9914 10171 10191 10298 
