Tamanho    Peso
1063  34844
1069  34972
1068  34954
1063  34759
1066  34936
1071  34886
1060  34904
1070  34871
1062  34996
1060  34897
1059  34893
1059  34851
1068  34795
1070  34932
1063  34916
1066  34948
1059  34789
1066  34763
1065  34900
1061  34974
1060  34923
1055  34744
1063  34971
1075  34759
1065  35020
1064  35032
1064  34914
1067  34869
1068  34911
1066  34889
1062  34921
1065  34864
1064  34892
1067  34901
1070  34933
1069  35021
1063  34938
1062  34760
1061  34922
1061  34925
1063  34891
1065  34812
1062  34946
1064  34890
1068  34957
1063  34868
1065  34927
1064  34721
1059  34971
1053  34882

Time taken: 23
