Tamanho    Peso
1724  56467
1724  56642
1718  56217
1725  56518
1731  56399
1722  56474
1730  56532
1714  56384
1732  56672
1730  56561
1727  56511
1733  56453
1730  56712
1729  56478
1731  56285
1714  56528
1716  56298
1727  56452
1728  56688
1719  56247
1729  56603
1727  56467
1719  56349
1740  56621
1731  56336
1725  56496
1716  56417
1732  56440
1731  56685
1723  56433
1732  56840
1713  56431
1728  56485
1733  56393
1731  56362
1733  56498
1734  56536
1727  56449
1722  56480
1722  56476
1714  56148
1722  56613
1726  56491
1733  56544
1728  56517
1729  56601
1724  56471
1732  56257
1729  56711
1714  56312

Time taken: 111
