Tamanho    Peso
321  7560
321  7721
251  7334
243  7035
316  7730
319  7782
258  7290
310  7722
257  7201
264  7122
254  7102
321  7541
319  7702
318  7686
255  7557
271  7603
318  7577
243  7082
325  7888
252  7141
319  7800
277  7665
316  7532
253  7240
258  7389
260  7405
315  7526
313  7901
313  7701
262  7165
270  7758
244  6952
321  7558
264  7364
315  7587
318  7667
317  7791
312  7691
277  7421
311  7738
314  7719
264  7754
255  7477
317  7654
316  7606
318  7858
320  7596
266  7538
317  7665
268  7574

Time taken: 20
