***********CONSTRUÇÃO**************
ANTES | DEPOIS
0.24105   0.203163
0.24169   0.192883
0.243488   0.198651
0.243179   0.193848
0.243298   0.197106
0.24191   0.194546
0.240182   0.189769
0.240911   0.198556
0.244168   0.199295
0.240468   0.199698
0.242718   0.19456
0.242867   0.190134
0.242585   0.195805
0.243455   0.191324
0.241486   0.196838
0.241211   0.196239
0.243171   0.189994
0.239936   0.199441
0.243444   0.197106
0.241577   0.200324
0.241667   0.194378
0.240136   0.193161
0.240647   0.196065
0.240292   0.193442
0.241723   0.198631
0.241743   0.195925
0.244112   0.190289
0.240475   0.197892
0.236986   0.196104
0.24165   0.198577
0.242981   0.196421
0.240942   0.190368
0.241604   0.197656
0.245959   0.19208
0.241716   0.197186
0.242145   0.195443
0.242613   0.190405
0.240125   0.199686
0.23932   0.195039
0.240872   0.1971
0.240597   0.197054
0.241015   0.190603
0.242308   0.195479
0.240426   0.192537
0.240956   0.197146
0.242839   0.195092
0.241146   0.19057
0.242415   0.199078
0.242719   0.197855
0.243532   0.196662
***********BUSCA LOCAL**************
ANTES | DEPOIS
0.123268   0.128871
0.111076   0.547525
0.194053   0.343053
0.18758   0.395874
0.12166   0.3471
0.124158   0.267909
0.239639   0.188825
0.123178   0.408018
0.182907   0.338363
0.187807   0.201338
0.228012   0.207332
0.113586   0.197676
0.122781   0.475507
0.126564   0.198051
0.186114   0.211236
0.236232   0.276726
0.120136   0.27071
0.236898   0.272698
0.116938   0.266406
0.233134   0.200865
0.119494   0.339814
0.252736   0.193392
0.108   0.200153
0.241224   0.194833
0.18776   0.336425
0.188712   0.268556
0.11758   0.251845
0.125634   0.47926
0.114767   0.207776
0.238   0.342973
0.177273   0.273816
0.233165   0.19006
0.101396   0.541748
0.181392   0.208806
0.106091   0.27907
0.122542   0.273983
0.122562   0.199161
0.112738   0.203736
0.25299   0.211766
0.118185   0.34503
0.112143   0.20747
0.182826   0.276739
0.229542   0.274737
0.113814   0.19583
0.115591   0.195723
0.114692   0.130827
0.112885   0.190955
0.263426   0.207449
0.09839   0.203241
0.246651   0.272808
