Tamanho    Peso
1066  35405
1056  35431
1058  35403
1058  35480
1060  35393
1053  35365
1060  35380
1059  35458
1058  35454
1054  35367
1066  35422
1057  35471
1062  35470
1059  35495
1058  35443
1054  35416
1060  35407
1059  35417
1058  35441
1054  35423
1063  35353
1054  35363
1066  35405
1058  35400
1058  35446
1054  35296
1061  35380
1061  35430
1062  35491
1054  35402
1065  35386
1057  35413
1061  35449
1057  35415
1059  35191
1054  35379
1063  35398
1062  35442
1057  35478
1055  35369
1067  35396
1059  35304
1068  35405
1062  35471
1057  35375
1052  35391
1056  35204
1058  35480
1060  35537
1058  35399

Time taken: 26
