***********CONSTRUÇÃO**************
ANTES | DEPOIS
0.471681   0.276326
0.47229   0.273393
0.471087   0.275248
0.471353   0.273559
0.469957   0.274493
0.470457   0.272207
0.471264   0.271495
0.472062   0.272539
0.472686   0.273639
0.473188   0.271461
0.469901   0.273586
0.47168   0.273433
0.470931   0.275367
0.472665   0.27428
0.470764   0.273795
0.469966   0.271858
0.472159   0.271324
0.469048   0.272799
0.471188   0.274035
0.471814   0.271281
0.471627   0.273054
0.471638   0.274397
0.47333   0.276724
0.471234   0.27455
0.470947   0.2739
0.470571   0.272813
0.472293   0.271213
0.47132   0.27289
0.470196   0.274268
0.471231   0.270946
0.47167   0.273074
0.471069   0.274046
0.472   0.276178
0.472738   0.274874
0.470237   0.27429
0.471666   0.272048
0.470574   0.271731
0.471794   0.272652
0.470297   0.273687
0.471329   0.27236
0.470908   0.273776
0.470751   0.275058
0.472275   0.275847
0.469991   0.274642
0.469808   0.274574
0.469868   0.272282
0.471133   0.270871
0.471434   0.273196
0.471441   0.27329
0.470785   0.271472
***********BUSCA LOCAL**************
ANTES | DEPOIS
0.615767   0.245222
1.09194   0.367978
0.720398   0.248867
1.33558   0.250415
0.726441   0.249677
0.599643   0.251247
0.477113   0.24535
1.09228   0.248622
0.480617   0.251796
0.848193   0.242391
0.837638   0.244358
0.598447   0.250271
0.477891   0.250465
0.853984   0.241355
1.09737   0.243892
0.731961   0.245121
1.70624   0.241782
0.47692   0.24687
0.966373   0.249468
0.739635   0.244661
1.09183   0.240674
0.848136   0.249779
0.477759   0.240893
1.09335   0.246442
0.724318   0.250161
0.838133   0.245907
0.479314   0.248239
0.488304   0.246266
0.96115   0.245927
0.603688   0.246049
0.851398   0.490892
0.481091   0.247071
0.848867   0.24069
0.475438   0.239801
0.605231   0.251442
0.610017   0.249321
0.980352   0.245381
0.96244   0.242805
1.08735   0.247419
0.604666   0.245141
0.613903   0.243793
0.846609   0.247509
0.979476   0.248165
0.478452   0.24198
0.603952   0.250751
0.843496   0.244739
1.34071   0.253625
0.596703   0.240889
1.08056   0.252254
0.972515   0.244859
