***********CONSTRUÇÃO**************
ANTES | DEPOIS
1.80979   1.65264
1.80574   1.66835
1.79554   1.662
1.80176   1.64436
1.80391   1.65979
1.80966   1.65585
1.80439   1.66089
1.7988   1.66141
1.80067   1.64758
1.81595   1.6597
1.79985   1.65523
1.80715   1.66238
1.81063   1.65871
1.80416   1.63702
1.79828   1.65914
1.80081   1.65603
1.80503   1.65822
1.79824   1.6577
1.80797   1.64964
1.80426   1.65872
1.80404   1.65798
1.80258   1.66519
1.80951   1.65625
1.80607   1.64359
1.80861   1.65939
1.80769   1.65876
1.80586   1.65682
1.80535   1.65792
1.8021   1.64687
1.80163   1.66321
1.8053   1.65851
1.80431   1.65992
1.80537   1.65724
1.79996   1.6406
1.80033   1.66704
1.79948   1.65536
1.80102   1.6602
1.80039   1.66463
1.80327   1.6465
1.80128   1.66638
1.80755   1.65747
1.80635   1.66131
1.80081   1.65884
1.80122   1.64672
1.80233   1.66182
1.81092   1.66207
1.80777   1.65515
1.80707   1.6563
1.80072   1.65118
1.80098   1.65837
***********BUSCA LOCAL**************
ANTES | DEPOIS
1.2163   1.84097
2.37312   1.84524
1.2049   2.41344
2.41444   2.43764
1.76487   2.4452
1.79144   2.41752
1.21015   3.62044
1.19324   1.82901
1.20747   2.4377
1.71229   3.03093
1.21268   1.81464
2.37397   1.81514
2.41832   1.83116
1.19469   2.44182
2.39193   3.0511
1.18945   1.82418
1.19719   2.43162
1.78617   2.40549
1.21773   1.81472
1.7895   2.42775
1.18881   2.40437
1.2016   2.44954
1.18949   3.05299
1.79733   1.85511
1.17604   2.42869
1.77519   2.40664
2.37845   3.66261
2.3884   2.44387
2.36553   1.23438
1.201   1.8239
1.21137   3.0033
1.20048   1.83918
1.18852   3.65168
1.20502   1.81333
1.81157   2.40849
2.37912   3.07264
1.20686   3.02771
1.20456   1.82671
1.8037   1.83726
1.21194   1.80221
1.19153   3.65481
2.35684   1.7633
1.79273   1.81287
1.17809   4.834
1.21083   1.79869
2.37993   2.43478
1.80221   2.3727
1.20432   2.41557
2.37077   1.79355
1.19994   1.8409
