Tamanho    Peso
1054  35928
1058  35942
1056  35814
1054  35885
1054  35771
1060  35915
1056  35873
1050  35820
1054  35734
1049  35833
1059  35820
1049  35758
1058  35835
1063  35921
1060  35914
1054  35915
1057  35896
1060  35953
1049  35867
1058  35951
1058  35913
1054  35909
1057  35870
1059  35882
1061  35956
1060  35934
1059  35851
1056  35884
1048  35797
1060  35907
1060  35915
1058  35870
1057  35806
1057  35860
1059  35954
1053  35814
1059  35795
1060  36009
1046  35786
1053  35795
1057  35857
1060  35862
1053  35798
1057  35891
1063  36098
1054  35855
1058  35927
1060  35908
1048  35749
1059  35734

Time taken: 21
