***********CONSTRUÇÃO**************
ANTES | DEPOIS
0.392179   0.207495
0.393619   0.203452
0.392553   0.201894
0.393055   0.20115
0.393792   0.204453
0.391091   0.204964
0.392012   0.203852
0.392556   0.199378
0.391866   0.197536
0.394062   0.202362
0.392359   0.205548
0.393956   0.203557
0.394856   0.203128
0.394999   0.202567
0.394918   0.204499
0.393376   0.20338
0.394304   0.203874
0.393049   0.200939
0.393955   0.196414
0.395257   0.201591
0.39307   0.205656
0.392493   0.204419
0.394227   0.202336
0.393896   0.201926
0.39234   0.204233
0.394166   0.205103
0.395642   0.204129
0.393175   0.199823
0.394839   0.196572
0.394258   0.201986
0.393306   0.205723
0.390648   0.203774
0.393375   0.202181
0.392089   0.201413
0.394418   0.205197
0.391647   0.20301
0.391591   0.204127
0.3943   0.200965
0.392662   0.196218
0.393322   0.20184
0.393761   0.205281
0.394788   0.204081
0.391886   0.201857
0.394603   0.201557
0.393203   0.203279
0.394289   0.204062
0.393355   0.204095
0.394713   0.201097
0.393287   0.196798
0.392974   0.20247
***********BUSCA LOCAL**************
ANTES | DEPOIS
0.576107   0.380575
0.477841   0.193774
1.05507   0.185204
0.862929   0.189413
0.574357   0.38447
0.858703   0.194866
0.560657   0.188769
1.33704   0.194296
1.15345   0.388027
1.05818   0.287863
0.756369   0.284802
0.66757   0.484189
0.384726   0.387364
1.04412   0.189868
0.286225   0.187678
0.567955   0.192219
0.474895   0.189686
0.382098   0.190593
0.64864   0.197916
0.476642   0.191357
0.759005   0.191001
0.858885   0.583241
0.757796   0.188477
0.475497   0.191391
0.764448   0.192292
0.666403   0.285792
0.569429   0.187392
1.03857   0.287374
1.61733   0.195494
0.377705   0.186944
0.579067   0.192856
1.14785   0.191585
1.06098   0.189739
0.853802   0.189088
0.660868   0.288606
0.759322   0.190108
0.665887   0.193641
0.671341   0.19007
0.767122   0.197727
0.765781   0.19305
0.477487   0.188432
0.571172   0.19072
1.04404   0.19586
1.05614   0.187248
0.568283   0.19427
0.764114   0.190397
0.665579   0.192109
0.290649   0.195265
0.669563   0.285319
0.762725   0.287646
