Tamanho    Peso
1670  54175
1665  54060
1671  54383
1663  54213
1672  54282
1660  54254
1669  54263
1661  54122
1666  54307
1665  54181
1662  54181
1661  54172
1670  54377
1665  54263
1672  54229
1657  54166
1667  54217
1655  54273
1669  54117
1669  54282
1655  54085
1663  54188
1669  54178
1665  54265
1660  54137
1666  54365
1666  54243
1660  54235
1666  54236
1676  54253
1664  53903
1661  54165
1668  54109
1669  54306
1672  54172
1655  54185
1670  54149
1657  54248
1670  54078
1663  54242
1671  54257
1666  54114
1673  54151
1667  54198
1668  54250
1654  54171
1668  54438
1669  54109
1670  54284
1668  54313

Time taken: 97
