Tamanho    Peso
281  9493
271  8762
254  8444
272  9043
273  8890
260  8338
276  8664
264  8795
279  9112
269  8634
265  9217
271  8815
252  8393
279  9235
277  9033
265  8338
269  8507
267  8813
269  8959
269  8655
264  9216
275  8910
252  8453
259  8648
276  8976
266  8286
275  8603
262  8771
281  9181
268  8593
266  8961
271  8869
250  8341
278  8997
277  8954
266  8467
275  8607
264  8694
279  9097
265  8730
285  9519
273  8902
246  8298
269  8995
274  9142
266  8468
273  8558
268  8755
281  9142
266  8590

Time taken: 15
