***********CONSTRUÇÃO**************
ANTES | DEPOIS
1.70157   1.57323
1.7003   1.5982
1.70619   1.60264
1.70291   1.41324
1.70636   1.60204
1.6986   1.61268
1.70632   1.54281
1.70789   1.60435
1.70382   1.5383
1.70013   1.42483
1.70459   1.56702
1.70304   1.60589
1.69805   1.59959
1.70409   1.41527
1.70333   1.59711
1.70121   1.60561
1.71248   1.54027
1.70341   1.6015
1.70095   1.52589
1.70341   1.42449
1.70193   1.56253
1.69811   1.60549
1.69837   1.60052
1.70401   1.41196
1.69717   1.60609
1.70547   1.60834
1.7046   1.54735
1.70535   1.60545
1.69966   1.5294
1.70327   1.42385
1.7045   1.56814
1.69753   1.60223
1.69916   1.60512
1.70742   1.41332
1.70042   1.6036
1.70262   1.60699
1.70901   1.54252
1.70864   1.59935
1.70066   1.53222
1.70054   1.42387
1.70621   1.57511
1.7042   1.59787
1.69693   1.59857
1.70693   1.41111
1.70007   1.60193
1.70896   1.60298
1.7006   1.5425
1.70291   1.59798
1.70737   1.52647
1.70564   1.42559
***********BUSCA LOCAL**************
ANTES | DEPOIS
4.26271   5.03825
2.14251   2.15597
2.63372   3.07501
1.5411   3.10369
1.53896   2.44355
1.63182   3.02981
2.57378   2.07288
1.57193   1.96741
1.50216   2.01283
1.51204   4.62167
1.47351   2.68798
1.52128   3.13567
2.4727   1.56846
2.13329   3.09082
1.61146   3.09711
3.65209   2.59341
2.53247   2.60612
1.98037   1.47815
1.49645   1.57491
3.09152   1.59441
4.0669   2.64506
2.05778   1.4503
2.11997   3.14586
1.68459   1.09825
5.3332   1.56913
2.03779   2.07338
2.61229   2.53584
2.58989   3.07287
3.53011   3.08049
2.04344   1.147
1.555   3.00151
1.58241   2.59123
2.54301   1.58727
2.14604   1.548
4.08746   4.19392
2.4936   1.52759
4.18976   2.67362
1.46608   1.45553
2.04927   2.48953
2.56183   1.53992
3.17694   2.11419
3.60446   1.51252
1.49397   2.54812
2.5264   1.13779
3.70562   2.60433
2.68524   1.98949
3.75604   2.15522
1.51215   2.50931
2.52319   2.62857
1.59516   3.129
