78 135 738 797 960 1442 1858 1874 1931 2071 2131 2358 2368 2405 2520 2639 2799 3029 3048 3060 3146 3261 3315 3356 3406 3414 3768 3805 3872 3879 3898 3907 3947 4312 4435 4472 4490 4574 4584 4819 5109 5126 5162 5226 5333 5462 5568 5815 6014 6141 6217 6273 6371 6395 6439 6592 6849 6852 6964 6982 7313 7425 7458 7587 8055 8085 8094 8262 8361 8536 8773 8878 9082 9104 9132 9597 9618 9649 9683 9765 9870 9884 9969 10069 10095 10143 10182 10214 10277 10279 
349 738 994 1442 1874 1931 2091 2131 2337 2358 2368 2412 2520 2639 2799 3146 3261 3315 3406 3414 3499 3682 3768 3805 3872 3879 3898 3947 4312 4421 4435 4996 5109 5126 5162 5333 5568 5970 6014 6371 6395 6439 6852 6964 6982 7396 7425 7458 7794 8059 8094 8262 8878 9082 9099 9132 9597 9683 9765 9969 10016 10045 10069 10214 10277 10279 
78 349 525 738 960 994 1442 1858 1874 1931 2131 2337 2358 2368 2379 2405 2520 2639 2781 3029 3048 3146 3315 3356 3406 3414 3499 3682 3768 3805 3872 3879 3898 3907 3947 4312 4435 4556 4584 4996 5109 5126 5162 5226 5333 5442 5462 5568 6014 6141 6273 6371 6395 6439 6473 6592 6849 6852 6964 6982 7313 7425 7458 7587 7794 8055 8094 8361 8773 8878 9082 9104 9132 9202 9215 9540 9597 9683 9765 9870 9884 9959 9969 10095 10143 10182 10214 10277 
78 135 738 960 1442 1502 1858 1874 1931 2091 2520 2639 2781 2799 3029 3146 3261 3315 3320 3406 3414 3768 3805 3872 3879 3898 3947 3978 4049 4294 4435 4584 4996 5442 5462 5781 6014 6217 6371 6396 6439 6473 6769 6849 6852 6982 7313 7425 7458 7794 8055 8059 8094 8764 8878 9082 9099 9104 9132 9215 9597 9618 9683 9765 9884 9959 9969 10016 10069 10095 10143 10214 10277 10279 
135 253 738 942 960 1442 1672 1931 2091 2131 2337 2339 2405 2520 2639 2799 3029 3060 3146 3261 3320 3406 3414 3744 3768 3805 3872 3879 3907 3947 4312 4435 4490 4819 5091 5109 5126 5226 5333 5442 5462 5568 6014 6217 6273 6371 6395 6396 6439 6769 6849 6852 6964 6982 7313 7396 7425 7458 7587 8055 8094 8361 8451 8878 9082 9104 9132 9597 9683 9751 9753 9765 9870 9884 9969 10016 10069 10095 10182 10214 10277 10279 
78 135 525 738 942 960 994 1442 1672 1858 1874 1931 2131 2358 2368 2405 2520 2639 3029 3146 3261 3356 3406 3414 3433 3682 3805 3872 3879 3898 3907 3947 4312 4421 4435 4490 4584 4819 5109 5126 5162 5226 6014 6141 6273 6371 6395 6439 6473 6592 6849 6852 6982 7300 7313 7425 7458 7587 7794 7941 8055 8094 8361 8764 8773 8878 9082 9104 9132 9202 9215 9597 9618 9683 9753 9765 9870 9884 9969 10069 10143 10182 10214 10277 
78 135 660 738 960 994 1442 1858 1931 2131 2337 2358 2368 2379 2405 2520 2781 2799 3029 3261 3406 3414 3682 3744 3872 3879 3907 3947 4312 4421 4435 4819 4959 4996 5109 5333 5442 5970 6014 6273 6371 6395 6439 6592 6852 6964 6982 7313 7425 7458 7587 7794 8094 8262 8336 8361 8773 8878 9082 9132 9202 9597 9649 9683 9765 9779 9870 9884 9969 10016 10182 10214 10277 
135 253 738 960 994 1110 1442 1874 1931 2131 2358 2368 2405 2520 2639 2799 3029 3060 3146 3261 3315 3356 3406 3414 3682 3805 3872 3879 3898 3907 3947 4312 4435 4472 4490 4819 5109 5126 5333 5462 6014 6273 6371 6395 6439 6592 6849 6852 6964 6982 7313 7396 7425 7458 7587 7941 8055 8094 8361 8602 8773 8878 9082 9104 9132 9597 9683 9765 9884 9969 10069 10095 10143 10214 10277 
78 135 349 660 738 797 960 1406 1442 1672 1858 1874 1931 2339 2368 2379 2405 2520 2799 3029 3146 3261 3315 3356 3406 3414 3433 3499 3682 3768 3805 3872 3879 3898 3947 3978 4049 4435 4584 4819 4996 5162 5333 5462 5568 5781 5815 5904 5970 6014 6273 6371 6396 6439 6852 6982 7313 7425 7458 7794 8055 8094 8262 8361 8451 8764 8878 9082 9099 9132 9597 9683 9753 9765 9870 9884 9959 9969 10045 10095 10143 10182 10214 
135 660 738 797 960 994 1442 1672 1858 1874 1931 2131 2337 2339 2358 2368 2520 2781 2799 3029 3146 3261 3320 3356 3414 3449 3805 3872 3879 3907 3947 3978 4049 4435 4490 4996 5109 5126 5162 5333 5462 5781 6014 6217 6371 6473 6769 6849 6852 6964 6982 7313 7396 7425 7458 7587 7692 7794 8055 8094 8262 8361 8451 8878 9082 9099 9132 9215 9597 9649 9683 9753 9765 9870 9884 9959 9969 10069 10143 10182 10214 10279 
