Tamanho    Peso
1085  35477
1079  35628
1083  35341
1077  35470
1087  35227
1095  35255
1087  35483
1088  35315
1090  35287
1089  35372
1090  35241
1077  35458
1082  35513
1081  35306
1085  35557
1077  35630
1086  35413
1072  35380
1079  35250
1090  35585
1079  35594
1087  35289
1088  35295
1076  35257
1085  35327
1090  35495
1083  35405
1080  35482
1092  35421
1077  35451
1099  35491
1080  35387
1090  35060
1077  35480
1088  35557
1083  35451
1079  35173
1079  35170
1086  35220
1078  35361
1081  35391
1089  35578
1089  35354
1086  35441
1093  35462
1081  35476
1074  35466
1075  35416
1085  35560
1084  35300

Time taken: 60
