Tamanho    Peso
1083  35169
1090  35227
1082  35107
1090  35264
1085  35155
1081  35191
1091  35156
1087  35253
1095  35136
1088  35122
1085  35408
1093  35262
1092  35237
1082  35105
1091  35229
1079  35226
1091  35275
1087  35354
1089  35291
1092  35472
1080  35254
1093  35357
1086  35243
1085  35272
1082  35185
1091  35398
1081  35122
1083  35216
1087  35237
1084  35153
1081  35271
1092  35338
1092  35272
1091  35323
1090  35200
1086  35186
1095  35414
1086  35193
1081  35228
1084  35318
1088  35318
1085  35246
1083  35380
1084  35169
1091  35284
1082  35205
1088  35243
1072  35224
1090  35256
1082  35134

Time taken: 27
