Tamanho    Peso
258  9406
249  9237
250  9858
273  10118
252  9558
251  9282
246  9386
244  9061
268  9970
256  9474
252  9420
247  9525
278  10101
255  9504
254  9479
254  9749
265  9944
245  8983
258  9568
270  9767
264  9688
248  9318
265  9895
258  9896
227  8983
249  9217
269  9755
244  9009
242  8954
245  8990
252  9343
238  9299
245  9320
249  9161
241  9248
263  9882
245  9261
253  9247
245  8934
251  9487
246  9279
246  9449
250  9356
263  9710
253  9434
266  9868
258  9789
264  9493
247  9409
273  9966

Time taken: 18
