***********CONSTRUÇÃO**************
ANTES | DEPOIS
0.404712   0.232517
0.403793   0.228684
0.404881   0.229575
0.405382   0.227827
0.404997   0.230318
0.40557   0.231287
0.405188   0.226033
0.40541   0.229471
0.402904   0.224398
0.403571   0.225962
0.403543   0.230308
0.403191   0.229581
0.404282   0.230572
0.403392   0.229013
0.401889   0.228621
0.402772   0.230349
0.403699   0.2285
0.403882   0.229051
0.402566   0.224369
0.404852   0.226574
0.40436   0.230261
0.404532   0.2312
0.404968   0.230602
0.403492   0.229626
0.404101   0.229468
0.404675   0.229543
0.405123   0.228591
0.405362   0.22991
0.405256   0.223523
0.404957   0.225924
0.403573   0.229744
0.404167   0.230233
0.403817   0.230048
0.404121   0.22895
0.405687   0.229387
0.403873   0.230906
0.406118   0.227336
0.406316   0.229423
0.40598   0.224056
0.404748   0.226558
0.404347   0.230411
0.406377   0.229155
0.404582   0.231545
0.405724   0.228967
0.404797   0.228922
0.403242   0.229614
0.404108   0.228941
0.404299   0.229514
0.405681   0.22348
0.405263   0.227342
***********BUSCA LOCAL**************
ANTES | DEPOIS
0.681259   0.296089
0.484173   0.195231
0.98396   0.194382
0.690896   0.195067
0.48894   0.195985
0.78242   0.203941
0.783148   0.197032
0.689093   0.202343
0.595823   0.200274
0.592704   0.201369
0.983198   0.19563
0.686507   0.194846
0.393754   0.196874
0.388116   0.200575
0.393393   0.197465
0.594578   0.196162
0.587793   0.196604
0.594217   0.190242
0.592387   0.198115
1.18915   0.193737
0.779802   0.194967
0.589477   0.290853
0.489539   0.192149
0.786318   0.195597
0.700016   0.394813
0.495582   0.2029
0.893022   0.202032
0.393348   0.196892
0.298188   0.395395
0.871459   0.19347
0.574907   0.295374
0.584844   0.197263
0.390105   0.192425
1.08125   0.197964
0.287013   0.199492
0.989496   0.199477
0.98511   0.195362
0.395601   0.197247
0.40011   0.195121
0.975966   0.200739
1.17851   0.20039
0.783866   0.198019
0.789292   0.396886
0.872004   0.199802
0.700285   0.194194
0.693143   0.196387
0.594313   0.197839
0.78401   0.19854
1.48183   0.195658
0.59382   0.202128
