***********CONSTRUÇÃO**************
ANTES | DEPOIS
0.200152   0.163117
0.200387   0.156724
0.199315   0.151722
0.202241   0.159949
0.199977   0.151536
0.200584   0.145314
0.201141   0.152504
0.200475   0.157095
0.200912   0.15135
0.198337   0.154857
0.200331   0.158952
0.201604   0.155885
0.199745   0.151316
0.200928   0.159237
0.201856   0.150674
0.201229   0.145617
0.200812   0.152658
0.201245   0.156926
0.198575   0.151252
0.199135   0.154253
0.201104   0.158206
0.201188   0.154894
0.1991   0.15404
0.201441   0.158122
0.19864   0.150861
0.200833   0.145838
0.201032   0.152687
0.200943   0.156458
0.199238   0.15111
0.198163   0.155717
0.200128   0.157753
0.202099   0.155454
0.201443   0.150997
0.200699   0.157523
0.20013   0.150286
0.200471   0.145644
0.200365   0.153034
0.201857   0.156673
0.199853   0.151388
0.201021   0.15575
0.201506   0.158476
0.201137   0.155505
0.200277   0.151321
0.202262   0.15894
0.200281   0.151249
0.198323   0.145569
0.200126   0.152995
0.202307   0.156772
0.200926   0.150292
0.202272   0.156043
***********BUSCA LOCAL**************
ANTES | DEPOIS
0.104924   0.224489
0.100852   0.22825
0.098938   0.163821
0.203175   0.168429
0.10812   0.17095
0.214257   0.222635
0.102783   0.173622
0.10228   0.167356
0.206879   0.166025
0.109553   0.109411
0.176268   0.171176
0.105024   0.167723
0.107277   0.236504
0.110455   0.176487
0.099171   0.342743
0.109156   0.390014
0.217472   0.283076
0.106182   0.16357
0.104618   0.2235
0.102993   0.168056
0.107198   0.343238
0.100051   0.168159
0.157575   0.175639
0.10366   0.231845
0.105596   0.162323
0.113967   0.16062
0.093898   0.340109
0.110119   0.117039
0.115308   0.165019
0.152573   0.164371
0.101891   0.173619
0.110441   0.169007
0.165854   0.171317
0.100873   0.165839
0.215702   0.167025
0.105035   0.177394
0.100469   0.214021
0.161765   0.221818
0.215261   0.22357
0.168955   0.227657
0.21006   0.164063
0.141695   0.172773
0.108259   0.233528
0.102997   0.167023
0.115955   0.161222
0.109052   0.224666
0.111026   0.173046
0.168113   0.230162
0.110864   0.220104
0.113948   0.112513
