Tamanho    Peso
1076  36111
1084  35960
1104  36179
1087  36095
1088  35884
1093  36059
1092  35943
1088  35701
1096  36243
1079  35555
1092  36040
1086  35950
1103  36012
1085  36064
1069  35950
1077  35709
1102  36145
1087  36414
1078  35909
1072  35882
1077  36347
1074  35928
1082  35897
1091  35725
1080  35794
1083  35926
1091  35959
1096  36292
1079  36100
1091  35902
1089  35970
1084  35900
1088  35956
1077  35709
1091  36002
1087  35594
1095  35897
1099  36140
1095  36060
1089  36037
1092  35990
1085  35843
1075  35465
1086  36122
1090  36132
1091  36339
1090  36347
1075  35727
1082  36080
1071  35824

Time taken: 59
