Tamanho    Peso
161  6230
154  6326
150  6245
151  6164
148  5943
127  5218
155  6188
160  6298
156  6371
157  6228
158  6285
156  6080
156  6211
157  6254
158  6260
157  6318
157  6179
154  6363
157  6303
161  6403
157  6356
153  6231
154  6408
152  6362
142  5659
154  6272
159  6249
149  6028
157  6216
155  6281
151  6090
159  6374
146  5998
154  6256
159  6383
158  6239
159  6210
158  6328
158  6270
158  6038
142  5453
157  6227
159  6347
156  6234
151  6333
154  6243
157  6289
158  6208
156  6388
155  6409

Time taken: 160
