Tamanho    Peso
1059  36107
1055  35901
1075  36125
1058  36015
1064  36110
1056  35974
1061  35902
1064  36053
1066  36096
1055  35917
1057  35879
1060  35946
1067  36050
1059  36112
1056  35735
1059  36016
1064  36061
1055  35955
1063  35814
1052  35899
1056  35842
1061  36042
1059  36136
1063  35987
1058  35860
1062  35946
1055  36043
1064  36179
1053  35842
1049  35990
1060  36044
1059  35921
1061  35961
1065  36000
1065  36039
1061  35965
1052  35995
1058  35984
1062  35987
1061  36100
1049  35824
1062  36031
1061  35997
1052  35918
1060  35990
1055  35974
1060  35909
1063  36098
1056  35901
1060  36051

Time taken: 26
