***********CONSTRUÇÃO**************
ANTES | DEPOIS
0.218439   0.153358
0.213076   0.157631
0.216672   0.154781
0.218099   0.155035
0.215918   0.15831
0.218094   0.151194
0.219321   0.154608
0.216212   0.132274
0.219987   0.153053
0.216275   0.133212
0.217942   0.150125
0.216369   0.158666
0.21674   0.156812
0.219156   0.157023
0.216189   0.158988
0.219519   0.151859
0.221859   0.154409
0.218005   0.132449
0.218128   0.152352
0.218599   0.133462
0.217169   0.150758
0.216749   0.158035
0.215975   0.156501
0.219332   0.155754
0.216299   0.157026
0.216374   0.151638
0.217769   0.154157
0.218138   0.13268
0.218573   0.154065
0.214325   0.133361
0.215379   0.150944
0.221225   0.157952
0.21851   0.156284
0.219533   0.157897
0.217463   0.15841
0.214931   0.150807
0.217869   0.154672
0.217802   0.132838
0.215545   0.153393
0.221192   0.132322
0.219329   0.149334
0.216645   0.156268
0.220317   0.155911
0.218306   0.157335
0.219754   0.156719
0.216752   0.15191
0.220023   0.154905
0.217889   0.132681
0.216168   0.152958
0.215361   0.132865
***********BUSCA LOCAL**************
ANTES | DEPOIS
0.13521   0.128843
0.121483   0.134671
0.125387   0.136186
0.112467   0.130684
0.12442   0.131635
0.126069   0.134652
0.12622   0.1263
0.126854   0.131453
0.126636   0.134349
0.122781   0.137804
0.198141   0.139891
0.1293   0.203324
0.250489   0.135799
0.122831   0.127636
0.250773   0.133577
0.126244   0.132274
0.124802   0.141417
0.126279   0.129067
0.129739   0.126653
0.132796   0.134828
0.128326   0.131803
0.135879   0.132787
0.12493   0.133629
0.12181   0.136279
0.119649   0.122925
0.125138   0.129578
0.123152   0.13718
0.124431   0.135796
0.126577   0.269937
0.12823   0.129335
0.121828   0.137169
0.12394   0.138313
0.126362   0.130246
0.11693   0.136831
0.125191   0.129909
0.123801   0.132669
0.120149   0.131539
0.181415   0.125752
0.113079   0.121772
0.128076   0.139411
0.125206   0.131291
0.121531   0.127933
0.137007   0.133184
0.11781   0.134133
0.123333   0.125206
0.125779   0.14168
0.133739   0.132649
0.136653   0.137708
0.133849   0.129255
0.12271   0.136779
