Tamanho    Peso
300  8235
292  8396
294  8166
296  8276
295  8157
294  8344
302  8482
293  8262
296  8515
300  8573
254  7766
302  8330
254  7956
298  8413
251  8151
298  8484
293  8335
298  8464
296  8429
299  8357
292  8184
297  8359
290  8287
299  8342
289  8186
294  8217
295  8469
294  8264
298  8230
292  8099
295  8151
301  8280
299  8413
301  8382
293  8383
294  8309
292  8385
258  8187
295  8352
299  8454
294  8420
294  8274
292  8359
293  8341
295  8360
296  8369
294  8430
295  8146
298  8450
291  8259

Time taken: 17
