Tamanho    Peso
1038  33307
1043  33435
1038  33328
1048  33461
1031  33201
1045  33356
1044  33326
1035  33332
1035  33225
1046  33460
1049  33380
1042  33301
1049  33487
1041  33430
1039  33304
1043  33440
1039  33318
1033  33334
1036  33218
1046  33421
1041  33344
1042  33346
1044  33423
1047  33350
1039  33281
1048  33380
1044  33404
1028  33197
1039  33273
1039  33425
1042  33364
1048  33379
1043  33357
1038  33451
1032  33204
1044  33409
1045  33335
1035  33335
1034  33285
1045  33316
1037  33337
1039  33373
1042  33313
1042  33507
1036  33330
1049  33554
1043  33374
1041  33353
1031  33200
1044  33372

Time taken: 26
