***********CONSTRUÇÃO**************
ANTES | DEPOIS
1.76236   1.66768
1.7615   1.63157
1.7551   1.67137
1.76105   1.70294
1.76345   1.70623
1.75977   1.70727
1.76553   1.70306
1.76078   1.71064
1.76311   1.68203
1.75902   1.70717
1.76854   1.66129
1.75994   1.63232
1.7581   1.66626
1.76547   1.71629
1.76176   1.70139
1.75815   1.70703
1.76195   1.70174
1.76335   1.69524
1.76556   1.67931
1.75875   1.7113
1.76224   1.66385
1.76202   1.62655
1.75875   1.67115
1.76358   1.71248
1.75793   1.71449
1.76286   1.70835
1.75841   1.7113
1.76215   1.69295
1.76048   1.68278
1.76368   1.70406
1.76005   1.66836
1.76045   1.6285
1.76132   1.67004
1.76801   1.70834
1.76184   1.71324
1.75866   1.69569
1.75914   1.70664
1.75863   1.69999
1.7582   1.68141
1.76687   1.70767
1.75871   1.65779
1.76445   1.62887
1.75861   1.67167
1.76166   1.71382
1.75982   1.70479
1.75861   1.71491
1.76222   1.7116
1.76467   1.69281
1.76439   1.68672
1.76468   1.7104
***********BUSCA LOCAL**************
ANTES | DEPOIS
1.51478   2.80105
1.61173   2.237
1.59282   2.8107
1.56921   1.64981
2.6467   2.78361
1.5288   3.90822
1.68122   2.7986
1.59423   3.35714
1.55849   1.63871
1.53021   3.25391
1.56086   2.1485
1.58007   3.33755
1.52967   2.81962
1.63829   1.67578
2.63747   2.20107
2.23062   1.63362
1.64931   1.61946
1.53887   4.4379
1.68964   1.64953
1.64957   3.91424
1.5488   1.68403
1.52768   1.6896
1.58319   1.56863
1.54222   2.80514
1.64556   1.66645
1.58119   5.58601
1.52408   3.92599
2.71759   1.69317
1.69156   1.68471
3.32437   1.70952
1.57962   1.66318
1.58363   3.9705
1.61057   1.67926
1.54858   1.68885
2.75653   1.62128
3.94163   3.33352
1.55794   3.3551
1.5655   1.58769
1.66629   1.62975
1.61707   2.22803
1.59542   1.65193
2.03163   1.5569
1.58121   3.92514
1.59218   1.65412
1.57107   1.66153
1.56117   1.6898
2.01587   3.29967
2.11087   2.84519
1.60061   1.64691
1.68881   1.66752
