Tamanho    Peso
1093  35753
1091  35887
1082  35694
1093  35820
1083  35801
1088  35900
1088  35891
1083  35697
1090  35830
1089  35688
1088  35751
1083  35930
1087  35781
1094  35792
1085  35888
1090  35838
1087  35748
1088  35723
1089  35768
1090  35799
1088  35798
1088  35837
1087  35706
1091  35855
1086  35808
1084  35779
1090  35790
1089  35853
1091  35883
1087  35718
1093  35891
1088  35862
1087  35736
1090  35795
1090  35798
1092  35886
1087  35767
1089  35805
1099  35851
1090  35762
1090  35773
1088  35875
1088  35737
1089  35804
1080  35789
1089  35940
1091  35853
1088  35744
1091  35879
1086  35626

Time taken: 22
