***********CONSTRUÇÃO**************
ANTES | DEPOIS
1.65797   1.05123
1.65515   1.05112
1.65972   1.0363
1.66088   1.04406
1.65697   1.02829
1.6599   1.03228
1.65777   1.04341
1.65874   1.03392
1.66237   1.03449
1.6594   1.03406
1.6612   1.05064
1.65986   1.05042
1.66157   1.03595
1.65221   1.04507
1.65747   1.02992
1.66164   1.03391
1.65981   1.04506
1.65554   1.03475
1.65735   1.03268
1.65968   1.03548
1.65964   1.05186
1.65821   1.05048
1.66212   1.03511
1.65764   1.04458
1.65658   1.02787
1.65765   1.03372
1.6617   1.04977
1.66045   1.03333
1.6556   1.03313
1.65853   1.03574
1.65778   1.0506
1.65734   1.04906
1.66038   1.03437
1.66397   1.04407
1.65699   1.03026
1.6547   1.03368
1.66016   1.04564
1.65776   1.03171
1.65877   1.03406
1.65934   1.0351
1.65762   1.05066
1.65634   1.04987
1.65486   1.03299
1.66314   1.04475
1.66274   1.02898
1.6578   1.03141
1.65551   1.04663
1.65881   1.03386
1.65708   1.03405
1.66212   1.03205
***********BUSCA LOCAL**************
ANTES | DEPOIS
2.60996   0.875134
3.48984   0.877049
1.74099   0.888205
1.73137   0.858574
2.16978   0.873968
2.58369   0.893899
2.61001   0.880728
4.3224   0.871541
2.17511   0.882543
3.04397   0.869866
2.16787   1.29752
2.5869   0.881051
3.03418   0.86842
3.48139   0.874273
2.61651   0.884294
5.19283   0.886896
2.59643   0.867917
3.47067   0.875013
1.297   0.886214
1.75064   0.874893
3.04571   0.86679
3.02362   0.87168
4.33027   0.88534
1.28687   0.862979
2.58326   0.897387
2.19753   0.886327
3.48   0.864953
1.74224   0.886545
2.58689   0.886346
3.47345   0.889122
2.60671   0.869357
2.62821   0.882881
4.33961   0.900705
3.91054   1.76273
2.60675   0.883007
2.61673   0.895258
3.92046   0.88077
1.7355   0.87724
4.31513   0.883828
1.72031   0.872009
4.30253   0.870581
3.46335   0.868415
2.61672   0.88906
1.72705   0.856672
1.72595   0.889648
1.74586   0.895835
3.47371   0.889722
5.65424   1.30236
2.15954   0.876465
2.15652   0.885394
