Tamanho    Peso
1051  34978
1040  34972
1034  34841
1049  34810
1042  34991
1039  35098
1032  34890
1037  34830
1040  35179
1029  34669
1037  34865
1043  34875
1036  34907
1042  34948
1046  35180
1031  34675
1051  34867
1035  34666
1051  35235
1031  35214
1044  34936
1048  35167
1035  35170
1034  34755
1038  34750
1039  34549
1035  34834
1039  35118
1042  35175
1036  34813
1033  34716
1031  34984
1046  35478
1044  35262
1040  34746
1042  34757
1042  35322
1048  35341
1036  34898
1036  35092
1031  34586
1038  34919
1033  35218
1054  35220
1044  35223
1024  34928
1043  34680
1031  34773
1037  35100
1039  35403

Time taken: 63
