***********CONSTRUÇÃO**************
ANTES | DEPOIS
1.80646   1.65995
1.80239   1.64849
1.80504   1.65945
1.80923   1.66058
1.81257   1.65177
1.81076   1.64395
1.80889   1.65022
1.80262   1.64621
1.80614   1.65671
1.79553   1.64891
1.80555   1.65762
1.80733   1.64659
1.80787   1.65428
1.80741   1.65324
1.80724   1.65584
1.80017   1.64307
1.80985   1.65184
1.80814   1.64949
1.80746   1.65818
1.80292   1.6522
1.80435   1.64975
1.81248   1.6534
1.80771   1.6521
1.80964   1.65439
1.80461   1.65247
1.80388   1.64268
1.80252   1.64939
1.80635   1.64455
1.8031   1.65549
1.80381   1.65052
1.80483   1.64931
1.79697   1.64484
1.80184   1.65516
1.80428   1.65269
1.80789   1.64808
1.80926   1.64425
1.8014   1.65245
1.80327   1.64387
1.80362   1.65447
1.80443   1.65146
1.7994   1.65288
1.805   1.65295
1.80768   1.65276
1.80826   1.65356
1.80822   1.65683
1.80029   1.64942
1.80765   1.64615
1.80421   1.6462
1.79932   1.65922
1.80383   1.65048
***********BUSCA LOCAL**************
ANTES | DEPOIS
2.39587   1.83984
1.1988   2.43767
1.17991   3.03689
1.21468   1.81209
1.21325   1.79147
1.18915   3.65099
1.19656   1.79273
1.20951   1.85492
1.20955   3.67992
1.19498   1.79857
1.19378   2.41519
1.79747   3.0136
1.79493   1.80726
1.20207   3.61171
1.19136   1.81998
1.22088   1.81671
2.38324   1.84884
1.19684   2.42503
1.19147   1.83162
1.23205   1.79539
2.40638   2.44322
1.15331   1.83088
1.20781   1.82259
1.19195   2.41813
1.17587   1.82499
1.20455   1.81392
1.1858   1.79312
1.18052   1.81514
1.20101   3.65102
1.19634   1.8301
2.40042   3.65054
1.20987   1.24286
1.75758   2.38973
1.17239   1.82881
1.7662   1.83554
1.18442   1.83362
1.80666   1.81792
1.7489   1.82647
1.22778   3.04905
1.214   1.81705
1.19498   4.85627
1.19091   2.43325
1.17988   2.40334
1.19266   1.80319
1.21558   2.43297
1.21827   1.8231
1.2069   1.23314
2.33134   3.02283
1.19969   2.99808
1.22352   1.78367
