Tamanho    Peso
1065  35928
1052  35827
1058  35825
1064  35991
1061  35996
1066  35895
1057  35922
1061  35883
1058  35711
1062  35817
1061  35797
1064  35923
1068  35954
1063  35884
1059  35945
1056  35794
1064  35888
1060  35852
1059  35822
1060  35942
1062  35870
1056  35906
1061  35908
1058  35978
1067  35986
1062  35876
1060  35895
1055  35848
1056  35795
1065  35836
1063  35902
1064  35934
1057  35758
1060  35930
1061  35985
1061  35895
1062  35979
1053  35773
1057  35834
1063  35924
1053  35859
1056  35792
1061  35880
1064  35947
1056  35882
1050  35841
1066  35886
1063  35852
1060  35863
1059  35841

Time taken: 23
