Tamanho    Peso
1685  54304
1678  54344
1687  54432
1674  54188
1674  54374
1679  54129
1672  54246
1671  54220
1673  54189
1680  54244
1683  54297
1677  54317
1683  54474
1676  54051
1674  54425
1684  54282
1672  54443
1676  54127
1682  54340
1678  54330
1676  54251
1682  54258
1684  54275
1672  54175
1671  54126
1681  54378
1667  54290
1676  54091
1680  54068
1675  54267
1680  54468
1686  54254
1684  54343
1671  54140
1678  54473
1677  54135
1678  54304
1673  54258
1682  54065
1677  54329
1681  54339
1685  54315
1684  54341
1675  54071
1681  54420
1673  54135
1685  54301
1671  54035
1679  53998
1676  54130

Time taken: 97
