Tamanho    Peso
1705  54778
1705  55086
1714  55248
1714  55510
1712  55087
1688  55106
1706  55124
1707  54843
1695  54730
1693  55149
1707  54931
1731  55234
1708  54819
1678  55084
1712  55178
1705  55200
1694  55084
1685  54401
1718  54898
1705  55032
1707  55154
1696  54671
1714  54967
1716  55236
1709  54698
1702  55074
1707  54911
1700  55015
1728  54873
1711  54965
1699  54963
1718  55359
1700  54937
1696  55013
1707  55114
1727  55150
1704  55186
1715  55320
1721  55335
1705  54725
1707  55203
1696  55066
1694  54820
1716  55405
1702  54936
1713  55051
1717  55120
1716  55467
1707  55038
1683  54609

Time taken: 248
