***********CONSTRUÇÃO**************
ANTES | DEPOIS
1.66167   1.05525
1.6604   1.0394
1.66135   1.04272
1.66277   1.02844
1.65858   1.03876
1.65748   1.02006
1.65462   1.04245
1.66103   1.03254
1.66052   1.04589
1.6581   1.03611
1.6591   1.04941
1.66314   1.03785
1.65926   1.04095
1.66421   1.03107
1.66621   1.03608
1.6581   1.0217
1.6615   1.03954
1.66357   1.03293
1.6583   1.0481
1.65962   1.036
1.65655   1.04867
1.65906   1.04092
1.65619   1.04253
1.66128   1.03087
1.65979   1.0398
1.66134   1.02271
1.6575   1.04192
1.66268   1.03246
1.66036   1.04919
1.66408   1.03924
1.65968   1.0519
1.66232   1.04155
1.66013   1.04347
1.66526   1.03199
1.66122   1.04036
1.66123   1.02135
1.66256   1.04314
1.65862   1.03199
1.65886   1.05081
1.66239   1.03612
1.6613   1.04902
1.66343   1.04303
1.65965   1.0419
1.66072   1.03
1.66491   1.03718
1.66004   1.02205
1.66126   1.04334
1.65478   1.03143
1.66   1.04796
1.66189   1.03776
***********BUSCA LOCAL**************
ANTES | DEPOIS
4.35725   0.882009
2.15057   0.888623
3.04439   0.891315
2.1942   0.880022
3.50089   0.883572
2.16619   0.899002
2.15339   0.870525
4.33072   0.879691
3.92359   0.892954
3.44758   0.884354
3.47721   0.877402
3.48756   0.879564
5.64235   0.883256
2.17681   0.89285
2.62174   0.885135
3.04074   0.902183
2.59936   0.907919
3.0194   0.876282
3.48174   0.876536
3.50753   0.873881
2.62561   0.884124
5.22492   0.866399
6.5251   0.886466
2.62487   0.875376
3.47301   0.890003
3.03885   0.8815
3.47396   0.884031
2.14086   0.892406
3.91609   0.886543
4.8171   0.892391
3.02164   0.897886
3.49498   0.887144
4.78116   0.880325
3.00615   0.884455
3.48123   0.890266
3.92738   0.889197
1.71915   0.877293
2.19835   0.894664
2.61745   0.884968
4.80214   0.898308
1.72005   0.88231
2.61951   0.892822
4.80335   0.895428
1.723   0.881761
3.4659   0.892176
2.62147   0.880095
3.05433   0.897111
1.71936   0.882672
2.59289   0.888826
4.79531   0.881722
