Tamanho    Peso
298  8237
290  8336
300  8644
299  8436
298  8569
299  8409
293  8375
294  8316
295  8497
298  8306
294  8360
299  8404
296  8213
298  8120
302  8606
294  8186
301  8328
296  8426
301  8740
297  8184
298  8519
273  8400
298  8534
263  8382
295  8549
298  8258
296  8307
294  8370
294  8254
296  8365
261  7842
294  8343
291  8290
295  8411
292  8208
294  8419
254  7855
306  8592
298  8156
273  8460
259  8375
292  8349
295  8349
298  8485
300  8261
294  8345
293  8126
293  8109
294  8307
297  8468

Time taken: 18
