Tamanho    Peso
248  7413
248  7249
253  7462
279  8109
269  7724
278  8058
279  8106
282  8170
268  7569
274  7635
252  7495
247  7287
249  7446
279  8125
272  7787
280  8202
282  8203
283  8187
270  7632
274  7652
257  7595
250  7385
252  7491
278  8012
273  7878
274  7937
279  8048
283  8186
270  7578
275  7702
255  7620
248  7342
254  7539
278  8093
272  7774
280  8116
279  8086
279  8067
270  7561
273  7639
251  7493
248  7330
253  7459
279  8039
270  7772
279  8106
279  8063
280  8124
270  7632
274  7653

Time taken: 13
