Tamanho    Peso
1044  33600
1043  33516
1043  33508
1053  33591
1046  33524
1048  33595
1051  33639
1042  33507
1047  33533
1048  33531
1044  33519
1041  33498
1043  33527
1054  33667
1040  33465
1047  33637
1054  33682
1044  33456
1047  33512
1048  33577
1038  33449
1041  33531
1040  33614
1054  33617
1044  33571
1056  33741
1052  33585
1044  33460
1044  33601
1047  33487
1044  33602
1039  33481
1045  33482
1052  33540
1045  33470
1044  33669
1053  33586
1042  33485
1049  33634
1048  33574
1051  33632
1040  33459
1045  33609
1052  33713
1045  33600
1050  33723
1050  33647
1044  33440
1046  33556
1051  33670

Time taken: 27
