Tamanho    Peso
1055  34095
1053  34037
1049  33818
1049  34142
1056  33727
1051  33732
1052  33945
1058  34043
1060  33892
1050  34026
1052  33931
1050  34013
1056  33846
1042  34430
1052  33906
1057  34062
1054  34036
1058  33902
1052  34264
1049  33977
1047  33749
1046  33973
1044  33668
1052  33991
1049  33910
1060  33865
1039  33814
1060  33923
1059  33817
1060  33832
1042  33789
1057  33949
1046  34064
1047  33816
1050  33820
1051  33896
1050  34084
1056  33907
1047  33814
1043  33932
1048  33742
1040  33950
1057  34045
1058  34100
1055  34008
1052  33805
1063  34181
1047  33959
1058  34133
1052  33755

Time taken: 63
