Tamanho    Peso
1093  35981
1087  36004
1089  36005
1092  36089
1088  36078
1082  35934
1086  36082
1082  35925
1089  35941
1088  36063
1088  35987
1078  35944
1079  35953
1092  36063
1084  35993
1084  35996
1086  36016
1085  35981
1083  36012
1085  35926
1078  36033
1077  35784
1084  36009
1087  36048
1085  35960
1082  36006
1085  35932
1086  35916
1086  35969
1085  36017
1091  36149
1087  35988
1082  35920
1085  36035
1087  36006
1079  35984
1088  36011
1088  35796
1084  35948
1084  36031
1083  35947
1074  36052
1085  36103
1086  36022
1090  36139
1086  35973
1087  35849
1087  36095
1088  35999
1088  36024

Time taken: 24
