Tamanho    Peso
1082  35371
1076  35375
1090  35508
1083  35420
1084  35411
1045  35703
1089  35310
1082  35412
1084  35492
1064  35886
1077  35121
1080  35489
1090  35279
1097  35315
1073  35357
1084  35290
1092  35247
1085  35934
1083  35517
1086  35321
1081  35225
1076  35805
1073  35523
1084  35318
1084  35461
1084  35412
1071  35177
1059  35578
1081  35342
1093  35459
1086  35658
1089  35236
1097  35619
1072  35617
1088  35566
1086  35559
1080  35359
1075  35163
1061  35878
1090  35541
1081  35486
1067  35411
1090  35441
1088  35593
1086  35381
1091  35370
1081  35769
1087  35480
1080  35210
1070  35802

Time taken: 56
