Tamanho    Peso
1080  35244
1083  35339
1089  35318
1092  35269
1093  35432
1087  35276
1079  35252
1083  35302
1089  35418
1077  35298
1086  35286
1090  35304
1083  35329
1079  35252
1088  35333
1093  35185
1091  35348
1092  35341
1080  35164
1076  35165
1078  35360
1089  35281
1096  35376
1095  35421
1087  35247
1088  35202
1084  35316
1093  35264
1078  35236
1086  35302
1080  35315
1083  35101
1088  35130
1095  35387
1094  35380
1090  35262
1088  35172
1095  35392
1081  35109
1082  35194
1076  35323
1092  35289
1080  35368
1089  35328
1093  35294
1087  35175
1078  35130
1094  35342
1082  35305
1088  35279

Time taken: 27
