117;8;0 19 23 42 47 115 116 139 167 179 227 310 324 401 404 414 509 531 538 577 594 595 615 616 647 678 852 858 871 877 904 912 1003 1016 1063 1115 1170 1238 1253 1266 1336 1387 1453 1478 1684 1687 1761 1781 1831 1912 1919 1920 1985 2087 2122 2171 2174 2223 2255 2260 2353 2437 2568 2642 2656 2844 2901 2914 2947 2951 2988 3010 3020 3054 3068 3079 3118 3158 3159 3178 3180 3254 3256 3301 3338 3377 3439 3511 3531 3551 3571 3579 3581 3602 3639 3662 3669 3695 3705 3743 3751 3785 3870 3883 3897 3898 3908 3917 3954 3966 3980 3987 3991 4018 4020 4021 4038
117;8;0 19 23 42 47 115 116 139 167 179 227 310 324 401 404 414 509 531 538 577 594 595 615 616 647 678 775 852 858 871 877 904 912 1003 1063 1115 1170 1238 1253 1266 1336 1387 1453 1478 1684 1687 1761 1781 1831 1912 1919 1920 1985 2087 2122 2138 2171 2174 2223 2255 2260 2353 2437 2568 2642 2656 2844 2901 2914 2947 2951 2988 3010 3020 3054 3068 3079 3158 3159 3178 3180 3254 3256 3301 3338 3377 3439 3511 3531 3551 3571 3579 3581 3602 3639 3662 3669 3695 3705 3743 3751 3785 3870 3883 3897 3898 3908 3917 3954 3966 3980 3987 3991 4018 4020 4021 4038
117;8;0 19 23 42 47 107 115 116 139 167 179 227 310 324 401 404 414 509 531 538 577 594 595 600 615 616 647 678 753 852 858 871 877 904 912 955 1003 1040 1115 1170 1238 1253 1266 1360 1387 1453 1478 1684 1761 1781 1831 1912 1919 1920 1985 2122 2171 2223 2255 2260 2353 2437 2642 2656 2844 2901 2914 2947 2951 2988 3010 3020 3054 3068 3079 3121 3158 3159 3178 3180 3254 3256 3301 3338 3377 3439 3511 3531 3551 3571 3579 3581 3602 3639 3662 3669 3692 3695 3705 3743 3751 3785 3870 3883 3897 3898 3908 3917 3954 3966 3980 3987 3991 4018 4020 4021 4038
117;8;0 19 23 42 47 115 116 139 167 179 227 310 324 401 404 409 414 509 531 538 577 594 595 615 616 647 678 852 858 871 877 904 912 1003 1063 1115 1170 1238 1253 1266 1336 1387 1453 1478 1684 1687 1761 1781 1831 1912 1919 1920 1985 2087 2122 2171 2174 2223 2255 2260 2353 2437 2568 2642 2656 2743 2844 2901 2914 2947 2951 2988 3010 3020 3054 3068 3079 3158 3159 3178 3180 3254 3256 3301 3338 3377 3439 3511 3531 3551 3571 3579 3581 3602 3639 3662 3669 3695 3705 3743 3751 3785 3870 3883 3897 3898 3908 3917 3954 3966 3980 3987 3991 4018 4020 4021 4038
118;8;0 19 23 42 47 115 116 139 167 179 227 310 324 401 404 414 509 531 538 577 594 595 615 616 647 678 852 858 871 877 904 912 1003 1063 1115 1170 1238 1253 1266 1336 1387 1453 1478 1684 1687 1761 1781 1831 1912 1919 1920 1985 2087 2122 2171 2174 2223 2255 2260 2353 2437 2568 2642 2656 2844 2901 2914 2947 2951 2988 2999 3010 3020 3046 3054 3068 3079 3158 3159 3162 3178 3180 3254 3256 3301 3338 3377 3439 3511 3531 3551 3571 3579 3581 3602 3639 3662 3669 3695 3705 3743 3751 3785 3870 3883 3897 3898 3908 3917 3954 3966 3980 3987 3991 4018 4020 4021 4038
118;8;0 19 23 42 47 115 116 139 167 179 227 304 310 324 401 404 414 509 531 538 577 594 595 615 616 647 678 852 858 871 877 904 912 1003 1063 1115 1170 1238 1253 1266 1336 1387 1453 1478 1544 1684 1687 1761 1781 1831 1912 1919 1920 1985 2087 2122 2171 2174 2223 2255 2260 2353 2437 2568 2642 2656 2832 2844 2901 2914 2947 2951 2988 3010 3020 3054 3068 3079 3158 3159 3178 3180 3254 3256 3301 3338 3377 3439 3511 3531 3551 3571 3579 3581 3602 3639 3662 3669 3695 3705 3743 3751 3785 3870 3883 3897 3898 3908 3917 3954 3966 3980 3987 3991 4018 4020 4021 4038
119;8;0 19 23 42 47 115 116 139 167 179 227 310 324 401 404 414 501 509 531 534 538 577 594 595 615 616 647 678 852 858 871 877 904 912 1003 1063 1115 1170 1238 1253 1266 1333 1336 1387 1453 1478 1684 1687 1761 1781 1831 1912 1919 1920 1985 2087 2122 2171 2174 2223 2255 2260 2353 2437 2568 2642 2656 2844 2901 2914 2947 2951 2988 3010 3020 3054 3068 3079 3158 3159 3178 3180 3254 3256 3301 3338 3377 3439 3511 3531 3551 3571 3579 3581 3602 3634 3639 3662 3669 3695 3705 3743 3751 3785 3870 3883 3897 3898 3908 3917 3954 3966 3980 3987 3991 4018 4020 4021 4038
119;8;0 19 23 42 47 107 115 116 139 167 179 227 307 310 324 401 404 414 509 531 538 577 594 595 600 615 616 647 678 852 858 871 877 904 912 1003 1040 1063 1115 1170 1238 1253 1266 1336 1387 1453 1478 1684 1687 1761 1781 1831 1912 1919 1920 1985 2087 2122 2171 2174 2223 2255 2260 2353 2437 2568 2642 2656 2844 2901 2914 2947 2951 2988 3010 3020 3054 3068 3079 3158 3159 3178 3180 3254 3256 3301 3338 3377 3439 3511 3531 3551 3571 3579 3581 3602 3639 3662 3669 3695 3705 3743 3751 3785 3870 3883 3897 3898 3908 3917 3954 3966 3980 3987 3991 4018 4020 4021 4038
119;8;0 19 23 42 47 115 116 139 167 179 227 270 310 324 401 404 414 509 531 538 577 594 595 615 616 647 678 852 858 871 877 904 912 1003 1063 1115 1170 1238 1253 1266 1336 1387 1453 1478 1525 1684 1687 1761 1781 1831 1912 1919 1920 1985 2087 2122 2171 2174 2210 2223 2255 2260 2353 2437 2568 2642 2656 2844 2901 2914 2947 2951 2988 3010 3020 3054 3068 3079 3158 3159 3178 3180 3254 3256 3301 3338 3377 3439 3511 3531 3551 3571 3579 3581 3602 3611 3639 3662 3669 3695 3705 3743 3751 3785 3870 3883 3897 3898 3908 3917 3954 3966 3980 3987 3991 4018 4020 4021 4038
119;8;0 19 23 42 47 115 116 139 167 179 227 310 324 401 404 414 509 531 538 577 594 595 615 616 647 678 852 858 871 877 904 912 955 1003 1063 1115 1170 1238 1253 1266 1336 1360 1387 1453 1478 1684 1687 1761 1781 1831 1912 1919 1920 1985 2087 2122 2171 2174 2223 2255 2260 2353 2437 2568 2642 2656 2844 2901 2914 2947 2951 2988 3010 3020 3054 3068 3079 3121 3158 3159 3178 3180 3254 3256 3301 3338 3377 3439 3511 3531 3551 3571 3579 3581 3602 3639 3662 3669 3692 3695 3705 3743 3751 3785 3870 3883 3897 3898 3908 3917 3954 3966 3980 3987 3991 4018 4020 4021 4038
