Tamanho    Peso
1034  32773
1035  32806
1021  33000
1032  33051
1032  32768
1039  33069
1034  32930
1039  33031
1027  32562
1029  32956
1035  33217
1029  32838
1035  32996
1035  32980
1033  32859
1033  32951
1046  33095
1035  32996
1031  32939
1036  33039
1030  32921
1034  32979
1032  33104
1030  32879
1035  33105
1032  32879
1032  32927
1023  32885
1032  32841
1033  33010
1033  32970
1031  32802
1040  33137
1043  32977
1034  33074
1037  33099
1033  32858
1030  32926
1030  32809
1033  32899
1030  32922
1037  32870
1037  33044
1033  33005
1033  32974
1035  33010
1028  32937
1032  32899
1033  32925
1032  32941

Time taken: 29
