24;7;135 1442 1931 2520 2799 3261 3406 3414 3872 3879 4435 4996 6014 6371 6852 7425 7458 8094 9082 9597 9683 9765 9969 10214
24;7;135 1442 1931 2520 2799 3406 3414 3872 3879 4435 4996 6014 6371 6439 6852 7425 7458 8094 9082 9597 9683 9765 9969 10214
24;7;1442 1931 2520 2799 3406 3414 3872 3879 4435 4996 6014 6371 6439 6852 7425 7458 8094 8878 9082 9597 9683 9765 9969 10214
24;7;135 1442 1931 2520 2799 3406 3414 3872 3879 4435 4996 6014 6371 6852 7425 7458 8094 8878 9082 9597 9683 9765 9969 10214
24;7;135 1442 1931 2520 2799 3414 3872 3879 4435 4996 6014 6371 6439 6852 7425 7458 8094 8878 9082 9597 9683 9765 9969 10214
25;7;135 1442 1931 2368 2520 2799 3414 3872 3879 3907 4435 4996 6014 6371 6852 7425 7458 8094 8878 9082 9597 9683 9765 9969 10214
25;7;135 1442 1931 2520 2799 3414 3872 3879 3907 4435 4996 6014 6371 6852 7425 7458 8094 9082 9132 9597 9683 9765 9969 10214 10279
25;7;135 1442 1931 2520 2799 3029 3414 3872 3879 3907 4435 4996 5091 6014 6371 6852 7425 7458 8094 9082 9597 9683 9765 9969 10214
25;7;1442 1874 1931 2520 2799 3029 3414 3872 3879 4435 4996 5091 6014 6371 6439 6852 7425 7458 8094 9082 9597 9683 9765 9969 10214
26;7;135 1442 1931 2520 2799 3320 3414 3872 3879 4435 4996 5568 6014 6371 6852 7425 7458 7794 8094 8878 9082 9597 9683 9765 9969 10214
