Tamanho    Peso
1087  35382
1065  35627
1077  35529
1076  35311
1084  35575
1086  35315
1081  35479
1084  35315
1089  35626
1073  35664
1095  35359
1084  35664
1078  35611
1076  35335
1084  35281
1089  35437
1078  35430
1083  35477
1081  35613
1080  35444
1083  35414
1087  35554
1075  35478
1096  35460
1089  35442
1077  35285
1083  35207
1067  35643
1089  35456
1089  35502
1079  35370
1084  35435
1090  35658
1086  35523
1084  35640
1088  35493
1090  35455
1074  35260
1082  35397
1079  35620
1076  35399
1079  35443
1084  35437
1088  35300
1093  35391
1077  35407
1072  35367
1085  35502
1070  35550
1079  35760

Time taken: 57
