Tamanho    Peso
1712  55924
1715  56008
1717  55754
1704  55977
1713  55825
1699  55884
1712  55857
1707  55657
1723  55890
1704  55711
1710  55709
1709  56109
1709  55728
1719  55919
1703  55780
1706  55839
1709  55844
1697  55679
1719  55926
1714  55853
1719  55907
1713  56097
1711  55708
1718  55991
1702  55787
1707  55781
1714  55758
1707  55748
1718  55815
1713  55850
1719  56002
1719  55952
1709  55764
1722  55977
1700  55757
1701  55691
1709  55748
1701  55874
1716  55699
1715  55627
1715  55732
1704  55874
1718  55830
1718  56022
1705  55698
1705  55764
1712  55827
1708  55689
1709  55917
1709  55675

Time taken: 97
