***********CONSTRUÇÃO**************
ANTES | DEPOIS
1.6521   1.063
1.65517   1.06154
1.65637   1.0589
1.65435   1.0564
1.6484   1.05348
1.65629   1.0552
1.65015   1.05546
1.65193   1.05403
1.65051   1.05255
1.65276   1.04424
1.65424   1.05887
1.65301   1.05715
1.65803   1.05561
1.65487   1.05849
1.65077   1.05344
1.65362   1.0569
1.6516   1.05497
1.65506   1.04908
1.65113   1.05274
1.65749   1.04447
1.65322   1.0609
1.65291   1.05976
1.65125   1.05655
1.65298   1.06042
1.656   1.05242
1.6562   1.05479
1.65898   1.05659
1.64971   1.05465
1.64752   1.05133
1.6543   1.04427
1.65292   1.06108
1.65516   1.06111
1.65701   1.05708
1.6529   1.06004
1.65238   1.05506
1.65532   1.05582
1.65773   1.05567
1.64849   1.05208
1.65586   1.05269
1.6568   1.04584
1.65459   1.05977
1.64978   1.05735
1.65037   1.05773
1.65568   1.05767
1.65568   1.05418
1.65499   1.05646
1.6518   1.0555
1.6551   1.05264
1.65354   1.0492
1.65612   1.0445
***********BUSCA LOCAL**************
ANTES | DEPOIS
3.44807   0.880151
2.59433   0.859222
3.86312   0.873687
2.15953   0.867071
2.58692   0.873397
3.43037   0.862516
2.16013   0.882762
2.13745   0.870544
2.58141   0.86727
3.43558   0.878237
2.14484   0.885453
3.02249   0.870126
1.72111   0.877377
2.58258   0.88238
3.43456   0.867355
1.6965   0.882939
1.26686   0.872887
2.98194   0.87095
2.14271   0.888273
2.16126   0.880849
2.55015   0.869571
3.00472   0.878046
2.986   0.879603
2.59498   0.856155
1.72262   0.887771
2.16563   0.854901
1.69731   0.88537
3.85849   0.865423
3.02271   0.870818
3.42989   0.879312
1.70829   0.864379
3.88187   0.858955
2.56981   0.875551
3.00436   0.873891
2.99204   0.876914
4.28547   0.863461
3.02572   0.871814
1.70858   0.89066
3.86113   0.866488
2.1543   0.861809
3.42898   0.876398
1.7213   0.873635
1.72332   0.889902
2.58759   1.7324
2.56625   0.881128
1.71153   0.866851
3.45719   0.863454
2.57895   0.878121
3.01062   0.868974
2.58856   0.871186
