***********CONSTRUÇÃO**************
ANTES | DEPOIS
0.217258   0.171232
0.217713   0.181056
0.218164   0.175302
0.215229   0.178506
0.216835   0.166557
0.215764   0.163507
0.217216   0.16212
0.218619   0.167229
0.215945   0.161628
0.214357   0.176592
0.218236   0.165126
0.221735   0.17793
0.218653   0.175229
0.218954   0.177063
0.218969   0.166021
0.218478   0.162894
0.216966   0.160194
0.217405   0.167881
0.216848   0.160418
0.219952   0.178354
0.215581   0.166095
0.216774   0.179949
0.215419   0.17445
0.217147   0.178168
0.216751   0.16725
0.214771   0.162412
0.21683   0.161346
0.219038   0.167754
0.216739   0.160023
0.216637   0.176195
0.215911   0.165189
0.217378   0.179014
0.217512   0.175089
0.21699   0.178482
0.218388   0.166737
0.21755   0.162411
0.214527   0.161632
0.215463   0.167479
0.215734   0.160166
0.216939   0.177436
0.217043   0.165673
0.21752   0.179785
0.215274   0.175347
0.218454   0.178402
0.215264   0.166387
0.217567   0.16313
0.217834   0.161155
0.217221   0.167071
0.215405   0.161245
0.217339   0.177092
***********BUSCA LOCAL**************
ANTES | DEPOIS
0.127662   0.17461
0.177755   0.240048
0.123534   0.306853
0.112347   0.19037
0.180055   0.186858
0.12336   0.182502
0.105727   0.170984
0.120594   0.245768
0.170391   0.226436
0.131275   0.187001
0.115416   0.17753
0.172335   0.191762
0.125261   0.182883
0.114292   0.329291
0.219702   0.189794
0.117455   0.174799
0.221476   0.175619
0.188273   0.121807
0.122333   0.252543
0.125529   0.319381
0.117358   0.360237
0.223452   0.198706
0.183176   0.37618
0.227323   0.439388
0.187006   0.178559
0.240439   0.164274
0.11046   0.176679
0.126803   0.309661
0.168978   0.349073
0.22834   0.179181
0.110951   0.178937
0.118176   0.317937
0.168484   0.195328
0.225374   0.315141
0.243712   0.179224
0.175175   0.130978
0.117241   0.182918
0.224926   0.247073
0.118614   0.313278
0.110677   0.190472
0.112581   0.297603
0.168047   0.188256
0.116877   0.371793
0.120535   0.176126
0.11917   0.378792
0.246648   0.185461
0.17495   0.194423
0.213607   0.25636
0.170791   0.116887
0.115097   0.194922
