Tamanho    Peso
1038  32977
1048  33146
1023  32568
1026  32528
1020  32303
1027  32561
1022  32482
1023  32454
1022  32599
1027  32402
1048  33179
1036  32719
1028  32666
1028  32787
1027  32398
1022  32372
1020  32509
1022  32607
1022  32521
1026  32530
1042  32996
1039  33038
1026  32670
1029  32581
1026  32309
1023  32584
1023  32618
1020  32523
1022  32490
1027  32388
1043  32997
1044  33113
1029  32572
1025  32570
1021  32277
1023  32525
1018  32421
1018  32414
1026  32536
1025  32521
1032  32871
1043  33020
1025  32632
1025  32567
1025  32460
1025  32470
1019  32371
1025  32606
1028  32700
1026  32456

Time taken: 28
