22;8;1442 1931 2520 3414 3872 3879 3898 4435 6014 6371 6439 6852 7425 7458 8094 9082 9597 9683 9765 9884 9969 10214
23;8;1442 1931 2368 2520 3406 3414 3872 3879 4435 6014 6371 6439 6852 7425 7458 8094 9082 9597 9683 9765 9884 9969 10214
23;8;135 1442 1931 2520 3414 3872 3879 4435 6014 6371 6439 6849 6852 7425 7458 8094 9082 9597 9683 9765 9884 9969 10214
23;8;135 738 1442 1931 2520 3414 3872 3879 4435 6014 6371 6439 6852 7425 7458 8094 9082 9597 9683 9765 9884 9969 10214
23;8;738 1442 1931 2520 3414 3872 3879 4435 6014 6371 6439 6852 7425 7458 7794 8094 9082 9597 9683 9765 9884 9969 10214
24;8;135 1442 1931 2520 3414 3872 3879 4435 6014 6371 6439 6473 6852 7425 7458 7794 8094 9082 9597 9683 9765 9884 9969 10214
26;8;960 1442 1931 2520 3029 3261 3414 3872 3879 4435 6014 6371 6439 6852 7425 7458 8055 8094 8878 9082 9597 9683 9765 9884 9969 10214
26;8;960 1442 1931 2520 3029 3414 3872 3879 4435 6014 6371 6439 6852 7425 7458 7794 8055 8094 8878 9082 9597 9683 9765 9884 9969 10214
26;8;738 960 1442 1931 2520 3029 3414 3872 3879 4435 6014 6371 6439 6852 7425 7458 8055 8094 8878 9082 9597 9683 9765 9884 9969 10214
27;8;78 135 960 1442 1931 2520 3029 3414 3872 3879 4435 6014 6371 6439 6852 7425 7458 8055 8094 8878 9082 9597 9683 9765 9884 9969 10214
