Tamanho    Peso
1749  56384
1732  56568
1747  57002
1738  56754
1740  56982
1746  56896
1751  56696
1721  56703
1722  56629
1748  56656
1735  56784
1737  56921
1762  56794
1739  56739
1745  56693
1738  56967
1747  56625
1739  56593
1739  56795
1722  56537
1739  56656
1732  56606
1735  56472
1732  56676
1734  56550
1732  56625
1732  56568
1718  56627
1729  56683
1738  57007
1752  56674
1744  56418
1737  56925
1750  56807
1738  56715
1722  56197
1736  56805
1723  56295
1739  56939
1751  56613
1740  56891
1735  56629
1738  56731
1735  56309
1736  56798
1744  56850
1715  57142
1747  56861
1748  56448
1734  56641

Time taken: 230
