***********CONSTRUÇÃO**************
ANTES | DEPOIS
0.471687   0.300703
0.471869   0.296112
0.471853   0.296599
0.470906   0.295506
0.471498   0.29664
0.469263   0.295176
0.472629   0.295223
0.472765   0.296102
0.473656   0.29601
0.472885   0.295699
0.471622   0.298007
0.471946   0.294945
0.471149   0.296103
0.471437   0.295295
0.47196   0.296135
0.473562   0.295644
0.472242   0.295666
0.471151   0.296049
0.472175   0.295493
0.472611   0.295478
0.471577   0.297971
0.47193   0.29487
0.472715   0.296514
0.470485   0.294284
0.47214   0.296499
0.470303   0.295766
0.471276   0.294566
0.471841   0.295891
0.471092   0.295762
0.47245   0.296466
0.472564   0.298184
0.47178   0.295133
0.472079   0.296193
0.470953   0.294071
0.472135   0.297331
0.472638   0.29543
0.472918   0.294802
0.47258   0.295355
0.47232   0.295244
0.471807   0.295427
0.472192   0.297785
0.471247   0.29568
0.472235   0.296597
0.471923   0.294716
0.474034   0.296331
0.473262   0.29507
0.470944   0.294571
0.471286   0.295651
0.472964   0.295554
0.471153   0.296404
***********BUSCA LOCAL**************
ANTES | DEPOIS
0.474826   0.236915
0.59576   0.246085
0.367891   0.235856
0.83934   0.242038
0.357385   0.489108
0.969119   0.2454
0.852438   0.239063
0.48432   0.241281
0.356645   0.246925
0.855384   0.246101
0.837419   0.247308
0.478108   0.240669
0.838442   0.238925
1.08637   0.246506
0.840452   0.234215
0.718218   0.233107
0.592188   0.240776
0.848633   0.244378
0.835335   0.24516
1.32775   0.246112
0.359216   0.241384
0.48407   0.244467
0.850825   0.239198
1.08642   0.241782
0.968445   0.241367
0.47772   0.48623
0.726771   0.242604
0.841179   0.487578
0.726741   0.242766
0.603481   0.241801
0.358357   0.361252
1.08832   0.239238
0.597457   0.23798
0.841286   0.239049
0.48351   0.240012
0.714782   0.236474
1.2123   0.235214
0.482888   0.238505
0.364137   0.246864
0.962356   0.241108
0.842927   0.244534
0.840307   0.48991
1.19896   0.238951
0.844877   0.364822
0.971522   0.239852
0.838063   0.241861
0.722658   0.249532
0.477616   0.365557
1.20504   0.235607
0.476568   0.245833
