Tamanho    Peso
1030  33355
1039  33142
1039  33629
1047  33219
1037  33092
1049  32922
1040  33053
1036  32722
1026  33190
1047  33445
1047  33299
1048  33265
1048  32977
1033  33122
1050  33380
1048  33122
1043  33195
1036  33102
1040  33020
1040  33098
1032  33330
1038  33344
1045  33435
1034  33172
1027  32814
1058  33578
1051  33259
1042  32902
1030  33145
1039  33165
1031  33507
1035  33062
1040  33292
1041  33004
1027  33211
1039  33018
1034  33093
1047  33561
1044  33892
1043  33074
1040  33341
1036  33093
1041  33158
1045  33115
1049  33303
1040  33142
1039  33325
1046  33374
1042  33281
1043  33303

Time taken: 61
