Tamanho    Peso
161  6452
166  6560
165  6611
161  6479
161  6502
162  6685
159  6390
159  6564
157  6506
169  6768
159  6370
161  6517
152  6044
160  6523
156  6240
159  6361
156  6385
158  6492
159  6330
159  6792
159  6477
169  6609
165  6637
156  6551
156  6310
166  6479
154  6311
164  6564
156  6407
162  6541
166  6594
167  6576
159  6446
158  6608
150  6303
159  6691
155  6314
152  6464
163  6489
154  6565
166  6535
168  6716
162  6437
156  6352
165  6564
156  6474
151  6093
165  6708
163  6432
155  6400

Time taken: 183
