***********CONSTRUÇÃO**************
ANTES | DEPOIS
1.80594   1.6352
1.80869   1.6321
1.80213   1.62251
1.80584   1.63644
1.80747   1.6296
1.81092   1.64882
1.80175   1.59623
1.80651   1.65806
1.80441   1.63579
1.80653   1.65986
1.80366   1.63911
1.80246   1.62938
1.80316   1.62144
1.79812   1.632
1.8042   1.63207
1.8071   1.64871
1.80635   1.59263
1.79951   1.65115
1.81045   1.63364
1.80542   1.6566
1.81013   1.63495
1.80382   1.63538
1.80726   1.62171
1.80137   1.63502
1.80738   1.62426
1.80323   1.65162
1.80775   1.59485
1.80194   1.65026
1.80267   1.6341
1.8094   1.65023
1.80407   1.63411
1.80394   1.63612
1.80802   1.62079
1.80378   1.63718
1.80805   1.62349
1.80077   1.65317
1.80553   1.59682
1.80631   1.64397
1.80295   1.63323
1.80254   1.65447
1.80411   1.64017
1.80816   1.63644
1.80061   1.62124
1.79912   1.63775
1.80686   1.62751
1.80524   1.64833
1.80799   1.58942
1.80595   1.65119
1.80681   1.63164
1.81332   1.65143
***********BUSCA LOCAL**************
ANTES | DEPOIS
2.3792   1.21273
1.19123   1.23916
1.21524   1.18563
1.21128   1.83943
1.18828   2.41301
1.19558   3.02076
1.20977   1.22602
1.18596   3.01489
1.19261   2.40768
1.18403   1.80627
2.389   3.0097
1.21316   2.42815
1.18463   1.78997
1.20454   1.23392
2.42137   4.24587
1.1936   1.79217
1.19986   2.43311
1.21714   3.01724
1.19206   1.80561
1.19238   1.832
1.20313   1.21044
2.38314   1.23783
1.80184   1.8297
1.79971   1.22059
1.21324   2.42206
1.18618   1.79772
1.20077   1.23255
1.19909   1.81988
1.75893   2.41081
1.7765   1.77211
1.18578   1.20947
1.20022   1.23265
1.18552   2.43326
1.80173   1.81988
1.19515   2.42728
1.20482   1.82252
1.21104   1.1972
1.18068   4.24671
1.22161   1.21024
1.20969   2.41902
1.7932   1.22083
1.18705   1.22058
1.18636   1.79303
1.21778   1.83623
1.20573   1.81327
1.1824   3.61611
1.19465   1.22718
2.39105   1.821
1.21248   1.23546
1.19794   5.4537
