Tamanho    Peso
1046  36311
1057  35975
1071  35947
1062  35872
1055  36015
1056  36268
1041  36170
1062  36153
1063  35994
1040  35957
1068  36006
1064  36017
1051  36033
1073  36019
1053  36105
1048  36311
1051  36053
1036  36495
1050  35841
1041  36209
1053  36119
1053  35902
1056  36073
1042  36189
1053  36192
1061  36147
1048  35977
1049  36088
1064  36050
1062  36103
1058  36023
1054  36047
1055  36099
1068  35955
1060  35991
1057  36196
1063  35931
1063  36057
1065  36092
1057  35960
1057  35934
1063  36080
1074  36001
1060  36182
1048  35820
1058  35745
1059  36043
1040  36056
1060  36052
1053  35825

Time taken: 56
