***********CONSTRUÇÃO**************
ANTES | DEPOIS
0.473936   0.271093
0.472603   0.270754
0.471194   0.270355
0.473325   0.270809
0.47345   0.27221
0.471974   0.272464
0.472174   0.268383
0.472276   0.27194
0.472864   0.272206
0.472909   0.265687
0.473302   0.269173
0.472459   0.270652
0.47293   0.270759
0.474354   0.271176
0.472395   0.271796
0.470988   0.27295
0.473732   0.26889
0.472812   0.272394
0.473348   0.273096
0.472774   0.265892
0.473268   0.268031
0.473229   0.270109
0.473599   0.270767
0.471494   0.270693
0.474088   0.271583
0.472469   0.271904
0.472589   0.268424
0.472662   0.27232
0.473455   0.272033
0.471786   0.265739
0.472661   0.268715
0.472845   0.270962
0.473555   0.270189
0.473418   0.270675
0.470652   0.271653
0.473252   0.272048
0.472828   0.26857
0.471003   0.271986
0.47295   0.272164
0.473738   0.266729
0.471975   0.268869
0.472383   0.271303
0.470716   0.270273
0.474331   0.270557
0.472804   0.27258
0.473389   0.271837
0.472534   0.267776
0.47189   0.271431
0.472373   0.272934
0.473994   0.266289
***********BUSCA LOCAL**************
ANTES | DEPOIS
0.595211   0.242832
1.19749   0.242808
0.595569   0.241367
0.711182   0.244168
0.717783   0.245072
0.71469   0.481722
0.830882   0.24072
0.59898   0.24121
0.841652   0.238647
0.833553   0.244009
0.835734   0.359188
0.835458   0.478541
1.08102   0.238278
0.828516   0.245836
0.837545   0.357266
0.716397   0.245805
0.825775   0.240296
0.719894   0.237966
1.31167   0.241453
0.600211   0.247211
0.4703   0.243547
0.595493   0.243992
1.19545   0.234025
1.07478   0.247514
0.829469   0.24575
0.600964   0.237612
0.593598   0.241896
1.7975   0.239112
0.965872   0.238778
0.945415   0.246037
0.5934   0.238599
0.953542   0.233432
1.20092   0.241866
0.837882   0.24069
0.953019   0.240813
0.717187   0.239466
1.20154   0.243619
0.599902   0.241432
0.475036   0.238467
0.47585   0.246628
0.836038   0.242686
0.476366   0.24497
0.603593   0.244847
0.840323   0.235717
1.0632   0.244204
0.951667   0.243708
0.829181   0.242655
0.598037   0.239243
0.599315   0.238539
0.482244   0.245724
