Tamanho    Peso
1045  33869
1058  33799
1058  34025
1056  33966
1048  33808
1056  33992
1053  33965
1059  33930
1057  33911
1053  33918
1057  33995
1061  33951
1050  33734
1063  34008
1054  33801
1053  33858
1056  33974
1056  33987
1051  33620
1044  33928
1055  34216
1049  34019
1048  33770
1050  33746
1043  33726
1056  34228
1053  33956
1053  33643
1056  34017
1054  33738
1049  33995
1057  33628
1057  33810
1057  33897
1066  34194
1047  33883
1050  33784
1050  33911
1042  33970
1048  34200
1059  34021
1055  34350
1053  33984
1055  33931
1053  33776
1049  33703
1055  33960
1047  34014
1042  33867
1042  33785

Time taken: 65
