***********CONSTRUÇÃO**************
ANTES | DEPOIS
1.72335   1.61161
1.73502   1.58074
1.72452   1.59296
1.7154   1.59658
1.72291   1.59911
1.71712   1.59293
1.72209   1.59175
1.72369   1.53143
1.72256   1.5793
1.72791   1.59145
1.72581   1.60119
1.72886   1.57972
1.71754   1.58894
1.72174   1.585
1.72726   1.59847
1.73328   1.58182
1.72844   1.60426
1.7324   1.53242
1.72277   1.57397
1.72739   1.58974
1.72938   1.5987
1.71926   1.57544
1.72642   1.5909
1.72208   1.58542
1.7231   1.59584
1.7328   1.59346
1.72873   1.60099
1.7175   1.53444
1.71915   1.57159
1.7226   1.58271
1.72838   1.60883
1.72304   1.58799
1.72501   1.59318
1.73475   1.5978
1.71951   1.60052
1.72288   1.58299
1.72405   1.59806
1.72202   1.5287
1.72275   1.57313
1.72955   1.59189
1.72076   1.59795
1.73618   1.58026
1.72404   1.58756
1.72458   1.58874
1.73238   1.60802
1.72407   1.57995
1.72832   1.59341
1.72793   1.52883
1.72634   1.58224
1.73157   1.58327
***********BUSCA LOCAL**************
ANTES | DEPOIS
1.1531   2.34371
1.65248   3.99446
1.17607   3.29421
1.58487   2.30141
2.82881   1.72848
1.72556   1.16965
1.6593   1.15598
1.67974   1.16335
2.85139   4.03359
1.6404   1.76703
1.68305   1.74386
1.66759   1.67142
1.7164   1.74682
2.26929   1.20903
1.1737   2.28661
2.32696   1.18652
3.47153   1.74649
2.87635   1.18384
1.18178   1.70582
2.21905   2.87401
1.77247   1.17456
1.62278   2.90356
1.73189   1.75844
2.86481   2.32879
1.69857   1.74171
3.38643   1.75022
1.75191   2.29005
1.15367   1.17188
2.27024   1.16779
2.88985   2.29106
2.22919   4.01739
1.65263   1.20749
1.61749   2.32483
1.63468   1.17718
1.17084   1.18351
1.18677   1.16915
2.28633   2.28423
1.71467   1.19319
2.30227   1.73785
2.25448   2.32693
1.71826   1.56481
1.164   1.19667
2.84481   1.17183
1.71028   2.90639
2.21984   4.11031
5.81865   1.16054
1.6542   1.17588
1.15659   1.20493
1.73683   1.17483
3.99702   2.31367
