***********CONSTRUÇÃO**************
ANTES | DEPOIS
0.201881   0.144606
0.199644   0.140275
0.201211   0.131579
0.2005   0.130708
0.199486   0.135344
0.199528   0.129691
0.200908   0.123725
0.199549   0.122425
0.202064   0.128141
0.199108   0.115387
0.201154   0.137461
0.200631   0.138873
0.201254   0.13119
0.201232   0.130448
0.201432   0.135169
0.200519   0.129426
0.202292   0.123313
0.199768   0.122894
0.197523   0.128093
0.20082   0.115269
0.201153   0.138136
0.199416   0.138747
0.198803   0.131478
0.200144   0.130632
0.197108   0.136701
0.200375   0.130066
0.201118   0.123604
0.19796   0.122684
0.19826   0.127747
0.198624   0.114741
0.19981   0.138032
0.200133   0.139069
0.200163   0.131338
0.198994   0.130814
0.199815   0.135156
0.197653   0.128894
0.20164   0.122944
0.199568   0.123164
0.199504   0.128541
0.200389   0.11572
0.200331   0.139149
0.199791   0.139437
0.200204   0.131781
0.200445   0.130734
0.200593   0.134796
0.199355   0.129509
0.200609   0.123689
0.201117   0.121944
0.199601   0.128175
0.198308   0.114614
***********BUSCA LOCAL**************
ANTES | DEPOIS
0.107791   0.116598
0.167716   0.16913
0.166071   0.114199
0.113195   0.107414
0.108524   0.109857
0.111446   0.216502
0.110435   0.109298
0.164189   0.113691
0.108405   0.113139
0.101877   0.118139
0.105617   0.224237
0.105291   0.11104
0.099727   0.116511
0.104264   0.230417
0.165213   0.115253
0.162568   0.114453
0.10375   0.111058
0.105283   0.107755
0.112332   0.104816
0.106019   0.11414
0.110692   0.115318
0.168324   0.116154
0.10919   0.114502
0.218338   0.113014
0.111037   0.167923
0.102657   0.119494
0.114649   0.112404
0.10425   0.119192
0.109434   0.113048
0.095621   0.11047
0.109695   0.335904
0.109603   0.336556
0.104409   0.169333
0.098295   0.111233
0.109582   0.107333
0.110185   0.108397
0.10881   0.10554
0.111638   0.115435
0.109138   0.118308
0.109241   0.117892
0.097963   0.167742
0.105651   0.335182
0.104531   0.234759
0.101241   0.115361
0.103032   0.109818
0.109266   0.116852
0.10119   0.115841
0.107914   0.110883
0.099942   0.113873
0.161224   0.114505
