Tamanho    Peso
244  8132
231  7692
237  7788
230  7582
233  7901
226  7536
228  7573
220  7314
226  7287
214  6961
230  7624
239  8085
236  7888
223  7355
232  7898
232  7634
227  7614
221  7312
226  7342
217  7075
237  8104
237  8085
231  7729
228  7434
232  7699
229  7557
230  7659
220  7165
225  7388
214  7001
228  7861
230  7995
229  7698
230  7582
231  7833
224  7500
228  7625
221  7314
226  7258
217  7097
234  7822
229  7683
228  7654
233  7571
233  7853
227  7529
226  7472
224  7392
222  7289
215  6993

Time taken: 14
