***********CONSTRUÇÃO**************
ANTES | DEPOIS
0.487058   0.322942
0.486516   0.322123
0.487221   0.325098
0.485842   0.318668
0.487639   0.317702
0.488236   0.316055
0.486486   0.313943
0.487297   0.317502
0.488751   0.318386
0.487932   0.316662
0.487607   0.319014
0.488591   0.320423
0.488167   0.32589
0.487658   0.317898
0.485141   0.317314
0.487904   0.315539
0.484655   0.313664
0.48715   0.316783
0.486749   0.318987
0.487128   0.317033
0.48763   0.318988
0.487536   0.320564
0.48877   0.325722
0.488783   0.319107
0.488352   0.316911
0.486706   0.315227
0.487074   0.315136
0.487647   0.317324
0.48988   0.317477
0.487152   0.316404
0.487621   0.320072
0.486334   0.321444
0.489023   0.324441
0.489869   0.319369
0.48714   0.31741
0.487693   0.314869
0.486597   0.314584
0.487353   0.31675
0.488674   0.318463
0.488452   0.316177
0.489238   0.3185
0.488491   0.320531
0.487278   0.324119
0.488478   0.31963
0.490109   0.317633
0.48766   0.31475
0.487732   0.315351
0.486129   0.317727
0.487891   0.318332
0.488226   0.316696
***********BUSCA LOCAL**************
ANTES | DEPOIS
0.625614   0.375764
0.755908   0.631954
0.50527   0.380628
0.627831   0.509959
0.766015   0.256786
0.759415   0.383272
0.886109   0.51076
0.762921   0.383297
0.506391   0.385397
0.632836   0.385453
0.761845   0.372526
0.502974   0.385317
0.379683   1.02022
0.6319   0.513108
0.623424   0.387523
0.366622   0.381154
0.633084   0.509768
0.626588   0.380294
0.37909   0.379641
0.374258   0.382651
0.641262   0.635872
0.380295   0.509495
0.76115   0.511995
0.508812   0.382707
1.01631   0.3814
0.638205   0.516379
0.505586   0.381039
0.634097   0.379279
0.371442   0.508715
0.888296   0.381762
0.891012   0.374166
1.01158   0.509144
0.88201   0.371472
0.381549   0.386458
0.505429   0.634806
0.626095   0.513096
1.01262   0.386015
0.372066   0.375608
0.761516   0.506224
0.760082   0.891225
0.377504   0.509138
1.02506   0.376619
1.26345   0.37954
0.385378   0.382281
0.765043   0.511744
1.14331   0.386167
0.76413   0.765239
0.75682   0.384903
0.635055   0.379551
0.883698   0.637542
