Tamanho    Peso
1070  35875
1058  35785
1087  36270
1081  35778
1082  36174
1089  35698
1100  35908
1095  35992
1088  36278
1078  35573
1104  36131
1104  36284
1074  36340
1093  36134
1074  35686
1070  35580
1101  36183
1089  35747
1069  35940
1069  35974
1091  36002
1086  36098
1086  35689
1096  36336
1081  36062
1088  35923
1084  35895
1101  36224
1087  36187
1106  36045
1099  36079
1092  35968
1084  35730
1084  35878
1095  35951
1091  35907
1093  35993
1084  36423
1094  35815
1083  36011
1079  36171
1096  35907
1086  35852
1082  36152
1093  35957
1091  35965
1089  35889
1088  35955
1098  36295
1087  35614

Time taken: 59
