4039
2	219
4	6
31	1
84	16
27	1
53	9
23	6
8	4
86	2
98	28
74	8
78	1
79	1
76	9
17	7
74	1
39	1
70	5
12	1
53	5
26	15
14	26
61	8
38	2
49	14
17	11
94	46
32	5
39	2
55	4
92	16
76	15
56	2
3	1
54	3
57	1
12	10
31	1
94	5
22	9
55	31
16	11
33	2
24	1
58	3
82	2
10	4
31	1
58	7
84	1
91	2
41	3
14	1
79	12
92	8
50	10
38	68
50	10
64	6
45	11
54	5
69	2
38	13
28	3
87	4
57	11
3	3
32	62
21	3
76	2
61	2
61	2
41	19
20	10
34	1
76	6
45	3
2	1
47	4
29	9
44	14
63	3
35	8
14	2
7	6
18	13
65	1
17	3
40	18
13	5
4	1
64	1
85	13
83	2
46	1
68	3
48	3
87	1
27	40
88	12
93	4
52	1
35	5
66	16
8	14
50	5
19	4
12	259
79	1
37	21
56	1
17	13
34	2
37	15
6	1
45	12
33	13
11	6
68	35
44	42
58	3
86	2
7	39
30	11
94	1
64	3
71	2
5	12
34	8
68	3
17	8
41	3
12	2
68	3
31	12
54	2
57	103
64	15
40	1
3	7
11	10
34	10
46	5
41	10
79	6
22	2
24	7
96	5
65	16
66	8
79	8
35	6
62	5
1	2
94	1
85	1
68	5
37	1
8	15
96	5
37	2
85	19
83	4
47	4
99	2
46	8
83	1
63	2
29	4
96	35
65	19
79	3
3	32
1	11
44	2
48	10
17	10
43	3
15	1
98	3
6	14
90	4
75	1
84	1
67	18
78	21
63	16
20	12
22	13
27	1
20	1
100	2
57	1
86	3
36	9
36	6
79	2
80	14
82	9
8	18
46	12
83	1
92	4
25	16
74	20
30	1
76	1
28	3
24	2
54	1
48	1
51	2
19	16
83	18
97	14
99	1
27	2
1	6
35	9
83	1
27	4
100	1
46	5
85	11
44	9
31	9
80	9
21	13
14	3
1	1
44	1
3	8
32	20
40	2
80	1
26	4
90	2
60	4
56	5
7	14
35	3
94	1
21	14
15	6
68	1
48	5
13	1
33	3
6	5
15	12
97	5
43	10
17	32
73	3
99	16
75	2
20	1
98	8
33	11
27	8
78	4
63	24
76	2
38	1
70	1
18	10
92	18
4	2
14	11
32	5
60	4
96	68
26	29
71	3
56	9
62	9
75	15
75	56
22	10
83	2
64	24
9	4
11	1
66	4
44	5
88	17
56	1
86	1
28	1
91	4
5	10
16	9
80	1
80	2
54	2
92	2
13	3
75	2
68	7
52	20
89	7
66	1
26	16
29	9
58	44
89	1
75	4
44	4
46	15
56	4
37	10
67	5
3	10
25	13
84	3
80	4
66	1
20	4
99	9
97	4
71	10
22	1
40	17
51	9
41	13
35	14
57	13
78	1
45	7
80	14
29	1
53	19
8	21
90	4
24	26
14	1
22	3
90	3
53	1
98	1
98	1
21	12
85	30
64	15
4	6
9	3
54	5
31	5
37	182
18	2
9	18
5	4
71	19
42	18
86	25
19	34
23	1
89	9
41	1
35	7
95	22
29	7
56	14
12	15
82	4
55	2
17	66
19	19
5	1
13	12
51	58
25	3
73	10
31	44
18	34
62	14
60	129
64	2
100	56
11	1
8	6
70	6
28	12
62	1
51	4
26	2
60	1
77	14
15	29
50	23
76	2
96	20
100	33
54	6
37	23
83	73
34	6
20	9
43	32
97	6
59	47
50	2
23	21
3	18
37	4
73	1
14	4
46	8
30	40
67	4
20	7
63	1
52	43
17	2
67	44
42	21
86	21
48	41
21	13
50	9
5	1
68	22
42	30
34	4
16	2
89	14
100	1
91	3
37	88
100	8
72	17
32	47
84	33
18	1
32	27
12	9
40	48
57	9
43	61
4	36
41	3
97	4
99	12
94	2
47	13
41	26
86	18
79	1
7	2
24	6
14	1
78	12
65	16
38	5
76	1
69	13
89	50
60	18
57	21
25	4
46	29
76	50
93	1
51	9
50	5
90	44
12	7
73	3
53	2
87	4
55	13
49	17
76	3
81	4
61	12
38	103
73	5
41	2
68	6
65	35
69	2
36	8
24	7
60	2
22	13
57	3
5	16
22	14
64	4
16	2
58	10
35	4
18	2
47	3
66	8
58	18
68	7
19	47
5	2
20	1
76	2
53	8
32	5
63	34
27	6
23	3
83	4
17	32
32	4
89	6
78	5
35	16
90	18
89	4
83	22
19	14
35	18
41	95
48	16
16	5
85	26
13	4
95	8
18	8
97	58
27	57
3	28
19	9
66	11
86	5
66	4
57	17
79	2
21	1
3	7
56	5
27	7
53	29
50	8
99	17
80	2
19	7
89	53
27	7
48	12
1	6
68	6
69	21
57	31
29	6
30	1
46	13
52	4
76	51
73	7
98	30
2	12
38	30
58	11
44	58
76	15
70	56
57	5
45	51
32	4
73	5
9	26
16	35
68	4
65	3
69	12
48	2
30	2
12	25
49	5
44	8
4	14
22	5
55	12
25	12
91	50
98	1
15	3
63	15
8	14
78	1
92	5
49	5
9	10
12	15
68	7
84	39
72	13
34	3
24	2
68	18
55	44
17	1
82	13
7	15
9	1
68	9
8	1
25	12
28	3
77	5
95	75
69	1
69	1
96	15
65	4
62	7
31	6
92	1
60	32
4	6
33	19
71	23
39	4
59	4
36	18
65	5
51	8
48	12
91	1
67	8
61	11
26	8
57	11
55	9
18	13
39	9
33	18
41	1
8	11
40	5
38	20
25	69
41	1
10	10
70	9
38	66
55	2
20	7
83	11
30	15
36	6
1	6
81	2
90	3
43	20
35	36
85	4
71	15
34	20
7	1
8	3
84	7
58	3
25	15
81	2
91	11
26	4
35	8
83	4
46	16
56	12
61	1
90	1
68	2
16	3
29	2
22	3
89	4
66	1
71	12
72	2
65	22
52	15
55	7
26	9
16	11
31	9
73	30
11	20
94	11
19	156
53	6
85	15
71	1
58	8
100	6
3	1
30	14
15	2
44	20
35	4
25	27
87	53
36	2
42	6
75	5
54	8
3	27
19	3
39	64
67	13
9	8
54	25
26	8
25	8
63	2
32	11
27	13
37	10
67	4
46	2
93	1
19	19
88	43
20	9
17	4
16	2
6	2
67	2
40	8
5	20
54	15
42	20
6	9
46	10
11	4
64	8
42	3
49	7
22	2
60	5
54	11
68	2
48	16
43	6
77	2
93	3
34	2
15	2
15	1
62	8
55	47
79	16
10	1
30	2
96	4
74	33
67	9
8	11
26	13
5	2
48	3
37	9
35	4
72	1
14	1
26	8
10	11
69	4
31	10
55	25
90	2
27	10
68	13
74	22
88	13
47	6
30	7
20	22
85	2
65	1
77	13
71	6
45	18
9	25
92	48
53	9
90	9
40	19
65	1
2	4
46	10
90	4
35	4
39	2
53	7
21	2
44	9
66	13
85	9
16	3
37	24
8	5
99	3
87	23
64	1
66	3
40	2
37	11
64	28
44	7
82	8
96	4
11	3
17	30
88	4
71	4
52	6
54	19
30	11
64	3
80	1
6	9
83	19
96	8
21	8
66	2
8	54
30	14
27	4
65	5
30	6
93	28
18	23
82	52
39	12
43	1
73	5
93	6
94	8
6	12
79	6
19	19
36	11
56	8
47	2
79	13
7	13
9	8
70	1
22	4
35	27
81	8
65	7
66	3
61	2
76	3
46	43
77	2
46	1
47	37
3	12
20	2
100	2
85	2
69	9
80	23
23	4
62	1
33	3
48	4
2	5
84	3
73	4
79	3
43	5
62	4
54	5
6	6
12	1
26	1
49	4
87	5
65	5
9	4
78	3
94	8
35	1
25	1
88	9
24	8
32	6
79	8
21	9
42	3
78	1
16	1
23	2
100	2
1	6
41	12
68	20
9	14
15	3
60	10
40	34
36	17
72	8
12	1
49	3
28	5
23	5
4	11
96	2
37	4
63	1
77	4
62	42
35	5
70	21
30	36
29	79
84	1
78	6
95	1
52	98
4	22
16	7
72	35
15	46
58	18
36	54
63	1
71	2
73	49
91	5
1	39
18	21
22	10
83	3
72	1
90	6
61	2
39	8
68	9
43	53
33	22
63	6
74	7
92	2
25	114
51	14
4	9
61	18
14	5
92	15
29	2
17	51
38	39
24	5
59	7
33	46
43	23
86	22
33	2
18	11
10	15
34	22
40	7
41	6
40	51
43	76
65	21
9	3
65	7
58	23
50	5
13	16
41	10
13	20
26	1
82	10
50	87
3	5
12	110
95	11
75	7
71	15
99	7
92	7
16	11
89	5
42	34
9	23
3	24
7	17
3	6
19	102
2	14
93	43
64	1
16	43
27	6
80	23
69	13
91	8
71	4
53	61
84	44
98	1
34	98
17	9
44	4
39	56
8	18
62	16
22	15
12	5
67	14
77	15
61	9
23	71
98	13
98	45
87	33
70	23
52	4
59	3
21	47
44	3
33	48
50	3
34	22
54	69
51	7
87	3
98	63
97	7
87	3
80	5
42	39
97	24
87	5
91	3
56	23
87	47
44	8
42	1
1	13
81	7
25	3
66	24
79	36
73	75
9	5
41	4
4	30
94	1
48	49
50	8
74	8
43	3
76	4
46	134
30	44
80	6
44	21
32	3
11	23
90	2
59	63
68	10
23	33
53	21
1	6
24	3
41	20
91	6
1	43
45	68
65	99
41	11
72	72
33	48
28	3
53	24
7	12
100	71
85	11
50	28
57	102
11	7
91	10
66	13
40	5
74	2
37	6
15	7
37	5
94	23
72	1
54	27
19	3
11	13
61	19
40	117
37	50
66	6
54	57
19	3
44	25
100	14
9	26
92	32
12	55
13	5
83	1
16	24
22	37
4	14
38	22
99	57
96	19
53	1
99	36
97	19
66	3
26	2
61	124
71	96
5	40
10	19
100	68
40	5
51	41
55	3
89	14
65	3
20	3
88	34
40	14
64	12
31	2
31	13
61	5
66	11
35	2
4	3
52	17
59	1
38	82
93	3
17	39
66	55
26	10
58	4
89	6
23	47
13	4
62	10
58	51
89	5
54	8
30	35
40	17
58	11
52	5
7	2
11	3
55	3
78	42
5	8
36	2
37	15
36	20
72	23
78	92
36	13
9	13
40	85
56	2
76	14
3	3
74	25
7	10
52	67
44	38
1	29
39	64
79	138
88	1
18	3
15	5
51	20
22	39
22	50
91	51
84	8
83	1
57	40
90	1
76	15
20	28
64	102
18	3
84	21
45	2
73	2
59	30
37	71
65	1
9	58
58	1
99	65
54	13
33	64
66	21
79	1
41	40
96	36
37	2
66	21
84	10
95	12
12	7
74	7
40	142
82	12
78	1
89	22
38	3
77	34
86	22
41	17
2	26
35	52
70	10
74	2
89	9
47	100
98	16
28	40
54	81
85	3
93	6
14	6
51	7
85	30
49	4
61	37
16	27
91	19
46	6
91	9
83	83
33	9
57	3
20	3
73	4
40	21
34	127
98	15
95	28
71	38
59	15
97	7
77	1
12	1
55	2
7	14
38	13
21	71
3	9
55	96
48	1
43	31
51	13
68	44
74	22
44	9
68	1
59	76
30	20
69	18
23	40
25	25
66	32
6	13
88	20
46	17
10	22
20	8
31	73
9	68
25	28
41	36
43	30
40	35
72	21
60	1
87	19
53	6
80	13
23	2
22	30
55	6
59	28
43	6
61	10
98	4
7	8
30	14
88	10
74	10
33	18
52	17
69	60
71	26
66	8
67	42
13	31
21	21
95	4
65	18
19	3
92	12
99	45
26	70
46	18
96	1
36	2
97	18
54	16
3	100
65	33
9	72
42	41
52	3
97	88
95	4
77	45
91	34
63	59
64	69
19	55
37	73
9	6
61	31
5	48
33	64
37	1
49	48
75	31
18	39
68	21
37	18
1	115
23	1
47	3
22	26
49	18
23	30
44	52
20	44
51	20
72	61
97	2
16	19
24	3
93	17
48	64
40	49
60	9
11	18
100	106
27	25
43	2
58	49
85	20
89	3
32	109
73	190
83	13
3	40
25	82
50	26
80	31
72	1
50	11
49	5
19	1
2	4
76	9
50	11
39	14
98	40
1	22
2	12
62	1
89	1
4	40
61	10
26	23
26	57
19	8
81	6
52	3
49	6
44	28
39	50
39	1
51	11
58	21
73	103
9	2
56	4
51	6
98	29
1	5
8	15
100	63
7	3
21	18
79	11
8	84
97	17
57	8
88	43
3	6
85	10
73	35
26	21
61	23
4	8
50	1
83	51
50	10
1	15
47	2
37	55
51	24
3	45
31	32
74	20
49	10
96	6
54	4
49	7
49	22
78	8
66	18
47	46
52	51
88	89
81	15
55	20
8	16
91	13
98	26
75	1
77	75
72	33
96	20
96	6
75	8
93	6
89	40
6	2
90	25
94	41
20	1
54	101
9	18
68	34
11	63
5	68
65	19
21	38
47	4
55	37
46	1
12	5
90	8
26	61
13	76
2	16
72	12
10	87
2	4
86	27
71	4
2	57
65	20
98	19
43	2
35	79
3	13
21	22
66	10
71	44
70	6
61	19
30	5
72	6
99	8
46	4
99	9
56	8
74	18
78	34
57	4
55	24
10	4
50	125
25	4
5	3
48	34
38	42
39	25
12	48
19	32
6	2
61	13
84	19
65	30
1	2
78	5
31	28
33	7
66	11
57	10
7	7
40	14
33	13
6	38
67	5
6	21
44	4
36	26
51	44
93	16
73	7
9	50
8	75
87	40
2	26
96	13
47	21
5	2
16	15
27	1
37	22
5	20
49	28
63	36
92	124
1	4
28	23
70	1
54	18
13	7
51	9
15	2
46	159
80	1
32	11
95	6
90	12
52	3
91	30
89	6
73	29
97	10
2	4
87	58
26	27
13	27
10	11
25	13
50	15
68	62
14	164
53	2
12	5
44	14
22	1
35	33
25	73
45	31
1	18
84	2
34	53
54	14
79	86
2	43
86	34
14	19
82	7
53	10
22	27
99	72
80	23
40	130
68	2
33	17
71	12
98	12
68	117
52	139
33	16
26	7
74	4
69	7
5	39
52	140
70	14
72	131
36	153
57	15
98	3
75	41
9	86
25	4
74	28
73	72
80	160
25	94
37	53
60	5
66	18
70	29
13	3
88	71
7	20
55	1
36	5
25	14
100	7
23	23
76	15
31	51
94	62
60	33
52	26
75	7
33	3
8	8
41	98
97	48
42	43
51	17
79	29
25	2
75	10
55	5
94	2
57	56
44	65
21	2
38	39
15	11
42	5
67	5
68	62
81	24
66	61
90	1
10	180
74	2
64	54
86	28
17	4
44	64
61	81
58	7
10	10
19	24
98	32
85	13
53	63
78	5
48	26
62	11
32	11
92	16
67	20
52	1
74	99
46	4
63	28
35	18
79	34
28	76
43	80
40	2
29	15
64	19
35	2
36	30
65	8
65	3
8	3
70	10
67	17
67	2
70	7
6	8
58	58
23	10
48	18
46	36
83	78
7	2
39	9
87	2
21	5
37	1
70	4
60	89
73	62
18	38
31	120
41	45
59	19
40	45
28	18
86	1
50	43
31	31
86	41
42	21
19	6
37	31
88	8
76	126
78	4
5	17
67	6
47	38
59	59
35	90
27	34
48	26
63	14
16	28
46	64
9	43
39	8
56	34
45	14
38	197
76	4
81	3
39	6
19	97
69	50
36	15
76	19
22	15
65	2
90	1
46	54
78	26
95	2
62	1
15	88
64	4
46	26
36	21
26	56
33	34
10	34
92	177
7	10
74	47
54	11
32	27
13	3
35	29
93	3
1	1
47	5
1	18
11	18
28	16
41	14
34	11
84	51
86	12
94	20
60	13
74	16
98	3
52	66
96	34
32	82
7	6
11	35
74	52
47	30
13	2
64	5
41	16
74	119
88	97
86	5
67	11
42	9
97	136
100	13
40	4
40	39
12	13
58	58
27	5
37	55
95	19
36	121
99	6
14	21
28	77
37	1
9	16
62	26
74	62
1	12
95	6
64	120
93	30
43	19
28	37
9	142
83	55
10	4
5	14
72	33
25	6
30	23
38	1
42	119
55	11
76	20
85	3
6	31
63	7
48	13
31	56
65	36
52	63
46	32
100	34
43	11
77	12
8	100
66	10
28	1
42	8
20	12
46	2
55	2
77	1
51	42
61	27
20	19
92	7
71	81
34	15
66	42
37	41
27	1
74	30
22	3
9	13
93	4
71	5
67	57
4	47
6	23
87	1
76	21
93	46
20	22
11	21
39	135
9	24
2	19
71	22
49	15
68	23
37	9
43	28
37	7
23	142
9	2
18	5
38	32
34	2
40	24
45	45
95	28
43	7
87	8
23	25
43	39
27	22
80	12
86	61
66	8
9	11
69	8
62	10
39	19
67	5
91	4
8	12
17	12
33	150
14	1
38	39
96	3
39	70
37	115
42	19
37	44
80	95
31	37
15	12
36	34
51	6
45	28
15	122
59	1
15	23
53	31
80	11
20	6
27	95
98	3
61	4
22	36
43	7
82	4
77	96
42	14
47	65
37	90
98	23
11	156
19	29
16	117
62	137
72	107
94	40
60	5
55	7
47	21
36	10
57	94
48	29
92	31
36	2
58	29
27	30
98	28
82	27
47	4
52	25
35	12
91	65
3	14
26	169
45	1
32	19
78	1
3	48
77	149
100	39
24	32
6	5
76	13
89	20
35	5
44	2
89	89
67	33
30	43
96	14
57	20
30	27
58	158
54	41
71	23
73	10
84	54
70	18
17	13
32	8
2	141
76	47
60	60
84	2
37	51
18	17
6	14
79	30
80	15
1	20
42	42
99	23
3	80
35	40
77	168
26	2
45	18
19	81
46	16
49	5
85	6
27	6
65	2
57	12
94	2
97	17
82	15
59	127
14	14
6	45
62	18
72	6
35	6
14	95
97	24
62	50
79	29
23	132
97	26
91	63
39	45
76	8
86	20
7	17
30	68
42	54
47	52
49	117
55	2
61	54
23	101
36	24
66	126
49	60
40	127
4	9
78	34
50	12
65	8
15	106
72	54
85	79
72	20
100	89
47	1
81	40
38	137
75	96
25	27
16	39
13	96
46	135
50	5
6	8
54	22
59	50
79	126
96	1
81	122
80	96
10	67
48	65
28	39
1	6
48	9
20	61
87	1
3	2
63	96
1	10
31	43
94	30
7	29
10	89
87	11
13	82
2	9
43	150
86	25
85	43
11	148
94	4
73	10
85	16
7	34
4	5
49	9
97	3
89	7
41	50
99	131
70	11
17	4
33	4
59	6
88	93
25	91
70	34
32	66
85	95
44	8
26	10
88	12
46	4
31	54
2	138
94	12
33	3
87	11
17	89
86	63
69	66
40	36
59	3
93	63
60	31
34	8
79	6
62	177
100	34
13	4
25	18
76	86
20	74
26	36
62	16
43	95
73	125
68	14
4	203
30	4
99	41
3	26
88	13
52	11
8	49
92	104
74	140
41	73
32	5
81	130
77	93
22	18
57	17
84	30
53	2
79	37
79	24
28	11
45	3
57	22
47	64
35	56
18	5
65	1
42	3
93	44
19	12
23	46
7	139
39	28
22	52
63	1
49	27
18	5
73	3
96	88
25	40
91	13
58	2
42	61
51	5
20	15
51	6
48	10
51	106
21	33
54	64
24	35
76	2
99	13
66	34
20	1
77	90
83	16
69	54
84	149
9	137
40	55
49	7
68	88
25	3
23	12
22	51
85	18
38	4
98	15
29	47
44	1
82	5
90	70
1	21
21	25
28	4
19	8
51	158
26	4
26	168
10	15
45	38
97	110
28	12
84	6
14	31
13	4
8	15
49	153
27	3
68	9
32	64
33	1
77	2
14	9
58	29
53	19
68	4
84	29
46	36
55	56
50	31
58	27
74	158
17	2
26	32
58	41
27	13
43	11
100	29
56	2
30	10
64	21
61	67
44	7
18	1
17	120
69	21
29	21
83	14
46	2
33	4
69	2
44	59
13	5
71	160
5	20
81	90
49	1
66	11
99	152
93	29
7	40
45	19
7	110
31	56
87	16
58	18
74	59
70	53
49	9
59	86
39	52
72	43
31	7
30	1
24	18
49	20
88	110
16	65
72	4
50	109
62	35
65	45
60	14
73	22
73	2
64	6
21	129
2	3
76	4
85	82
58	27
81	47
29	1
90	31
46	130
11	51
98	126
94	13
9	19
17	10
1	3
96	13
19	32
28	8
81	30
44	24
48	22
34	16
24	6
29	7
62	25
28	112
13	66
67	73
90	21
54	135
67	22
67	1
50	15
78	39
58	122
71	24
49	23
33	104
27	7
92	72
99	108
98	81
91	14
36	20
51	57
26	40
42	13
53	16
90	179
25	145
54	13
3	27
99	4
77	4
100	67
64	149
39	11
14	81
80	10
14	5
90	44
50	11
35	13
25	4
35	103
22	49
44	21
94	8
63	42
18	59
39	193
65	83
97	21
10	43
78	12
58	95
66	1
1	24
61	66
75	26
74	23
87	1
23	1
10	1
3	14
52	167
11	26
21	14
97	7
35	3
5	2
45	30
50	2
73	9
22	18
9	69
46	135
16	53
79	16
58	46
56	59
73	16
80	9
25	6
76	9
1	109
50	12
54	1
42	8
13	102
25	129
62	150
68	22
42	5
7	10
79	170
11	21
80	34
48	70
17	62
63	71
7	39
62	1
16	5
37	85
18	3
49	1
35	5
8	18
65	188
27	58
76	141
98	4
31	11
11	97
20	7
64	21
90	6
37	3
32	37
84	5
38	7
32	4
51	2
99	16
5	16
10	5
14	71
86	10
4	24
42	15
22	3
100	100
35	3
67	4
12	6
19	2
34	1
24	1
88	46
3	19
47	54
23	25
23	96
55	57
9	16
100	9
54	1
44	61
90	141
57	37
63	1
54	99
24	18
36	46
100	2
7	14
54	18
10	1
42	28
54	16
64	7
83	2
56	69
8	2
91	12
51	1
39	7
53	4
33	37
78	28
77	12
30	13
65	143
59	3
6	9
59	89
69	10
90	16
70	15
74	20
62	88
65	52
79	14
66	5
8	1
95	3
79	36
66	35
66	19
1	68
40	122
93	91
4	60
88	7
31	4
85	1
88	56
96	5
21	11
78	31
4	48
11	110
100	6
76	15
4	12
88	13
39	122
7	4
66	3
66	22
7	13
40	19
54	8
12	29
95	6
1	10
65	36
83	94
92	44
80	91
90	31
42	2
99	188
73	34
93	24
12	8
92	123
45	37
37	6
71	156
97	127
33	96
87	73
76	27
77	24
76	135
22	50
46	1
16	11
88	59
61	64
59	129
1	8
1	105
11	185
20	4
95	19
71	44
18	4
58	1
100	2
61	25
2	6
98	106
28	100
29	82
36	43
92	20
94	116
25	32
15	2
14	20
47	48
89	20
81	14
58	18
83	184
58	10
80	85
4	75
91	89
47	1
24	1
14	83
81	65
25	2
33	1
56	10
26	131
94	11
94	174
90	74
25	162
11	7
53	116
63	16
51	44
21	184
98	90
94	49
75	45
77	79
8	23
37	18
77	15
90	33
86	70
98	6
78	16
14	24
78	3
26	4
36	8
5	18
84	29
14	185
16	34
69	24
23	19
7	119
39	126
72	101
28	4
86	13
81	2
39	11
78	32
90	21
14	89
49	10
92	29
58	3
4	77
34	78
35	6
28	21
89	58
49	12
72	8
72	106
36	14
62	3
26	37
29	67
44	44
39	13
90	8
47	9
26	22
71	38
72	12
37	80
2	7
27	5
22	62
25	49
61	4
25	18
40	24
29	35
81	7
22	5
19	29
67	19
52	27
8	6
40	77
87	4
32	9
13	49
63	48
13	44
26	7
13	11
93	5
100	1
11	9
47	10
45	1
26	39
2	7
22	2
81	1
81	6
21	62
17	11
34	4
10	9
70	54
76	11
14	7
87	1
100	20
5	15
97	2
43	4
67	65
43	9
24	31
58	12
21	7
30	9
7	10
65	15
12	2
41	5
19	47
53	37
11	32
65	57
39	1
10	5
23	3
3	4
79	66
41	8
38	9
5	10
61	22
23	55
13	28
1	16
94	4
1	13
9	16
15	13
24	4
55	20
80	4
91	4
69	2
9	22
53	6
53	7
85	10
36	33
41	13
81	1
40	11
42	31
50	66
99	28
84	3
71	14
14	69
24	48
96	2
91	31
48	4
64	7
69	4
82	24
39	10
47	21
46	4
79	36
48	10
21	1
34	11
97	7
8	13
81	6
4	24
7	36
66	1
87	13
74	3
48	10
81	32
42	10
38	11
74	28
1	57
67	27
40	2
85	7
82	102
55	6
89	1
88	18
31	3
92	10
94	3
68	86
37	13
4	5
81	46
10	25
74	1
18	4
38	78
13	3
20	9
56	3
27	2
65	3
20	10
65	3
99	1
91	12
45	15
12	3
75	25
9	5
96	2
13	34
80	7
4	2
43	15
62	7
5	12
83	4
87	8
41	27
35	1
72	11
76	9
55	10
56	6
2	27
88	19
88	10
43	10
22	65
5	8
58	36
14	22
36	4
91	4
36	87
6	31
55	24
42	1
35	18
71	18
3	8
2	5
81	10
84	7
80	27
38	21
48	16
81	1
50	16
11	3
99	1
44	11
2	1
61	12
37	8
76	1
93	4
29	15
72	57
27	12
52	28
92	68
14	59
34	15
47	25
100	17
65	16
50	15
31	30
57	1
45	7
5	14
60	85
14	5
49	15
38	64
56	15
50	1
5	6
36	6
32	4
1	7
81	16
65	12
64	16
29	61
53	11
49	18
22	4
47	60
54	6
21	34
64	1
81	6
5	1
24	6
2	27
35	5
77	2
44	3
20	7
53	32
61	20
87	26
15	40
51	21
20	52
80	53
92	36
56	40
28	48
36	24
6	17
63	11
69	4
26	50
82	20
63	2
31	6
75	22
86	32
68	5
47	46
93	39
58	14
86	4
78	20
66	34
44	5
68	20
37	8
4	34
23	2
63	6
19	49
1	29
13	1
14	8
66	35
1	56
5	46
12	10
59	6
68	8
8	14
18	47
28	73
18	1
86	3
55	9
69	5
13	52
23	10
44	38
31	1
16	88
82	9
68	11
8	4
46	13
21	12
63	2
83	5
51	7
13	11
76	33
64	1
14	2
65	70
27	27
1	3
81	18
72	1
26	25
86	3
46	1
33	12
7	5
92	17
38	13
17	24
85	14
53	25
19	11
7	28
64	9
90	9
93	17
48	1
92	20
40	9
92	29
96	14
42	3
58	10
43	24
93	24
6	59
29	1
14	36
20	10
98	2
26	1
22	15
12	19
58	21
1	34
27	11
98	20
87	15
48	7
81	2
60	42
88	28
62	8
27	17
83	31
94	64
66	13
32	11
79	42
33	54
38	53
78	11
79	4
94	5
46	1
69	22
12	65
45	9
62	65
57	29
46	3
3	86
16	12
93	2
75	5
76	5
35	3
100	4
70	2
91	24
19	17
23	12
20	62
58	11
89	21
76	14
16	7
50	27
15	1
77	52
70	1
2	7
5	4
69	59
97	4
92	16
23	3
100	43
85	50
26	9
23	6
12	1
82	14
20	35
58	1
37	32
100	35
30	4
42	3
82	31
62	16
9	64
91	27
29	1
69	3
53	66
58	3
32	32
28	31
38	30
99	43
63	5
64	6
54	28
94	4
100	9
11	3
42	5
72	9
81	58
27	31
35	43
100	6
78	15
70	69
15	4
94	20
18	1
20	5
18	13
9	51
72	16
29	1
24	17
39	48
92	12
40	58
5	21
45	37
17	43
50	40
85	43
59	45
3	3
76	3
96	8
37	22
7	19
84	1
17	6
90	5
40	8
86	29
20	8
78	2
47	52
19	9
73	2
37	9
59	48
96	11
100	7
73	18
1	19
40	11
82	21
28	1
9	1
69	42
95	2
16	1
25	14
77	6
14	42
24	9
77	18
78	9
55	42
34	2
10	4
23	5
5	11
64	6
15	14
93	4
29	4
55	23
93	5
54	3
43	9
83	15
100	48
48	2
62	4
60	11
58	19
13	12
83	10
27	2
11	9
11	41
27	15
44	41
47	4
82	5
78	61
60	1
75	36
30	59
92	11
10	23
22	36
62	6
2	4
5	9
60	1
4	7
79	10
9	3
48	5
66	6
5	27
1	1
88	7
67	30
22	4
79	2
3	46
50	2
32	23
68	41
69	11
81	7
70	12
76	14
83	12
41	13
70	52
18	18
26	4
87	1
65	6
93	20
60	25
22	16
96	2
34	17
60	7
16	6
55	43
97	3
36	33
75	7
81	1
65	17
81	76
4	11
71	29
15	4
90	7
73	4
77	19
53	41
72	57
69	11
63	11
14	25
54	10
6	1
85	9
92	54
76	29
13	10
95	4
27	8
66	58
21	12
58	3
83	25
45	23
7	3
68	14
56	18
60	2
8	1
86	20
60	25
50	4
58	48
2	5
32	72
83	2
62	6
29	2
21	4
46	25
79	23
98	41
35	1
50	10
5	26
96	4
47	17
92	46
94	8
39	2
13	13
29	62
13	2
69	23
29	17
11	6
27	4
96	1
22	32
58	9
31	46
94	16
51	35
32	34
31	54
68	2
43	23
68	6
56	8
92	52
1	32
94	25
67	5
92	19
37	6
13	9
55	11
47	4
44	5
48	5
52	14
68	7
67	8
53	28
74	5
58	17
3	14
53	94
44	36
56	1
98	3
99	49
78	1
8	9
27	21
46	9
73	19
23	25
51	7
13	56
76	2
50	9
72	58
46	5
50	23
47	7
72	48
50	1
93	6
22	5
15	1
48	56
84	40
30	18
2	55
10	46
11	1
6	11
13	43
49	12
55	30
13	5
43	40
75	2
71	6
54	6
16	15
24	26
76	7
85	4
47	52
53	25
5	18
44	60
60	10
83	1
39	11
91	3
56	13
68	4
66	2
63	14
75	1
83	2
43	9
78	48
14	15
51	1
39	34
39	9
37	14
15	32
15	21
60	5
74	72
52	7
100	1
71	16
3	20
27	2
21	15
39	22
37	28
55	69
82	77
28	1
65	17
97	7
99	3
5	11
34	4
11	14
21	4
11	43
86	1
24	2
45	2
43	6
50	48
8	18
42	1
53	12
29	11
89	32
8	4
3	3
100	39
78	16
97	12
47	29
78	3
40	6
84	4
55	3
32	6
68	3
2	3
83	9
72	20
9	6
16	51
23	4
27	45
87	6
89	331
5	17
7	9
91	9
79	4
74	33
64	2
34	1
64	3
94	2
40	3
17	6
16	40
22	4
92	1
65	13
45	1
1	5
17	7
92	20
40	1
56	6
58	13
67	10
10	2
60	13
18	13
55	15
68	10
27	9
89	1
42	15
64	5
36	6
84	7
79	7
44	14
30	10
79	10
75	14
61	4
88	14
62	15
63	20
23	9
91	4
84	6
95	14
77	6
31	30
9	1
36	21
46	2
5	15
13	20
64	9
65	7
55	4
46	2
59	12
10	12
30	11
37	14
44	4
6	13
73	2
86	3
17	4
77	9
60	34
4	7
18	11
26	10
98	12
92	3
42	12
60	2
99	1
95	1
9	2
20	8
65	7
45	9
92	1
54	35
13	1
26	2
29	2
53	3
74	26
85	16
50	27
38	25
40	8
93	5
31	10
85	4
73	5
27	9
1	3
67	1
42	5
95	2
94	12
48	7
95	13
34	2
28	1
95	52
54	12
71	8
3	8
82	5
35	4
91	7
92	2
52	1
48	2
7	6
96	2
12	9
37	3
86	27
19	1
36	3
72	2
7	4
13	10
49	4
99	2
34	5
47	26
75	21
82	1
86	3
86	1
67	1
45	5
91	1
37	27
34	6
83	16
33	12
31	4
94	5
23	3
72	7
63	39
14	2
31	24
20	5
100	4
42	1
43	22
7	9
61	1
90	22
36	8
42	2
55	83
100	3
13	8
46	25
68	3
18	3
62	10
66	3
28	74
6	38
95	5
100	4
8	12
2	11
62	14
14	8
82	8
93	8
83	5
21	10
100	6
52	2
80	2
75	1
79	3
76	11
47	1
80	19
67	5
50	27
76	8
96	6
27	12
4	20
81	3
62	4
14	2
93	25
85	5
51	22
50	14
36	3
4	10
51	3
48	16
2	2
66	18
32	13
36	12
52	11
63	10
47	5
82	14
21	12
10	1
81	7
1	2
56	1
83	4
78	3
9	18
57	2
27	10
17	10
27	6
81	4
36	15
16	7
70	7
83	4
11	3
91	4
31	6
18	5
3	12
47	5
25	18
88	3
47	37
68	8
75	5
65	48
27	5
79	2
20	3
79	3
27	1
44	8
66	57
75	8
60	4
82	6
28	2
39	1
76	8
50	3
6	12
64	5
93	4
31	12
54	14
97	5
30	16
89	3
5	4
15	5
88	4
99	14
69	1
92	27
95	22
50	5
54	15
83	1
6	2
62	14
26	3
43	20
2	8
3	3
98	5
69	2
65	27
3	19
56	6
82	24
34	23
53	3
96	5
36	10
51	11
64	1
59	9
84	1
88	8
65	38
54	1
21	1
3	29
56	11
16	2
11	30
71	1
39	5
1	13
19	15
27	2
32	5
87	2
96	3
4	2
11	6
48	1
31	1
6	16
60	6
26	19
74	23
37	1
14	8
90	3
93	1
65	9
5	15
90	3
77	17
64	11
53	7
21	20
62	4
21	6
99	3
47	10
95	10
35	6
25	1
92	1
97	7
40	16
59	9
1	4
73	7
25	12
76	1
60	5
23	1
13	25
79	5
92	12
95	2
32	2
6	4
35	11
31	6
3	31
6	17
75	15
71	23
6	16
95	3
86	9
98	41
89	1
10	12
100	7
10	2
22	11
6	16
21	36
85	1
24	3
29	2
71	2
100	12
49	28
45	2
15	5
85	2
21	7
87	4
49	3
3	4
14	14
29	5
95	1
8	23
6	30
19	7
40	28
55	15
15	12
26	8
45	5
36	12
55	62
85	22
69	7
24	23
98	6
68	8
68	6
13	10
67	61
52	1
52	10
46	25
58	19
99	3
33	2
19	14
55	1
94	11
94	5
57	4
73	12
35	41
2	10
69	1
30	1
26	15
26	1
100	7
94	27
89	4
32	26
16	11
62	4
61	6
30	1
99	1
44	10
45	9
32	9
13	5
85	20
43	3
61	6
97	10
91	6
83	1
95	4
60	4
59	9
16	2
40	10
93	6
50	3
79	5
54	30
43	2
82	2
100	5
78	2
48	13
84	3
42	14
80	1
86	5
24	7
30	11
18	18
49	3
12	16
1	4
70	3
3	3
79	25
45	8
1	3
75	8
73	36
13	6
20	7
95	19
3	3
9	3
98	3
44	5
88	5
26	20
38	4
60	15
33	4
75	8
47	9
68	11
69	1
23	2
82	38
83	4
93	10
9	3
52	2
51	9
47	27
47	8
55	4
51	6
61	9
71	1
77	3
78	12
69	15
33	4
21	2
39	5
57	1
6	24
2	12
46	28
83	4
83	21
50	27
27	1
9	3
69	24
38	1
82	2
50	3
61	3
28	18
86	3
97	6
44	1
99	4
97	7
85	5
22	5
63	5
97	4
49	26
59	1
63	34
48	15
5	6
81	13
10	16
20	6
8	1
7	15
55	11
39	5
33	4
78	12
59	9
69	2
90	7
97	2
19	1
63	2
4	9
7	1
12	7
71	2
92	4
77	3
32	1
90	1
78	1
11	7
92	1
95	5
10	11
33	3
87	9
4	1
42	6
54	2
40	3
24	1
5	1
29	1
71	1
51	8
36	1
85	1
92	1
8	1
74	9
33	1
38	4
1	1
50	2
84	2
82	1
23	4
63	1
21	4
21	1
82	3
84	8
35	4
100	1
79	2
85	11
84	5
99	1
53	2
90	2
40	1
47	1
8	3
66	5
