4039
98	212
1	12
79	10
48	4
82	4
61	12
71	2
56	17
63	8
41	15
85	5
45	1
3	1
67	12
94	6
48	1
9	2
93	3
100	1
33	4
84	3
23	13
81	1
10	1
60	8
8	58
79	61
44	2
55	8
24	6
5	1
91	8
22	2
5	1
74	4
6	1
81	7
15	1
10	4
56	1
25	29
65	12
67	2
37	1
69	4
22	8
82	4
39	2
99	17
28	3
31	4
33	5
13	1
23	17
75	2
43	6
42	32
7	14
19	4
33	14
6	3
64	3
22	3
41	6
96	2
43	5
54	3
88	76
27	3
40	1
89	1
4	3
44	18
93	2
56	1
53	10
83	2
99	2
70	2
23	8
12	17
95	3
45	25
34	4
96	1
23	11
58	6
17	5
40	14
67	6
87	2
8	7
87	8
25	3
50	6
76	1
16	6
29	2
56	11
82	13
39	1
87	2
35	4
1	11
16	22
21	10
38	2
23	956
39	2
83	22
97	3
52	3
32	3
24	12
45	1
90	7
62	4
31	6
82	20
21	21
50	2
51	2
74	32
15	9
23	4
51	2
60	7
36	2
85	19
30	5
68	9
12	4
98	9
28	6
76	3
28	9
42	6
69	7
3	1
78	3
84	4
97	4
81	28
86	12
42	15
93	1
89	10
90	6
49	6
16	8
18	5
6	1
74	4
25	2
56	2
1	1
81	8
34	2
28	13
77	11
89	2
31	21
77	1
14	2
89	2
5	8
25	2
16	6
35	4
25	28
45	27
82	10
74	38
89	7
90	2
75	9
90	4
7	6
28	2
94	1
53	9
26	1
12	1
78	2
85	1
89	5
32	14
10	6
40	41
58	4
67	1
59	2
40	1
73	2
40	6
88	8
21	6
73	9
58	12
78	18
57	12
76	2
39	4
92	37
35	19
7	2
37	2
9	2
85	5
48	1
52	1
69	17
51	8
55	8
95	7
3	1
2	1
38	6
14	5
19	6
83	1
2	1
46	4
99	27
95	6
58	6
84	2
21	11
19	3
95	4
12	2
16	18
78	13
5	1
34	1
91	5
4	34
39	2
6	18
82	48
35	2
2	2
17	6
4	6
1	1
52	5
50	2
29	1
19	5
18	21
60	5
72	6
4	53
63	1
99	15
64	2
35	1
54	11
39	7
38	6
11	7
55	19
7	1
87	1
67	1
82	19
16	6
40	1
67	5
31	4
50	1
53	50
11	9
87	9
15	13
91	7
17	10
38	52
79	4
1	2
80	30
23	10
86	1
17	3
16	4
72	7
92	1
1	1
30	2
54	3
15	2
73	25
93	1
55	1
86	2
69	5
88	3
63	18
57	8
29	11
29	7
89	3
76	12
26	10
28	12
4	1
75	4
25	1
38	8
91	9
85	5
91	3
53	18
49	22
87	4
34	37
28	1
87	4
15	7
11	4
42	15
87	2
43	65
36	10
42	22
7	37
36	6
2	1
6	6
49	10
78	16
7	14
60	42
12	1
8	2
19	1
41	2
17	5
20	2
66	1
77	4
92	12
73	24
52	15
43	3
69	12
86	6
29	2
71	197
22	3
67	10
79	5
48	13
41	13
99	6
33	2
82	1
39	4
16	1
31	20
93	35
34	3
78	12
26	78
6	3
78	5
38	59
82	32
54	26
5	22
32	55
79	2
12	8
66	43
10	27
89	14
98	85
84	2
35	11
75	1
8	9
16	12
11	9
82	2
71	4
16	6
74	2
66	18
14	3
16	35
30	1
28	9
29	25
6	5
24	23
55	72
87	5
75	22
20	30
61	1
46	56
44	2
73	13
8	9
92	22
12	6
78	1
52	1
54	21
21	10
93	2
59	1
49	73
28	3
41	134
10	2
67	21
58	23
61	8
28	42
40	24
77	16
34	37
75	2
41	9
15	3
73	8
65	2
57	94
93	2
32	4
88	39
54	40
41	7
13	21
22	10
63	52
21	10
30	59
34	36
93	14
7	4
24	1
90	1
67	26
81	14
84	6
47	1
64	1
8	9
59	21
80	4
79	41
16	2
98	1
33	6
100	35
7	12
14	13
54	8
30	48
29	8
54	4
55	24
66	5
46	10
42	8
96	1
29	2
83	11
63	14
68	20
59	2
36	10
73	12
4	104
76	1
20	4
59	5
98	8
39	3
100	1
24	4
4	73
10	34
81	3
5	1
86	9
25	27
87	6
63	9
56	11
21	40
18	15
100	15
8	6
14	18
69	30
6	5
40	3
62	19
40	5
20	8
81	25
50	31
98	10
56	64
1	18
27	12
59	11
90	4
67	6
25	28
40	70
59	18
97	28
3	12
89	16
65	10
71	21
39	14
78	13
20	3
74	6
100	30
27	21
2	47
92	27
27	3
59	7
65	1
60	16
95	8
42	3
21	7
25	8
31	8
5	2
31	60
99	4
14	3
71	5
69	31
44	14
48	3
84	6
57	3
32	19
43	12
14	2
36	1
75	9
91	2
15	76
61	6
56	35
41	38
92	20
92	9
55	52
88	11
55	23
33	2
100	31
10	6
42	13
51	80
10	34
99	9
66	1
92	26
88	2
51	4
92	15
17	5
84	7
36	8
100	17
76	20
47	18
12	82
82	2
56	18
6	19
71	1
68	1
96	1
94	5
37	14
39	17
84	1
8	19
13	13
39	3
58	4
77	16
24	29
86	21
54	15
36	18
67	12
38	5
9	1
8	4
69	5
49	18
20	36
74	1
16	1
24	2
48	5
98	12
62	12
54	1
26	31
91	10
96	16
54	3
11	21
1	11
58	11
86	5
10	12
61	5
71	1
53	9
36	7
94	22
33	5
16	9
88	37
2	1
37	18
40	10
67	12
30	2
45	24
1	88
27	1
82	7
97	23
19	29
84	2
85	16
11	18
78	16
9	5
85	12
85	1
44	4
68	11
26	9
93	4
70	15
92	27
19	3
37	2
76	7
5	13
92	16
11	2
65	9
51	7
63	8
25	12
37	9
84	6
59	2
93	1
98	16
31	11
75	3
9	7
91	2
61	1
80	19
55	1
41	18
97	18
92	3
14	9
16	12
95	5
76	16
54	7
22	3
92	106
54	4
50	31
66	1
31	5
85	5
41	1
42	1
80	39
9	40
14	6
41	32
1	20
46	2
40	6
89	5
66	4
84	43
91	2
81	9
45	3
9	5
41	27
25	4
36	1
65	13
60	3
8	28
73	7
66	3
71	9
96	3
1	18
7	55
79	5
15	2
3	13
12	11
25	2
15	4
21	16
60	12
89	20
92	3
71	3
25	16
64	7
33	4
50	3
58	4
25	14
3	12
98	2
21	1
1	3
86	14
19	9
1	1
16	1
19	23
1	7
31	33
67	2
31	1
1	1
96	12
15	25
55	12
15	5
39	18
63	6
36	4
73	1
39	8
32	11
79	1
4	12
48	9
24	3
39	8
22	16
5	6
84	8
52	11
86	10
65	5
66	12
32	29
92	13
30	2
79	8
55	12
69	6
4	2
35	16
71	38
28	12
44	7
38	23
12	2
37	4
75	6
81	2
43	10
28	4
47	1
32	13
91	13
6	12
95	15
40	1
48	20
44	5
29	7
89	17
56	1
21	2
30	2
39	1
76	43
97	13
27	2
74	4
32	6
16	3
23	2
95	7
74	10
64	1
71	28
46	7
29	2
11	10
70	22
34	36
19	9
19	5
10	6
67	53
27	5
70	11
40	39
18	77
7	7
19	16
85	9
7	4
34	15
74	11
18	15
52	8
89	2
34	11
19	10
42	25
33	1
94	31
28	6
37	9
96	1
62	1
22	7
44	8
89	7
62	9
28	2
46	1
87	21
66	3
82	1
50	26
71	6
90	3
5	2
83	2
84	10
31	12
68	7
64	1
95	4
65	2
41	2
90	3
45	1
84	1
15	7
44	3
27	1
34	3
62	1
35	8
63	1
6	8
43	4
37	1
97	6
63	6
68	1
16	4
59	5
42	8
36	1
9	7
70	13
98	5
9	1
32	1
1	4
53	1
57	2
32	58
47	9
94	6
98	2
29	6
12	4
33	35
8	4
10	3
35	7
12	61
42	8
70	20
32	11
86	5
16	1
93	2
67	38
79	14
47	9
23	114
29	60
57	1
48	16
65	6
76	12
28	8
23	2
12	38
24	149
95	10
17	41
4	2
77	3
98	18
92	5
84	16
27	21
8	77
58	1
7	18
52	7
55	27
36	15
32	17
14	49
49	36
17	10
17	7
37	1
67	50
86	88
48	8
42	19
38	8
31	12
37	45
83	15
60	28
8	8
76	1
69	13
54	4
27	21
29	57
36	8
42	18
96	8
37	2
49	6
89	112
23	106
13	37
19	21
22	2
14	8
50	11
72	16
18	8
25	18
64	18
92	2
32	65
98	10
77	29
47	34
77	1
45	39
73	25
12	3
92	8
42	5
11	17
47	35
14	3
26	17
30	16
33	15
8	14
34	7
80	4
4	28
48	6
48	77
14	16
65	20
88	1
49	23
22	58
77	14
66	85
63	10
75	4
13	16
29	30
70	2
77	13
16	5
73	35
47	4
26	6
43	99
20	12
62	9
38	13
27	39
96	4
3	5
87	80
4	13
12	28
28	2
49	44
67	65
10	1
59	1
27	17
100	15
43	1
90	22
56	47
36	20
60	3
73	16
56	13
65	32
52	4
58	8
87	20
73	4
88	2
83	13
83	2
15	25
100	7
57	28
23	42
57	8
33	24
79	11
60	45
58	1
87	7
63	147
42	4
21	7
69	5
98	19
89	7
79	2
67	8
94	12
83	9
22	1
35	28
7	3
48	21
5	7
83	1
11	79
57	107
57	8
37	46
27	77
66	38
65	8
97	11
73	9
65	4
46	15
51	134
93	5
21	8
35	6
20	12
79	17
79	27
1	6
94	5
45	16
89	1
95	21
71	12
63	8
18	39
86	50
65	24
17	2
79	29
39	3
52	16
75	102
57	41
97	17
58	20
12	2
54	16
30	26
26	28
63	13
5	6
62	58
77	21
5	1
32	3
6	23
64	42
65	61
10	102
21	109
6	104
13	17
91	85
86	15
91	20
62	24
47	15
67	5
52	5
83	31
17	14
70	10
71	3
52	6
50	7
99	7
9	10
17	12
10	14
18	1
54	86
46	4
53	6
28	54
34	14
90	4
49	1
82	69
96	1
2	6
10	81
52	3
68	44
20	32
75	53
76	2
19	8
80	21
32	22
74	13
68	12
18	19
26	6
38	17
85	17
18	12
96	29
15	32
42	3
39	78
74	2
47	4
34	9
14	44
37	12
33	32
53	27
72	34
1	26
99	62
53	5
30	8
89	8
62	34
81	10
49	70
65	81
49	8
26	2
66	10
52	4
70	10
51	68
34	13
55	4
88	42
52	1
6	6
65	85
22	11
18	1
3	22
17	2
31	32
65	34
8	153
97	15
73	17
70	45
50	15
90	28
82	28
7	9
80	9
5	6
68	37
23	6
3	17
74	1
85	5
32	5
58	4
20	5
27	34
88	65
65	14
13	9
69	1
33	9
42	93
1	11
11	49
31	119
13	7
50	2
46	17
40	45
61	55
85	8
1	27
63	2
100	21
63	7
46	8
67	87
37	7
47	3
41	2
64	2
33	118
54	14
95	20
85	22
57	3
94	25
44	33
73	2
34	1
10	1
83	1
17	6
47	119
17	4
93	57
44	1
46	57
7	10
95	48
98	18
15	29
59	1
98	50
100	23
70	28
62	21
88	10
74	39
94	18
25	11
23	43
14	19
69	38
59	48
66	70
17	84
99	10
37	42
10	12
79	22
100	1
35	18
23	6
25	16
50	8
5	9
21	2
91	61
94	37
8	27
9	75
91	12
51	16
54	19
67	12
42	9
77	2
5	56
84	33
66	22
82	25
57	22
91	19
95	21
100	25
47	34
25	8
66	47
15	6
38	31
55	1
51	2
7	40
81	15
36	62
27	88
19	2
71	25
33	8
49	65
18	16
91	10
83	7
21	40
27	50
82	58
90	27
16	2
39	3
90	23
46	69
95	1
2	60
29	14
34	4
70	17
72	8
46	110
68	2
4	1
76	26
78	17
21	12
65	31
41	15
36	7
73	41
53	3
100	13
59	6
59	39
84	56
40	148
88	9
47	21
52	95
32	21
91	3
26	5
62	31
12	22
55	175
79	184
9	27
40	33
11	2
47	10
32	27
75	2
92	7
14	8
46	1
27	5
96	4
94	8
69	121
5	32
92	18
82	21
61	2
67	1
71	9
17	9
50	10
24	23
15	1
39	1
33	48
100	8
69	30
88	45
54	29
64	22
28	13
45	93
17	21
11	3
27	3
40	39
73	4
20	16
52	30
98	5
74	20
16	5
46	90
83	24
48	9
43	28
90	17
14	3
53	58
45	30
54	14
58	6
51	2
64	109
38	45
91	8
14	14
57	46
13	9
57	35
84	32
86	3
42	17
83	16
27	5
77	4
14	9
10	4
15	5
23	98
91	41
16	5
22	3
15	25
63	29
98	23
74	18
71	1
87	68
14	55
31	31
97	10
76	40
64	7
84	19
95	6
50	20
29	14
85	1
10	123
66	24
45	55
42	45
58	62
19	48
93	47
65	1
48	17
99	5
82	7
97	8
7	76
41	22
70	17
30	18
24	79
37	3
38	3
34	4
58	24
70	14
56	8
91	2
25	29
15	1
23	21
86	3
9	36
16	11
4	28
60	2
92	7
99	1
75	11
28	54
40	20
34	51
82	17
98	4
64	5
16	4
27	126
67	2
32	15
65	30
79	35
17	1
72	35
3	77
51	34
82	8
78	8
88	30
90	3
21	122
1	67
43	12
41	39
62	19
42	4
10	28
53	5
95	72
93	21
74	32
79	30
36	28
21	64
71	12
61	18
19	51
78	49
40	58
21	17
90	36
30	31
34	12
78	3
62	2
77	72
65	8
94	16
66	8
27	86
28	1
78	21
100	38
58	13
26	14
91	37
92	1
18	154
5	1
57	20
17	7
54	17
43	5
84	15
65	8
96	10
49	29
42	5
32	32
90	32
81	11
76	4
3	15
1	5
92	34
26	167
41	28
40	1
29	64
42	1
37	21
38	7
14	20
37	19
82	1
6	21
10	1
86	128
77	29
72	41
42	20
27	25
79	10
16	24
45	62
52	10
46	77
70	8
20	20
8	11
37	5
15	30
97	30
10	81
86	10
45	1
29	91
13	3
93	90
14	49
38	79
21	131
58	54
46	23
53	29
81	78
17	9
38	26
96	113
41	160
28	42
12	85
60	12
63	25
5	10
92	3
97	16
76	18
6	39
82	7
25	60
98	6
57	1
57	18
35	7
89	32
34	10
70	32
76	5
48	13
64	8
73	91
55	15
13	53
21	16
22	46
8	21
90	34
6	13
72	3
48	67
54	10
11	5
78	7
59	21
70	5
68	13
34	71
91	22
33	59
44	121
60	229
25	3
71	118
48	18
74	11
53	67
79	116
1	3
53	32
33	12
86	15
17	25
73	15
69	15
21	21
63	7
67	3
82	22
20	12
30	13
27	65
71	626
49	40
13	34
35	21
27	80
96	12
42	1
53	8
24	11
75	2
6	16
24	23
82	11
67	4
36	6
97	41
49	5
82	5
1	1
57	56
39	5
74	16
19	12
42	102
52	3
80	32
61	9
95	4
99	87
4	1
57	148
44	60
96	45
18	29
92	152
76	7
26	35
10	81
27	32
38	16
71	36
38	18
73	4
24	16
96	11
8	7
79	74
57	8
76	6
22	26
99	28
49	40
50	48
20	61
61	14
58	11
78	31
13	75
31	69
24	16
14	19
78	14
83	40
18	14
11	13
77	3
40	3
33	26
35	6
68	66
12	5
29	1
24	6
91	71
28	2
31	3
98	1
85	6
45	4
41	2
93	5
64	30
47	12
72	36
51	52
80	16
68	14
3	20
53	28
96	16
12	12
25	6
86	4
40	2
63	32
37	6
1	15
38	18
99	57
80	9
52	7
14	1
70	96
61	21
62	4
58	103
85	19
81	103
95	6
52	142
3	8
64	16
39	53
2	4
14	3
89	45
91	160
35	20
18	9
38	22
54	91
3	11
81	3
60	39
58	11
36	72
50	61
16	39
5	28
28	129
2	10
35	16
18	14
56	1
68	17
18	18
92	33
11	11
7	8
51	78
85	12
76	19
89	31
74	64
12	17
63	6
69	9
8	7
69	42
25	160
61	1
9	148
65	2
76	37
93	5
87	68
63	10
16	8
57	27
48	21
94	70
84	8
10	31
100	5
6	27
18	62
69	8
70	16
49	22
4	1
22	1
22	4
4	4
91	68
78	22
31	33
100	13
85	14
56	46
92	12
12	19
79	5
35	18
14	119
92	13
75	14
11	12
53	9
85	14
25	35
33	13
85	19
20	45
94	21
57	27
88	35
93	9
49	36
14	16
13	4
82	2
74	12
40	42
5	5
73	6
38	6
39	1
89	63
46	2
37	69
18	15
71	22
42	2
93	31
84	25
65	79
97	19
57	4
68	86
11	33
94	10
44	4
25	22
42	3
66	1
25	12
53	9
98	39
17	265
2	12
47	39
64	3
55	57
82	30
33	129
13	8
44	48
61	17
41	4
91	2
83	6
93	115
9	34
82	45
32	18
76	21
100	11
73	18
11	49
28	4
98	7
72	40
48	20
62	4
38	29
98	70
66	33
7	1
84	26
2	32
22	18
44	99
67	12
27	108
74	65
71	6
45	7
64	58
78	14
32	51
28	91
38	13
23	1
70	2
36	8
72	63
51	43
82	4
83	103
46	84
65	48
30	9
14	66
54	2
70	18
9	1
18	26
94	11
95	22
49	41
38	7
91	28
86	14
58	9
84	15
27	111
75	40
62	12
2	6
31	192
3	119
72	168
90	12
63	18
81	4
65	45
34	10
58	32
80	15
39	51
74	3
15	52
74	4
88	33
94	37
97	9
62	29
68	9
34	56
34	15
45	16
35	50
5	19
50	37
63	4
3	20
57	40
36	37
97	15
4	3
93	10
38	1
21	6
56	3
40	9
71	6
91	150
66	13
1	47
83	17
7	38
51	5
53	55
45	2
9	5
91	10
52	58
7	10
37	140
77	64
3	4
16	19
56	5
91	141
100	56
71	61
9	14
72	2
11	58
14	48
20	21
24	88
36	33
95	197
43	8
100	34
70	14
41	6
47	35
32	62
56	44
55	9
80	10
30	33
46	26
61	174
99	59
88	12
65	42
57	69
4	151
56	8
22	3
49	9
79	55
66	13
39	11
51	15
51	30
7	87
74	64
65	43
2	13
57	116
85	86
29	1
21	4
13	112
83	3
63	145
45	111
100	30
52	39
100	142
33	112
2	20
77	54
82	34
21	9
48	89
3	3
44	138
11	3
70	20
21	88
59	12
11	5
100	40
59	107
68	71
9	170
100	1
90	2
16	4
71	150
66	108
91	36
100	166
69	21
46	9
52	9
6	68
13	50
29	31
7	39
65	1
69	7
53	147
45	54
20	3
34	152
40	55
98	34
25	35
60	71
55	4
78	7
77	52
68	56
13	138
53	25
42	53
41	71
30	45
65	78
52	163
38	6
74	23
34	179
1	64
71	11
7	37
19	16
38	17
40	77
13	22
78	36
16	54
51	1
8	18
46	107
16	8
54	20
70	24
38	9
83	6
77	5
56	75
72	11
34	14
46	40
7	78
51	8
46	3
68	3
19	9
15	9
100	54
23	81
58	29
90	60
68	8
81	19
14	9
20	3
67	59
44	82
93	16
96	2
46	52
94	145
31	16
97	12
32	114
2	193
31	52
81	56
10	74
25	5
16	7
73	109
14	1
56	28
13	2
47	48
69	135
25	117
99	179
33	43
44	82
71	2
77	4
23	143
15	10
60	8
96	2
12	44
51	23
66	139
73	83
24	6
3	41
92	102
73	2
35	124
9	1
41	137
11	40
71	13
62	105
6	43
18	9
69	17
88	7
35	14
97	43
5	1
10	15
4	42
71	212
97	4
46	50
65	37
52	80
32	6
69	17
26	40
6	35
59	14
80	17
58	193
3	3
79	39
10	17
46	10
71	1
11	88
31	7
23	5
62	119
51	14
90	2
20	3
21	148
93	3
23	40
28	2
15	101
89	12
39	1
8	60
29	6
28	118
45	54
97	122
7	1
39	4
26	168
95	17
40	73
46	24
40	162
39	69
82	7
82	75
65	102
32	41
59	7
56	55
64	8
12	4
2	30
17	10
12	35
24	6
50	4
65	17
45	7
100	49
34	24
49	119
74	12
43	30
42	26
38	7
53	155
74	41
2	6
32	99
54	7
69	53
76	15
48	2
40	119
98	31
80	118
70	21
30	25
88	4
13	31
28	10
77	23
22	3
95	26
95	5
60	54
55	3
100	2
58	46
49	84
11	9
5	76
84	32
48	109
56	109
47	8
29	3
88	133
100	14
55	134
34	78
61	28
52	40
41	30
50	87
16	59
20	178
44	6
5	23
25	28
2	2
47	43
93	10
32	114
71	109
43	12
51	4
95	23
15	130
62	22
28	137
76	19
100	132
54	12
61	4
68	100
1	2
96	21
3	21
42	1
64	3
29	34
38	18
67	25
62	64
16	88
57	38
41	35
61	76
64	10
24	113
86	1
96	47
22	21
59	50
22	11
98	1
87	82
77	1
87	1
81	42
79	1
44	112
96	21
17	2
24	3
89	35
68	61
94	44
85	5
55	47
26	141
60	29
39	17
65	72
26	67
78	3
85	10
79	11
24	2
91	97
38	19
59	19
67	11
98	12
56	31
61	170
56	25
44	11
60	1
70	79
56	19
45	20
19	10
72	34
69	106
92	36
92	6
15	3
6	45
13	5
69	1
45	9
49	24
70	130
48	53
97	35
86	4
95	21
15	35
98	61
79	8
45	55
43	1
80	43
75	9
13	12
69	3
19	2
98	1
77	4
26	55
100	141
66	33
19	25
12	43
67	8
8	96
13	3
74	13
51	4
88	4
91	3
72	1
76	67
96	21
66	130
78	93
36	25
59	109
27	192
73	23
13	10
60	42
34	32
20	83
81	1
51	15
18	49
31	4
43	8
98	57
2	16
24	83
73	23
94	31
57	21
49	2
2	49
97	3
41	15
71	137
27	9
43	9
46	35
89	41
54	8
47	16
64	3
96	5
57	7
88	136
11	15
33	11
43	92
46	79
96	106
55	48
40	6
18	9
73	100
25	1
44	106
85	126
94	51
95	134
72	80
14	34
21	92
93	6
26	9
50	8
58	53
95	5
5	18
35	12
69	18
7	78
82	4
71	7
22	7
28	27
51	15
75	1
38	2
38	4
10	8
36	11
44	35
16	7
45	2
77	7
61	49
77	4
26	6
73	59
15	7
93	2
45	89
88	9
38	24
49	2
64	3
66	54
17	7
7	161
35	53
25	157
18	107
40	77
51	80
95	49
16	39
82	23
9	2
45	54
46	60
45	15
80	1
68	22
95	28
60	2
60	23
23	41
89	10
25	1
78	17
5	1
61	12
56	90
59	98
15	114
97	44
16	12
73	56
76	99
60	3
95	3
71	72
1	39
35	15
51	37
47	105
8	14
44	14
27	42
14	100
57	42
5	85
38	173
7	39
48	1
47	1
38	27
63	86
29	14
14	5
60	61
37	116
70	31
81	48
82	15
41	44
4	183
10	86
26	23
53	17
35	203
66	19
20	24
61	16
76	110
30	26
89	105
53	9
98	70
57	15
79	5
68	6
94	94
74	118
98	101
91	32
80	22
55	21
36	123
3	148
92	36
98	3
2	19
41	3
87	19
29	15
94	2
50	83
78	1
6	43
52	9
10	93
5	84
35	13
82	40
3	82
73	33
56	41
55	111
73	16
92	4
58	30
2	10
25	149
34	123
57	2
78	29
20	14
33	6
26	10
95	93
38	23
28	5
41	48
40	32
75	46
19	3
68	26
42	93
54	13
26	3
12	18
79	18
89	3
89	19
76	41
41	3
49	1
9	31
54	15
7	35
82	12
15	55
48	14
45	5
83	21
14	17
25	10
29	39
54	16
30	1
51	1
45	16
42	40
40	9
4	3
27	6
22	17
38	11
50	1
73	19
4	12
30	16
29	2
96	10
26	8
14	5
47	2
26	2
62	5
87	9
63	21
54	11
7	1
5	27
77	13
91	10
15	34
12	20
29	2
77	2
84	3
33	11
48	20
70	7
28	14
30	13
73	26
26	37
78	47
38	2
60	2
38	17
52	2
17	11
9	3
38	11
36	33
22	8
85	1
48	11
50	76
1	49
12	12
53	14
9	6
47	3
71	45
93	21
85	12
6	7
7	4
37	4
18	48
28	88
52	14
65	1
5	37
75	7
95	3
61	24
70	18
74	52
90	17
65	38
80	7
19	3
66	22
31	3
16	39
88	10
85	3
72	4
68	3
61	25
25	3
69	31
79	54
85	9
61	9
46	58
72	4
77	12
71	5
71	31
16	59
57	10
61	1
45	12
26	2
94	9
77	3
96	16
9	1
75	12
33	49
60	6
36	3
92	4
94	35
49	2
71	1
13	21
37	9
63	6
14	14
63	6
22	2
97	5
42	12
50	6
95	24
78	9
96	2
40	29
83	2
2	3
45	13
88	18
75	11
94	3
9	13
31	24
18	3
64	19
54	1
84	39
74	10
29	5
82	16
62	9
56	26
72	65
81	8
32	15
12	5
47	3
85	1
3	129
8	32
64	11
31	1
60	25
12	17
78	24
56	18
60	11
58	12
63	76
42	5
96	15
71	9
25	27
71	35
12	3
97	8
42	1
74	3
35	1
41	3
29	6
55	63
59	12
22	12
1	6
20	67
20	8
90	11
1	36
75	5
90	20
39	43
1	51
84	32
48	16
99	6
72	44
19	5
16	10
55	34
7	33
68	6
68	8
73	5
69	4
31	9
21	31
42	9
32	6
9	17
1	5
58	4
64	8
53	43
68	9
51	8
85	16
3	6
74	4
71	3
78	43
53	6
70	2
23	42
22	4
32	27
42	6
45	8
17	20
35	69
9	43
61	22
2	68
45	2
42	45
22	40
20	15
20	6
23	12
95	57
25	16
70	3
67	14
22	26
15	18
19	7
93	31
68	36
94	27
74	4
30	52
5	35
72	6
43	5
19	10
89	57
62	61
13	18
76	20
16	58
42	6
17	4
65	7
33	70
99	3
97	9
52	10
81	2
78	3
68	35
11	96
42	3
66	17
5	4
40	13
34	64
5	3
19	16
37	1
32	35
8	8
15	8
81	3
33	11
70	16
57	87
8	14
4	9
4	66
17	44
31	3
28	4
4	22
57	1
97	3
75	31
67	25
15	16
87	10
57	4
51	16
40	1
16	1
34	3
55	51
66	50
3	9
72	19
90	18
46	1
71	11
94	72
64	26
37	63
58	12
10	36
10	12
17	3
95	25
48	49
3	6
38	57
57	2
11	26
41	41
36	2
31	7
100	5
88	6
96	8
33	17
5	10
57	14
71	42
75	1
4	12
82	29
34	1
1	58
35	28
4	43
4	62
50	25
80	11
43	5
34	23
83	39
20	2
14	11
42	6
11	1
17	1
85	40
81	39
98	65
78	22
37	3
88	73
39	21
27	32
94	20
7	12
53	9
15	3
72	7
6	9
52	33
74	7
76	36
72	11
22	101
74	1
85	10
48	43
80	6
56	35
90	3
48	10
93	3
9	50
21	6
98	10
88	5
11	20
78	40
35	11
87	7
8	13
21	4
47	24
34	1
72	22
16	19
17	4
85	14
76	15
91	13
81	4
96	35
40	24
26	23
23	10
86	2
35	23
90	43
58	2
35	28
49	2
5	46
62	18
42	3
98	10
13	16
61	3
22	1
33	64
78	3
62	63
90	3
21	25
81	25
5	28
64	15
17	52
70	8
8	34
18	27
47	12
88	8
90	14
59	21
59	11
34	44
99	12
72	40
53	68
1	18
67	17
61	63
83	26
64	3
46	9
48	4
63	22
51	1
47	8
30	2
45	7
80	23
37	4
66	8
4	61
97	8
82	2
57	18
40	28
6	22
5	17
80	18
91	58
74	11
40	37
45	4
18	16
83	67
76	12
95	3
65	19
52	60
1	73
14	4
32	22
28	8
24	47
58	3
89	2
3	6
86	28
68	7
23	26
62	2
49	32
28	22
99	3
63	2
39	1
90	12
94	46
61	42
28	19
35	4
49	8
100	13
87	20
93	5
16	18
7	35
62	16
80	31
18	8
11	6
69	16
30	1
73	5
83	30
8	4
19	27
5	45
45	5
36	12
53	38
91	15
18	10
97	17
16	22
39	34
22	6
29	46
22	3
44	6
52	12
25	8
10	17
40	24
72	15
44	7
78	4
87	9
90	4
45	3
49	5
82	28
42	2
24	1
63	15
71	3
70	2
88	4
75	18
37	18
55	15
74	15
14	7
31	45
95	23
59	44
10	3
64	36
1	9
18	1
57	27
29	40
86	18
9	10
95	8
62	15
25	5
85	20
47	10
44	51
42	6
35	7
41	3
5	12
40	11
56	10
13	55
22	28
3	12
62	26
27	4
50	49
62	48
40	10
53	5
53	47
36	24
48	47
89	12
20	16
26	13
25	11
10	16
40	23
80	41
14	5
27	50
8	1
49	3
1	3
81	3
98	9
92	12
43	34
48	19
13	2
89	23
63	13
38	25
14	37
6	5
74	1
90	8
72	51
79	4
94	10
77	3
26	19
39	16
52	5
34	70
11	12
4	14
23	22
26	14
62	18
15	11
14	13
20	16
45	10
9	39
9	18
32	9
5	22
58	2
60	20
24	3
16	3
94	3
72	4
27	2
53	16
21	21
97	2
55	12
90	21
83	7
100	11
89	26
88	12
64	16
89	3
68	5
65	2
94	3
35	1
22	20
61	13
56	15
33	45
49	27
78	23
25	1
49	2
33	53
10	6
86	24
34	7
6	20
69	14
86	31
71	39
93	1
52	23
39	40
62	32
11	75
74	75
68	7
51	36
13	56
47	9
62	58
54	1
81	33
17	2
76	12
77	9
21	14
19	65
65	9
50	56
71	100
13	7
48	14
41	19
22	7
9	9
70	36
1	2
35	6
17	6
56	13
29	1
73	2
87	7
79	16
15	28
62	2
91	6
89	47
20	6
70	6
97	37
89	41
90	46
67	91
84	8
2	2
2	12
11	47
15	7
28	3
42	21
56	16
50	53
16	37
11	2
49	5
28	27
56	6
64	9
26	2
100	10
63	13
6	41
41	1
66	2
49	5
10	11
43	21
53	36
32	2
47	7
21	29
74	36
95	20
54	7
36	12
51	13
6	11
23	36
76	2
66	3
47	6
32	16
90	6
51	4
50	1
5	1
74	3
3	2
67	48
40	3
13	28
4	1
98	396
15	7
18	1
100	11
11	2
57	34
19	16
73	2
55	2
43	11
7	4
100	4
52	33
26	3
32	1
81	14
60	1
5	14
32	1
93	49
40	6
94	9
55	15
30	18
94	5
92	12
16	24
24	7
81	8
83	6
83	3
93	24
63	2
18	2
6	21
39	15
58	11
6	10
49	20
76	8
11	1
46	15
58	2
46	20
71	3
51	8
43	8
46	10
92	19
54	23
25	9
45	20
76	2
98	3
90	16
71	6
92	15
78	4
37	10
40	5
55	11
63	14
36	11
6	8
23	30
28	3
3	3
28	5
27	4
55	1
2	6
19	1
40	17
46	9
23	1
87	9
78	5
78	15
57	8
97	9
93	12
77	10
100	7
26	7
33	48
97	3
56	10
79	16
68	23
75	6
13	5
71	34
11	10
7	8
82	1
50	13
31	9
21	22
82	5
60	4
29	3
52	8
27	4
31	26
58	6
36	5
18	10
11	1
53	56
99	2
24	11
59	8
25	14
36	12
29	1
73	7
6	10
93	17
6	13
26	8
80	7
84	19
66	12
77	1
15	8
55	15
74	8
92	3
45	2
56	5
25	7
82	23
4	7
63	1
1	8
27	8
1	2
81	15
55	3
40	35
83	34
60	22
7	16
5	6
30	7
28	1
40	6
36	24
87	3
55	22
90	10
19	1
42	2
11	9
59	8
70	4
96	12
48	5
31	12
57	67
13	1
18	1
96	11
47	2
7	6
22	16
86	2
89	20
43	32
27	1
53	5
94	10
24	21
53	6
45	42
18	16
96	9
13	5
92	4
26	7
63	31
45	19
90	4
79	13
87	3
85	9
1	19
90	2
70	30
82	3
55	2
75	6
86	21
46	7
97	7
74	3
21	17
63	12
54	1
46	16
98	1
31	2
59	2
25	29
67	10
46	3
10	1
75	2
11	9
24	4
94	4
23	4
19	6
28	1
78	28
64	2
2	3
24	7
19	2
91	4
10	3
57	13
13	9
66	6
3	5
82	2
89	9
62	4
89	1
31	5
13	2
92	6
92	1
77	15
66	4
46	39
8	4
46	15
34	6
94	3
3	38
36	1
79	3
50	32
38	9
36	2
78	9
16	16
93	11
83	1
64	21
86	2
82	2
94	1
46	3
55	25
14	20
39	5
39	13
63	4
20	18
31	13
25	1
70	2
42	3
28	36
83	10
27	1
47	25
31	22
59	8
40	15
27	1
16	20
70	28
93	7
77	8
90	11
73	3
70	1
14	3
19	8
13	10
13	7
69	30
51	14
80	7
50	2
24	9
22	13
96	3
86	19
41	1
76	28
38	13
27	2
46	2
100	25
93	15
18	12
6	5
39	30
62	15
42	25
58	7
29	4
82	3
80	1
94	2
35	1
52	13
86	1
9	4
60	29
100	3
66	8
48	8
94	4
96	5
97	60
51	12
61	38
44	11
5	12
47	8
71	3
3	10
99	29
45	3
16	8
86	7
54	14
88	6
46	7
34	7
92	7
20	8
67	13
92	8
51	13
14	10
40	12
29	2
83	10
48	2
22	26
82	9
70	7
21	15
5	18
58	2
42	12
48	5
91	16
84	2
81	1
13	49
69	22
10	2
67	6
1	5
41	1
62	5
52	15
78	1
92	12
3	6
63	20
94	3
46	5
45	1
77	2
50	13
98	13
49	3
19	1
3	5
83	3
21	6
2	2
93	10
84	11
78	7
50	1
50	1
51	15
24	10
51	30
77	19
83	24
68	1
25	25
12	16
38	84
93	9
34	3
35	6
33	6
15	9
35	6
28	9
10	58
69	1
76	8
11	18
21	4
63	2
52	2
56	6
9	1
31	5
86	4
63	2
81	18
51	48
44	16
5	1
28	1
64	8
69	1
13	5
56	25
37	3
52	4
47	9
93	17
6	10
46	1
99	4
96	16
93	19
26	11
44	9
73	11
60	3
85	5
33	24
50	3
51	2
14	7
12	23
78	8
39	1
36	3
1	13
85	3
74	8
94	12
66	1
27	11
7	2
100	2
56	6
60	4
1	22
3	13
34	1
33	4
55	12
60	21
3	3
100	4
57	1
96	19
10	7
51	3
86	8
59	3
51	5
46	2
47	12
68	6
33	12
4	4
20	1
94	5
11	5
2	1
89	15
41	1
72	13
18	5
46	5
49	4
45	8
51	2
94	7
23	41
70	1
65	36
92	13
63	2
6	7
21	5
66	12
43	1
56	1
97	10
35	1
1	5
90	8
74	44
21	4
13	9
25	1
78	1
38	19
70	13
61	15
88	2
55	30
18	35
42	10
63	10
62	19
60	3
65	3
38	1
81	1
74	15
83	5
25	7
48	1
67	9
88	5
37	37
37	4
4	6
71	2
58	41
32	16
34	29
2	23
33	6
78	5
90	8
13	8
32	1
13	7
71	14
5	4
94	3
64	9
70	11
66	2
65	6
96	1
96	1
26	3
82	9
90	1
14	3
38	6
66	2
96	1
1	1
95	4
92	8
42	4
44	1
40	9
59	4
10	4
36	9
38	1
41	5
89	2
33	7
4	3
79	2
85	3
50	1
25	9
89	1
53	2
77	2
43	1
32	7
93	1
91	3
84	4
9	4
90	8
1	5
90	11
43	1
10	17
5	1
84	2
3	7
76	7
32	1
18	1
23	9
82	1
44	1
48	3
93	1
97	1
33	1
76	3
13	6
