4039
62	18
93	10
34	1
60	17
81	7
8	13
53	4
70	15
48	3
99	19
96	2
20	1
42	1
47	18
62	6
79	1
71	1
23	7
33	1
32	14
100	15
33	29
85	3
31	3
24	5
26	21
8	48
35	5
71	2
61	6
36	3
6	1
61	2
62	1
14	4
58	1
36	5
70	1
43	3
56	5
32	35
38	21
77	2
40	1
56	3
82	1
91	1
48	2
20	18
97	1
58	8
2	4
96	1
16	5
70	6
8	13
4	4
93	12
20	1
83	2
32	3
17	2
56	5
26	5
29	1
63	6
27	6
30	29
35	9
64	6
69	1
10	3
20	16
8	2
85	1
66	7
7	3
43	6
2	7
88	8
41	13
16	1
66	27
41	3
43	8
57	6
78	1
34	3
71	17
88	6
84	1
23	1
90	19
3	5
84	6
74	2
43	2
43	3
86	13
9	1
90	4
90	14
34	5
16	12
17	28
10	1
11	4
41	95
1	3
95	33
84	2
12	4
9	3
34	14
88	1
26	19
62	11
48	3
42	35
2	47
21	2
61	8
48	58
34	1
47	4
36	1
48	7
8	4
53	8
54	1
39	13
21	5
97	8
47	8
34	5
52	10
63	54
36	1
17	2
10	7
2	4
45	25
44	43
9	12
97	7
41	2
44	7
86	5
33	12
82	10
36	3
72	4
50	3
60	1
32	2
81	3
65	1
34	3
29	11
9	14
55	1
15	24
61	2
89	1
36	2
11	5
8	3
21	1
44	10
74	36
52	40
60	9
32	27
28	9
86	4
41	2
36	6
89	8
7	9
41	3
52	15
17	3
36	1
19	1
72	18
7	24
50	19
43	2
59	41
97	5
58	4
36	2
43	3
41	4
53	19
96	1
84	2
66	12
5	8
51	47
28	56
51	1
74	1
62	5
14	6
80	2
94	3
16	1
90	2
89	1
89	1
98	26
52	11
96	18
47	7
83	1
58	2
55	1
77	1
67	4
73	3
65	2
12	8
5	11
40	13
43	6
81	4
56	13
56	3
39	3
52	7
80	5
6	9
92	2
49	1
77	3
55	37
90	4
77	14
66	32
91	3
47	1
53	16
55	7
9	2
13	4
67	13
21	3
25	5
6	8
73	5
97	8
79	47
92	1
32	4
22	2
70	2
45	18
74	9
33	4
97	3
47	7
89	3
34	3
83	5
90	2
77	13
82	2
76	7
9	1
34	3
32	39
50	40
80	9
80	13
9	2
9	4
38	50
74	9
13	1
66	17
62	6
92	1
97	5
20	7
77	8
87	1
60	1
88	4
63	3
55	1
94	31
30	1
11	1
58	3
62	5
29	3
65	25
70	9
90	14
71	2
97	1
77	17
45	20
99	15
83	1
33	5
15	1
63	10
68	7
3	1
43	1
56	13
2	1
24	5
69	23
60	2
3	1
73	10
53	7
57	21
23	1
63	33
55	2
17	6
97	27
55	14
2	3
2	5
38	3
98	9
19	18
22	41
45	5
19	6
16	1
84	2
67	4
30	6
75	10
95	4
17	8
62	25
10	8
72	8
40	7
56	23
78	3
30	109
75	2
71	4
74	2
84	20
51	66
13	15
11	1
49	3
59	7
96	1
77	20
18	27
88	15
25	3
53	93
38	1
53	3
73	91
65	22
69	8
20	12
45	67
91	5
8	8
6	51
68	31
74	13
1	1
9	1
29	43
30	2
44	3
78	6
11	8
71	2
9	4
64	7
72	2
49	35
7	26
38	35
40	5
11	48
23	2
69	7
37	19
21	49
84	4
96	25
91	27
26	2
60	28
4	1
47	11
67	5
11	26
80	5
67	2
94	7
65	26
44	33
13	1
81	3
13	36
42	13
97	31
54	9
60	3
44	48
14	19
63	17
65	24
25	17
36	3
24	52
81	16
1	11
82	11
92	3
12	109
96	4
52	2
68	64
11	38
21	3
24	17
47	3
77	21
23	1
41	64
63	41
16	13
17	3
99	1
42	1
94	26
22	6
91	17
60	1
4	1
76	10
14	7
67	24
96	30
5	2
39	3
9	25
34	10
3	6
86	7
46	7
86	1
75	9
8	14
80	33
65	1
89	25
80	4
72	4
49	1
11	21
96	3
45	14
97	1
65	12
96	2
12	55
29	3
12	10
20	4
98	6
97	2
66	7
46	26
2	98
14	24
84	5
36	9
41	7
80	8
17	2
68	11
11	8
13	46
84	46
12	16
20	9
23	20
35	62
22	4
65	3
100	73
47	1
29	9
70	22
97	25
38	3
65	56
11	58
21	6
13	1
31	20
43	4
69	26
73	42
64	22
81	8
37	16
54	67
18	19
76	24
61	14
77	10
12	8
7	28
85	44
67	26
3	71
20	11
37	9
16	3
80	1
68	16
27	7
33	3
96	4
58	5
25	1
86	6
77	63
72	2
62	6
80	9
47	16
38	20
94	49
88	20
1	4
42	3
79	15
23	3
86	1
35	13
17	3
51	85
63	10
59	20
12	16
40	18
41	11
46	29
82	4
59	15
91	5
13	5
26	5
95	7
18	83
25	56
100	3
32	5
49	17
86	3
79	4
74	1
53	6
57	7
55	3
21	17
67	17
14	19
72	72
58	2
89	10
27	8
57	8
2	1
99	2
69	7
63	14
100	5
65	1
1	30
75	4
64	3
10	1
88	18
88	7
21	7
27	16
68	20
57	12
92	19
7	1
37	14
6	4
83	6
96	33
88	1
8	1
62	3
83	4
49	13
45	13
50	1
21	32
7	9
37	6
84	25
62	3
63	2
60	7
36	4
33	8
76	4
30	1
61	8
89	8
34	17
82	9
4	8
4	22
79	11
12	7
87	4
34	1
91	4
47	20
99	93
52	1
22	4
14	2
45	60
95	2
86	10
65	1
78	4
55	2
65	8
73	2
90	1
100	14
50	16
9	2
28	24
25	3
93	4
83	2
43	3
19	21
5	17
22	3
7	10
41	16
94	6
22	5
71	5
67	9
23	3
24	1
87	12
99	11
42	2
20	2
10	4
16	1
25	7
47	7
17	15
54	11
4	1
96	25
99	17
49	11
37	17
23	4
24	1
6	143
6	13
100	1
15	4
33	6
4	5
74	1
22	2
81	43
53	22
2	29
90	43
76	19
74	2
53	6
22	8
65	6
35	3
47	5
32	23
92	11
62	7
59	14
43	13
60	7
19	15
50	9
64	50
38	5
74	9
38	2
100	3
26	22
18	30
87	2
55	4
36	11
47	8
3	2
84	2
36	15
24	13
15	33
61	6
27	7
94	10
33	4
18	1
82	7
86	5
36	5
51	8
59	21
16	19
90	2
24	15
57	10
62	3
37	1
23	27
60	5
79	43
12	1
6	2
30	1
13	7
82	37
87	1
64	22
5	4
57	3
30	4
78	13
84	4
18	6
81	2
25	3
25	3
54	12
32	8
72	35
100	5
63	3
96	8
44	2
83	6
80	10
64	8
7	22
75	1
56	9
5	5
65	8
71	11
10	16
53	39
51	7
37	16
41	25
43	2
84	9
35	2
88	4
25	12
97	3
70	4
6	5
36	14
54	12
40	7
13	6
95	16
47	7
79	11
15	33
23	1
45	5
65	9
7	5
79	65
40	6
60	8
74	4
18	1
5	27
42	4
100	5
83	8
71	4
85	20
86	7
34	15
67	3
15	11
39	20
81	5
92	5
26	16
90	37
44	6
52	6
15	22
24	25
97	12
63	54
30	3
43	4
30	4
14	26
87	16
40	8
86	1
10	2
100	6
6	4
97	1
31	31
61	10
13	9
100	18
42	5
74	2
45	9
45	16
51	10
65	3
49	3
26	14
13	2
61	1
20	3
27	9
20	2
8	1
48	2
58	8
89	13
76	8
39	5
46	1
3	1
83	2
12	4
65	1
85	5
93	1
34	1
57	2
10	1
37	1
72	11
1	2
77	2
96	5
49	3
56	6
2	3
6	1
98	1
36	3
47	2
89	1
4	8
85	11
9	4
74	1
14	1
43	2
50	3
57	4
82	120
53	38
54	16
48	1
32	10
84	6
16	27
62	32
16	2
83	13
18	63
8	1
82	16
26	11
92	1
33	1
98	6
57	13
46	11
53	34
39	133
8	58
11	1
76	5
67	2
54	45
66	6
19	2
64	32
30	31
30	6
28	62
46	4
81	1
92	19
20	13
72	54
88	4
100	4
11	7
73	2
53	7
30	9
85	13
19	14
99	52
75	18
78	3
66	20
15	2
90	129
39	51
65	7
46	2
92	6
85	9
25	5
3	14
12	41
50	9
53	3
82	65
78	11
3	20
17	83
4	5
54	7
71	29
71	12
85	13
77	10
79	33
58	13
58	25
71	14
51	31
6	5
6	1
44	2
31	52
76	12
18	6
80	101
99	1
9	50
16	23
52	41
89	32
78	9
29	5
4	4
75	6
16	36
96	25
39	23
18	15
64	31
47	100
28	21
44	59
79	4
24	64
5	7
90	41
9	11
83	39
2	4
72	89
41	89
27	6
45	23
97	16
35	8
2	35
87	14
49	6
9	25
99	12
35	31
99	8
10	4
6	17
42	25
31	16
97	4
12	38
5	1
1	8
2	46
53	22
51	68
5	1
29	11
76	77
42	10
10	2
7	67
66	9
96	1
33	23
5	12
85	17
56	1
52	24
42	18
97	40
60	8
3	1
55	4
3	2
4	2
51	14
30	22
61	9
65	8
69	15
88	53
34	1
93	31
52	5
92	25
79	3
100	1
91	96
11	24
53	5
60	16
75	22
24	20
66	1
27	68
60	31
91	17
61	3
29	14
18	2
59	2
75	6
28	37
63	65
61	130
3	7
74	123
60	35
63	29
88	16
12	12
55	94
44	7
37	35
78	115
96	3
1	10
45	10
86	10
70	19
25	48
17	2
53	4
99	5
6	1
4	15
38	11
70	18
76	53
5	115
12	14
40	1
70	83
45	4
94	17
5	70
90	36
21	38
2	43
58	6
5	29
27	21
23	16
75	32
54	19
55	47
31	3
82	1
34	51
60	22
91	11
97	71
89	43
75	17
36	28
100	6
96	80
86	6
74	62
20	28
90	9
96	2
23	10
25	49
54	5
35	23
99	9
29	11
100	9
81	17
38	1
30	1
6	12
3	1
26	142
10	4
51	1
88	25
34	7
81	6
47	10
87	3
97	8
36	37
21	83
34	2
97	4
95	45
30	26
37	12
22	4
71	46
2	5
48	10
21	17
78	28
46	1
63	1
83	11
42	3
67	84
17	83
43	3
20	131
59	2
27	1
53	6
55	14
58	27
45	45
34	40
96	22
90	73
25	131
61	15
30	19
98	19
41	30
56	37
63	10
68	4
97	6
90	4
26	2
5	24
77	11
44	74
20	206
35	1
8	41
67	3
21	2
35	78
55	41
24	1
8	5
10	3
11	41
7	32
51	76
58	21
100	19
3	24
38	29
68	29
83	9
35	8
49	29
67	3
63	70
23	19
81	1
27	1
84	3
31	23
96	18
64	7
93	47
18	67
55	47
80	17
22	2
92	6
86	33
24	14
1	49
71	27
31	9
76	2
81	6
51	70
45	112
75	6
32	38
20	34
81	7
76	7
16	2
72	28
77	5
1	3
45	3
10	5
19	27
40	40
90	32
79	28
8	29
71	1
97	7
77	2
92	3
30	2
71	23
60	10
100	7
24	8
35	88
71	1
69	25
56	78
4	38
43	10
39	38
1	2
7	123
63	22
81	31
57	29
97	19
98	64
80	28
44	13
57	49
18	19
27	37
86	42
60	82
44	31
93	52
33	25
74	4
2	15
91	4
57	8
78	4
87	28
78	16
70	10
47	4
62	25
12	22
7	7
26	59
21	17
47	12
70	13
51	39
25	5
80	6
81	41
86	7
65	9
49	19
100	14
25	2
72	39
11	13
11	39
33	12
7	11
35	23
50	28
50	17
26	2
55	42
90	6
25	36
7	38
92	1
71	38
71	26
55	95
25	49
69	50
47	13
87	27
54	81
66	34
61	38
84	1
49	35
59	15
30	82
49	2
74	33
88	24
17	32
29	18
11	36
49	193
76	1
38	2
74	7
84	3
46	27
53	62
43	6
70	5
79	119
45	1
40	6
48	12
78	33
49	66
77	15
98	10
36	14
32	75
90	13
96	7
85	23
80	42
11	31
3	51
18	131
93	11
82	33
65	58
20	6
52	21
15	4
99	1
35	2
63	1
97	3
10	78
10	18
12	145
89	97
12	15
12	43
15	1
49	2
9	19
96	8
16	8
12	76
64	2
96	2
74	6
40	5
78	33
24	49
72	27
55	27
70	1
91	106
63	12
14	9
11	3
34	10
71	6
43	17
95	107
64	4
35	4
54	11
3	116
52	9
41	12
60	58
24	3
45	21
41	42
61	38
67	7
28	12
43	2
23	71
61	29
60	8
40	10
6	33
90	24
19	41
63	26
91	14
29	26
75	15
44	4
72	2
81	7
100	5
69	11
15	2
60	49
23	54
86	4
97	31
89	3
8	11
45	7
40	5
36	5
94	26
49	30
42	41
15	7
55	1
14	80
64	1
94	5
76	47
18	1
58	64
38	3
8	32
67	30
7	65
61	22
33	12
68	1
41	26
66	3
66	1
67	8
4	9
67	18
90	12
54	14
42	63
16	2
78	3
96	2
35	25
88	78
68	16
93	8
89	85
6	3
90	6
87	14
83	16
76	37
41	28
23	1
24	7
32	16
71	1
89	9
87	22
25	8
82	53
66	1
27	35
28	19
95	58
61	2
19	7
53	22
20	7
41	26
65	66
48	22
3	24
93	14
63	10
46	35
85	5
67	103
34	14
31	1
60	25
8	19
30	10
88	11
88	32
45	86
4	10
91	32
28	8
50	25
51	46
86	2
10	1
3	68
50	58
26	38
76	11
90	4
46	31
6	12
9	40
88	1
94	63
22	15
13	24
14	34
71	50
55	7
7	22
79	77
41	6
16	4
37	38
73	1
34	136
18	1
80	19
58	6
36	41
97	4
55	8
63	10
13	16
8	28
25	24
27	78
90	58
33	33
51	69
12	64
87	4
30	23
86	168
42	23
18	1
21	53
99	1
48	26
4	66
83	196
93	8
97	3
3	41
64	23
38	99
89	39
7	36
45	18
5	1
65	6
27	15
46	12
20	94
41	125
52	7
2	72
31	21
82	7
80	16
39	133
23	29
45	15
97	5
74	115
79	37
26	14
23	17
82	131
68	24
16	10
96	11
19	17
67	44
64	13
97	26
67	38
32	54
1	134
51	28
80	24
63	4
34	10
28	3
78	69
41	11
18	3
14	3
66	24
88	16
78	37
34	9
8	46
6	49
45	14
85	70
37	1
34	9
84	22
40	61
8	15
58	12
68	5
64	21
2	10
66	12
40	2
22	3
68	27
58	69
35	4
41	54
40	31
44	4
34	6
88	63
15	21
21	65
67	78
66	165
88	4
47	22
34	27
77	22
99	95
65	97
79	2
59	13
78	20
45	14
36	14
8	3
28	14
35	5
13	2
13	9
35	4
78	9
31	38
21	83
39	413
17	13
42	24
38	14
28	46
86	82
65	1
17	34
22	42
37	2
3	6
37	20
60	6
9	6
19	17
22	41
18	13
77	7
16	11
81	16
48	20
10	21
12	10
56	23
80	3
18	36
41	10
24	4
19	63
94	4
13	129
49	58
57	42
92	10
42	68
19	15
90	49
53	53
57	49
85	12
51	32
75	7
59	16
96	2
33	9
17	69
56	219
78	1
93	37
89	23
93	36
27	56
87	46
87	54
38	15
83	11
25	19
84	65
58	70
64	17
19	26
39	7
49	29
91	15
37	8
79	4
37	9
15	6
36	23
18	23
23	25
14	2
13	11
82	17
27	16
64	3
28	1
71	91
23	4
21	5
91	11
92	15
56	40
2	14
58	36
69	21
75	5
79	2
30	3
8	4
8	36
100	8
26	5
63	3
83	36
10	3
85	6
5	13
58	8
36	3
29	11
47	24
85	56
41	17
88	6
21	91
23	21
81	63
94	4
99	80
29	18
54	15
61	54
6	5
67	31
37	57
44	162
1	15
59	4
45	16
93	178
92	7
88	7
15	47
19	6
10	75
73	76
13	12
24	6
4	90
10	10
89	20
75	33
84	14
82	13
31	8
96	22
88	23
50	7
64	7
67	5
68	23
87	21
24	172
1	34
52	15
19	10
66	16
28	13
77	32
80	1
86	109
85	25
9	8
79	6
54	158
45	7
88	27
4	80
93	23
42	24
17	29
83	16
4	20
82	3
75	58
91	22
87	27
38	1
8	12
20	2
65	6
34	4
99	57
66	26
93	18
87	10
18	41
43	22
84	29
53	79
89	6
22	18
17	46
23	51
27	1
89	17
9	23
94	23
12	16
99	10
18	28
17	37
58	11
8	10
36	141
3	4
2	50
51	16
83	18
97	25
18	17
51	26
8	2
86	172
54	6
26	6
72	52
58	11
54	38
22	12
24	20
16	6
48	33
98	26
43	30
90	10
79	5
91	100
35	18
8	16
11	10
11	20
32	4
63	8
32	27
77	19
60	1
35	569
62	18
88	14
25	1
69	62
68	176
45	154
86	27
90	52
90	8
81	7
19	29
9	2
80	27
8	1
28	26
98	21
25	54
98	8
14	18
56	26
76	8
35	1
57	13
60	12
27	2
18	174
87	20
98	14
62	211
9	13
50	189
82	1
94	2
26	53
96	87
40	90
86	7
87	2
1	14
39	11
90	88
23	62
85	72
98	4
28	39
38	6
15	89
54	3
50	3
67	28
64	44
72	2
83	1
42	127
56	1
61	7
39	1
77	63
6	79
20	14
31	30
13	1
29	13
4	37
48	9
27	12
31	16
64	23
61	43
47	15
89	4
65	113
93	136
2	140
66	30
34	6
79	1
44	18
15	9
36	9
21	20
78	3
17	55
16	1
50	42
44	38
73	11
70	32
52	25
15	16
92	29
64	48
46	32
28	11
58	124
26	1
30	28
80	23
100	38
74	2
61	2
91	9
81	3
97	16
31	2
53	51
11	9
96	154
27	5
19	25
90	9
13	9
3	21
68	56
91	2
3	93
14	7
83	135
53	48
77	66
94	58
8	1
97	14
11	17
30	121
58	95
29	43
42	114
13	8
85	77
54	15
53	12
32	115
12	27
18	104
70	1
69	3
66	2
32	1
39	74
8	21
31	22
17	21
20	82
33	19
84	28
95	9
52	28
75	6
61	19
2	114
6	106
6	26
38	8
98	25
1	46
75	49
45	8
55	38
20	82
72	122
72	59
42	38
91	11
89	96
11	15
80	1
12	4
38	45
78	12
77	65
44	39
61	22
94	92
4	36
2	81
19	19
92	95
100	21
28	31
84	133
31	7
58	111
3	4
43	8
34	76
10	12
75	5
17	5
85	128
85	16
98	177
16	1
15	1
74	30
7	23
85	77
23	11
83	70
89	65
5	7
48	13
51	62
35	59
94	133
90	176
62	10
84	16
79	27
43	23
45	62
60	113
90	86
22	12
7	68
49	55
37	9
28	7
22	165
58	66
85	157
96	39
38	18
74	9
29	25
72	7
70	15
53	82
65	15
31	190
89	11
85	1
78	27
63	20
77	32
17	80
19	126
11	164
43	44
75	3
5	53
96	58
81	39
84	4
74	1
67	6
96	2
86	7
66	28
76	9
68	5
7	53
56	106
45	5
6	5
73	1
69	20
87	12
67	9
93	83
88	11
54	59
61	7
60	18
40	8
20	3
28	55
97	46
47	6
37	5
12	38
17	59
80	14
81	13
77	18
38	44
36	34
50	76
83	5
74	7
97	14
80	2
23	1
10	48
69	1
77	53
58	157
64	87
48	99
87	41
22	24
91	4
19	3
5	150
1	17
74	7
75	5
24	80
33	47
22	14
83	44
37	18
42	33
81	33
48	7
64	142
43	1
30	34
46	29
14	6
16	66
47	50
44	15
91	51
55	5
33	28
61	98
30	4
21	19
43	55
29	80
41	1
12	11
31	8
55	69
7	10
35	19
13	181
74	54
10	35
19	18
18	43
11	1
33	74
60	115
51	8
34	10
58	65
12	2
6	1
36	135
36	22
16	2
52	3
55	14
69	43
3	53
3	6
36	118
48	14
67	4
35	25
92	9
48	121
85	71
69	43
64	1
94	1
56	119
68	3
57	46
86	3
26	10
77	68
27	13
8	82
26	70
44	54
35	9
72	48
44	126
90	32
47	40
38	19
79	50
15	5
45	136
47	88
40	3
82	89
98	42
63	64
32	18
92	2
1	38
88	14
54	27
56	83
12	2
6	11
54	13
29	12
72	2
71	95
49	73
32	76
41	42
25	14
4	46
41	16
30	31
52	16
57	23
87	9
56	8
61	15
15	27
10	10
16	3
100	4
31	115
67	91
29	8
47	71
59	84
40	50
15	64
75	31
54	151
42	26
56	89
69	2
44	26
8	30
9	9
27	82
94	131
14	135
84	17
6	17
48	46
81	72
92	10
37	15
67	242
5	38
32	2
92	1
54	15
86	67
61	60
52	163
5	5
29	158
78	7
81	2
83	124
90	9
16	19
70	1
4	6
4	44
98	15
62	7
97	1
64	55
58	21
63	31
84	18
1	48
29	9
37	109
42	5
36	149
4	1
90	5
78	27
94	3
91	55
29	1
1	7
48	60
10	3
72	4
5	46
6	2
5	17
95	30
73	34
6	74
86	16
35	52
92	162
93	12
34	34
25	29
64	70
95	15
85	3
70	11
90	8
25	78
22	6
43	35
4	22
21	77
98	69
55	49
34	13
75	2
19	2
52	69
22	28
59	35
64	68
51	54
55	106
50	34
98	8
73	4
95	28
94	9
100	33
33	8
99	9
52	44
57	77
51	70
2	3
88	5
88	72
70	12
64	27
22	29
15	3
66	39
40	9
53	27
58	3
24	2
44	17
25	12
79	21
30	55
35	12
96	30
6	8
16	1
36	60
34	8
32	14
10	11
9	15
61	3
100	1
26	90
12	1
95	139
76	86
21	5
45	44
84	12
33	51
72	6
36	8
69	112
56	84
41	1
92	96
34	20
90	47
38	18
61	60
42	12
60	6
50	73
29	5
7	8
32	3
80	38
34	3
90	118
30	10
5	10
83	6
16	9
1	96
72	3
36	82
2	43
78	6
52	9
84	82
71	6
39	17
37	85
2	14
13	120
56	11
56	26
10	6
14	50
27	1
24	57
2	148
61	43
27	115
37	84
73	130
28	18
10	6
83	4
90	1
94	79
67	3
39	41
23	6
86	72
88	100
62	3
37	6
20	8
86	34
25	83
15	3
69	7
69	12
87	6
49	14
7	54
84	19
91	1
48	2
6	48
89	27
28	51
89	77
40	29
54	1
85	33
17	73
96	13
56	1
94	62
65	20
71	8
96	101
5	155
92	95
82	34
29	101
9	85
7	57
43	47
64	17
32	17
32	150
16	11
61	32
42	10
13	98
77	164
28	1
55	10
95	76
3	6
96	1
92	10
11	24
66	19
13	106
6	10
28	96
82	43
34	9
18	7
91	83
59	6
31	14
41	1
1	14
100	6
58	28
2	173
29	9
94	57
67	60
88	122
75	39
35	46
95	64
7	78
1	2
7	1
29	7
9	155
94	11
29	22
51	152
71	72
100	11
71	40
18	14
64	58
78	138
53	81
53	45
13	5
27	99
37	7
69	11
88	13
4	155
66	68
49	8
84	19
56	64
65	16
15	5
17	7
78	12
68	29
79	17
36	4
2	33
12	20
68	90
36	110
18	51
77	1
41	21
13	2
18	8
72	21
57	22
76	77
57	32
17	11
26	11
44	37
79	27
48	10
57	10
20	104
36	46
91	24
60	66
27	11
84	5
60	23
87	16
26	123
33	147
82	10
49	2
36	6
32	29
24	16
19	48
66	37
91	18
86	61
63	2
30	21
62	6
38	4
80	17
95	2
61	5
70	27
5	27
36	58
93	29
29	2
54	11
68	9
2	20
50	52
17	25
62	12
73	6
78	15
66	4
16	8
51	3
86	11
95	6
44	7
84	2
49	2
65	5
85	42
73	1
83	10
18	9
18	39
95	2
45	2
22	18
37	13
50	13
80	2
47	11
34	32
46	10
18	34
1	10
28	7
41	9
13	34
6	3
51	3
81	12
63	10
59	33
27	33
24	60
55	42
80	4
99	1
73	5
86	57
23	2
50	16
27	7
72	33
49	54
35	84
68	24
83	5
47	3
38	25
18	3
92	3
84	6
73	82
59	12
34	1
28	41
95	95
49	34
38	9
91	31
78	7
69	10
88	37
73	8
89	76
18	2
91	6
71	5
61	19
25	65
61	6
33	28
58	9
24	13
30	7
18	18
23	13
70	7
57	11
36	15
36	4
25	5
57	14
92	11
27	33
67	1
72	19
45	12
32	3
27	19
81	3
19	32
86	56
66	19
34	4
87	63
57	3
98	32
10	17
34	5
9	36
79	40
99	1
13	12
43	6
42	8
88	3
82	36
52	3
15	11
99	57
9	21
67	3
20	2
98	58
16	3
53	9
43	12
20	7
85	3
98	14
41	9
38	3
10	19
69	21
77	5
80	19
74	20
94	2
74	25
97	5
54	1
86	10
5	8
2	2
71	5
67	14
36	37
84	1
97	17
24	2
23	26
62	57
49	16
40	12
51	4
14	8
89	58
99	8
7	5
86	30
3	9
39	4
8	85
39	29
26	9
82	1
65	14
95	19
50	13
38	14
74	8
3	9
53	36
7	12
5	4
88	11
95	11
1	7
53	3
11	4
2	2
78	1
86	6
83	1
10	1
35	35
23	63
44	63
42	30
86	56
45	66
57	17
56	12
46	5
96	14
37	60
51	27
67	6
38	20
23	1
68	95
29	8
47	6
69	2
26	18
86	6
31	12
13	6
50	2
45	10
17	38
46	2
47	12
55	72
12	16
82	27
86	8
73	60
86	9
24	41
47	27
84	5
54	3
67	11
6	29
4	7
44	7
93	50
65	39
26	39
76	17
8	3
69	69
49	52
73	68
16	1
84	44
47	5
48	30
95	67
28	9
27	19
52	61
13	58
18	16
44	3
50	5
58	23
35	12
24	8
81	7
77	39
42	44
4	7
40	36
94	38
96	11
89	20
91	11
15	54
44	16
53	10
13	16
62	26
19	10
57	7
28	53
14	87
59	51
10	33
67	2
68	11
74	2
13	33
62	87
25	1
88	21
49	2
91	12
50	82
47	7
12	16
42	5
46	81
46	11
2	12
61	4
25	4
78	4
51	27
15	3
43	4
3	53
54	39
52	1
6	12
13	39
75	47
45	3
7	13
79	2
53	8
29	6
78	3
14	12
44	10
6	4
83	14
28	40
5	36
43	22
29	57
30	34
62	3
76	1
68	32
79	26
97	5
49	13
65	27
53	9
43	3
46	8
18	5
12	11
57	30
87	3
14	32
40	42
93	1
46	3
73	4
84	7
35	29
43	8
94	4
8	19
57	12
64	5
30	7
99	58
34	6
71	15
52	24
73	12
29	36
60	30
45	7
69	47
74	88
79	45
62	8
7	30
42	2
43	1
98	4
9	25
29	36
29	21
93	8
79	2
22	77
73	6
80	20
49	12
8	14
73	7
16	5
38	7
1	18
33	30
24	5
32	37
72	12
83	66
64	14
36	1
99	37
55	6
52	18
83	16
34	9
27	5
86	71
10	10
95	22
88	5
83	34
69	45
31	6
21	8
16	10
83	16
15	8
43	1
43	20
25	60
32	6
29	19
19	5
7	33
32	47
83	28
64	14
71	1
6	102
92	1
98	37
86	46
14	23
29	7
57	6
84	1
60	49
9	2
49	7
42	11
60	5
45	4
27	4
73	6
57	12
4	6
41	4
69	11
68	37
10	10
54	65
17	9
56	31
42	26
92	26
36	10
7	1
78	32
99	1
64	15
18	43
13	53
7	20
64	19
82	19
55	22
69	51
100	3
47	2
28	1
77	18
41	1
46	3
68	4
72	6
55	18
2	1
100	7
99	84
86	3
88	1
68	5
62	32
80	19
12	17
46	8
25	10
23	2
8	50
18	2
72	11
20	49
90	58
33	1
86	30
72	42
62	40
80	7
10	38
31	6
21	60
61	9
18	10
67	3
24	25
8	2
7	5
68	3
50	24
35	12
21	5
59	7
97	36
57	12
1	2
79	61
19	21
18	10
73	5
13	2
19	64
90	6
51	10
72	35
12	25
86	14
64	1
18	8
85	53
18	1
17	9
58	36
86	13
23	13
10	47
57	4
59	4
4	27
7	1
8	16
32	12
55	57
40	36
8	8
50	43
61	9
73	5
52	2
96	3
20	18
62	39
36	1
74	41
81	27
65	13
3	24
85	11
44	7
80	19
48	15
27	46
46	9
78	7
61	6
24	8
82	29
7	5
8	2
8	8
65	11
28	15
73	23
27	47
35	3
70	34
87	5
43	1
99	28
81	42
97	33
42	10
92	3
100	6
32	20
87	18
83	44
66	52
77	14
26	9
2	14
46	13
47	14
23	12
63	7
7	18
11	8
42	10
47	8
2	47
51	11
78	8
58	2
44	15
39	20
97	36
68	20
31	22
85	12
10	18
9	44
11	14
15	7
73	4
96	26
92	2
18	8
31	1
16	5
60	43
48	3
98	32
2	4
33	9
82	32
86	8
10	17
60	14
99	4
89	1
58	14
91	10
53	25
1	17
100	36
26	5
69	2
13	4
52	75
8	9
39	13
74	2
92	32
75	11
69	38
87	1
47	59
5	18
3	19
19	28
66	34
100	4
67	1
55	16
61	10
2	7
11	9
50	2
12	5
96	16
91	32
58	15
64	14
88	27
20	4
71	6
50	5
22	91
37	66
86	8
94	7
99	14
66	11
11	12
76	27
8	8
92	6
7	75
32	7
24	55
52	4
91	6
67	28
21	5
43	4
52	3
96	43
93	11
50	22
89	3
60	3
47	69
66	49
10	3
99	69
51	6
31	7
55	65
4	2
5	2
84	14
34	5
10	12
44	6
80	10
88	8
33	16
95	26
39	8
46	6
41	21
43	4
88	38
21	4
76	7
36	4
32	30
43	4
47	2
53	7
22	4
22	8
78	1
3	8
23	19
56	20
47	14
35	1
48	24
76	15
31	15
86	38
85	37
55	4
18	75
13	7
99	5
45	9
1	27
43	14
51	13
39	13
100	13
35	5
31	34
74	2
25	32
22	1
91	1
96	9
35	4
98	14
94	2
12	54
45	2
69	2
56	3
95	11
83	23
6	31
43	1
73	3
41	9
32	25
75	86
90	7
86	57
98	2
33	19
25	1
67	13
75	6
4	4
80	25
2	2
51	5
67	1
67	7
21	5
90	2
76	27
60	25
71	37
92	7
17	67
32	4
60	4
8	2
79	5
1	10
76	1
28	3
77	4
54	4
95	2
48	8
26	10
83	11
15	1
51	10
41	1
18	10
91	14
67	34
69	4
54	19
21	6
90	13
79	1
98	15
90	17
95	7
4	11
15	1
54	2
2	10
2	6
97	11
48	17
13	5
33	2
12	12
99	29
54	3
48	5
1	12
100	9
7	20
23	12
74	9
89	12
73	10
45	13
86	22
36	5
60	27
16	4
73	3
76	20
94	6
81	3
63	2
93	44
87	9
94	7
95	8
86	7
76	19
40	33
27	5
10	3
96	2
61	2
94	12
50	8
62	19
85	18
13	16
96	21
43	7
11	1
27	5
8	11
79	4
14	15
74	20
94	17
4	9
41	12
93	8
88	2
71	14
81	4
100	5
34	11
21	30
31	10
93	7
100	5
36	3
79	15
40	21
30	8
82	10
91	2
11	14
80	8
1	33
68	8
92	31
94	3
49	3
59	6
65	1
15	13
23	4
61	15
21	8
8	3
64	6
27	11
80	8
59	18
70	5
32	19
83	9
25	10
4	2
24	4
94	15
72	14
87	7
82	4
74	6
8	9
39	35
16	22
92	1
51	6
4	1
25	10
63	1
68	1
33	8
86	23
33	6
93	9
40	7
25	2
15	2
55	4
17	8
75	2
95	8
72	6
11	2
35	1
98	8
90	11
97	4
7	24
83	5
99	9
77	33
88	3
58	7
95	24
11	2
86	1
98	15
55	6
58	44
84	5
95	5
36	6
48	7
20	25
44	6
53	50
45	12
62	2
33	3
81	9
82	3
99	8
27	19
39	1
46	8
90	2
47	8
31	5
22	9
77	17
25	6
37	7
72	8
23	14
11	11
98	3
21	6
70	31
53	17
35	12
34	23
89	1
5	8
26	8
26	18
43	4
86	22
18	20
82	9
12	1
95	3
83	5
9	17
66	9
16	1
10	24
27	5
80	2
69	11
57	8
11	20
95	6
30	9
5	3
5	3
54	3
81	5
66	2
92	9
1	1
82	4
7	3
60	9
91	3
95	2
74	6
97	40
54	4
32	3
41	8
78	3
39	45
82	4
99	2
86	14
83	10
61	4
78	5
79	47
100	8
18	1
30	4
92	1
45	1
93	18
15	1
31	26
32	18
8	5
89	13
34	10
63	5
64	2
66	1
12	4
67	10
89	4
96	6
31	2
7	18
24	25
96	22
26	15
19	1
62	22
78	17
82	3
40	13
85	4
91	3
69	5
77	2
5	17
41	22
11	5
9	9
72	31
93	4
87	6
31	9
21	3
94	4
4	15
52	1
38	8
88	22
99	1
15	2
88	20
41	11
6	6
88	25
56	27
74	10
42	5
42	8
68	3
17	9
69	2
63	4
61	2
64	10
17	1
65	3
89	14
58	1
5	7
71	20
25	1
7	8
4	44
80	17
83	43
45	1
67	16
61	8
60	5
38	8
58	3
32	3
59	7
40	9
86	21
28	5
10	2
79	5
33	5
87	3
58	16
70	6
42	2
52	10
58	3
77	18
95	15
61	1
49	30
21	7
14	2
47	10
33	16
39	1
36	1
32	5
60	45
69	15
83	1
1	13
65	17
7	3
90	10
64	5
71	1
24	14
83	44
63	3
47	7
32	21
30	47
79	3
16	3
89	1
71	1
42	6
71	30
45	2
19	6
49	7
44	1
29	14
46	3
93	12
93	2
78	12
39	1
63	16
6	16
56	11
44	28
14	21
49	22
25	7
19	3
12	15
49	78
92	15
31	10
90	13
12	1
49	7
26	14
8	15
65	30
11	3
64	9
26	4
34	3
83	7
28	4
18	6
86	2
22	1
97	4
43	1
29	9
10	31
53	6
88	1
32	1
77	3
74	1
11	3
5	15
63	6
91	32
59	16
40	17
44	9
90	3
97	2
76	15
75	10
75	10
96	27
60	20
4	5
27	5
44	27
12	5
66	2
37	1
30	31
56	6
64	1
10	7
19	4
18	1
16	13
55	18
1	1
35	3
51	1
22	3
47	6
51	5
39	12
40	13
15	6
92	4
95	13
90	13
89	1
6	11
2	3
66	30
78	2
9	3
13	7
26	6
67	8
75	5
67	3
24	2
60	1
63	3
19	5
67	12
10	7
10	4
36	19
64	6
28	15
45	27
6	4
3	15
3	5
81	2
91	1
54	11
23	1
57	40
19	18
48	2
51	3
38	14
37	6
2	5
24	4
55	9
73	1
6	6
35	9
95	7
94	1
27	4
67	5
58	1
62	10
12	13
66	32
49	1
1	2
65	35
100	5
58	16
29	12
46	3
52	3
39	1
92	2
62	18
52	15
43	3
27	1
24	10
7	4
46	8
26	4
84	3
34	1
97	38
55	10
76	36
86	8
3	2
83	19
88	2
86	7
99	1
88	15
9	10
50	1
2	2
20	3
100	50
29	5
66	14
41	1
92	1
11	3
8	2
62	1
79	5
28	2
64	2
56	3
62	3
29	1
32	1
51	9
53	3
30	8
65	7
63	2
100	5
54	1
18	3
5	1
15	8
29	3
100	2
1	4
41	1
75	9
29	1
54	1
59	2
52	5
4	11
82	1
91	4
62	5
51	2
7	3
51	1
94	2
23	1
62	6
74	1
38	4
16	8
84	2
25	2
96	1
52	17
36	7
64	2
1	2
67	2
82	1
47	1
70	3
72	7
