4039
42	61
2	4
94	5
44	15
63	9
22	6
16	2
5	19
33	8
35	1
55	7
25	1
46	1
60	31
83	10
84	1
63	8
51	11
74	1
88	11
38	12
30	15
20	8
56	14
36	4
40	38
14	26
88	1
90	8
68	4
72	4
49	6
41	2
93	1
97	1
2	1
42	9
91	1
64	5
16	11
88	16
93	7
23	2
65	1
27	2
88	4
87	5
35	2
39	1
45	3
59	11
73	3
29	2
12	27
12	4
95	16
34	48
53	10
19	4
23	15
52	5
46	3
98	21
69	2
59	1
75	1
11	14
69	3
13	7
82	2
59	2
75	1
68	8
3	7
47	1
35	13
87	3
41	2
64	6
24	5
74	20
42	3
96	14
74	6
94	12
84	11
35	4
99	8
89	2
92	5
77	1
85	6
9	7
52	5
86	18
45	1
73	6
94	3
100	27
80	10
73	3
96	1
24	2
61	2
46	4
47	8
29	3
42	728
60	6
61	8
67	5
55	4
96	2
63	8
14	1
40	17
8	11
45	1
85	31
95	50
9	2
56	5
75	22
79	3
41	2
30	3
48	2
2	4
83	19
42	3
57	8
86	3
71	16
47	18
87	8
37	1
33	58
37	8
93	1
93	9
5	6
44	22
10	10
99	10
61	4
92	2
24	8
33	1
58	7
53	5
19	11
44	5
85	1
10	2
94	1
13	3
27	6
54	1
54	11
32	5
44	2
83	25
3	4
66	2
46	2
8	11
59	1
19	4
30	5
71	24
81	35
25	3
91	22
95	6
82	4
10	13
52	12
45	5
63	4
18	2
79	9
77	5
28	1
31	1
23	1
36	15
36	31
14	4
89	34
22	2
38	3
48	2
26	5
95	4
5	12
49	3
41	9
24	9
71	12
28	30
7	15
100	3
74	2
19	30
73	11
37	2
22	3
52	3
27	3
40	1
10	1
17	10
16	2
69	16
98	17
83	1
11	2
97	2
46	5
50	3
7	3
81	6
21	8
79	26
29	11
81	8
9	2
91	10
41	2
62	1
7	6
93	12
77	17
52	1
8	2
92	2
39	35
45	1
7	8
58	56
45	1
77	1
40	10
77	4
78	2
22	3
81	8
52	2
7	8
31	24
9	1
31	12
98	34
58	3
2	8
91	2
10	1
100	16
87	11
32	8
66	8
100	19
19	2
7	3
10	2
42	3
14	4
17	2
50	5
67	6
45	4
50	61
28	31
6	5
28	14
30	10
94	1
95	11
35	4
40	1
93	26
14	1
56	2
69	2
60	14
9	25
95	2
10	1
10	3
40	3
56	11
34	1
1	1
65	3
32	1
32	5
37	7
29	22
79	2
50	17
83	6
93	2
67	10
4	12
21	46
64	1
64	3
29	1
76	12
51	4
50	13
82	4
31	12
82	1
59	3
98	39
40	2
23	5
96	8
33	6
68	18
95	3
97	31
47	28
69	7
31	35
83	4
7	1
75	8
21	19
71	5
78	18
59	23
68	8
77	10
73	1
53	2
27	6
95	5
21	7
74	1
32	4
16	22
68	14
26	4
26	8
9	11
59	2
55	11
25	3
82	12
28	2
16	4
83	30
31	20
72	17
58	1
59	1
93	1
66	18
17	17
18	13
47	6
43	88
6	8
84	5
64	58
73	11
69	11
41	9
9	52
6	4
19	8
91	18
93	7
84	2
48	68
85	2
81	62
46	1
46	9
77	2
92	5
91	3
3	4
62	3
95	3
29	35
82	17
79	16
76	4
86	33
15	26
68	6
49	24
85	40
42	5
54	47
9	20
97	4
27	22
26	1
77	51
37	14
73	20
88	5
28	4
74	14
43	33
42	1
6	3
36	2
39	3
84	12
37	108
62	1
43	10
35	47
40	23
33	42
37	11
64	21
94	4
58	57
30	4
31	2
77	17
34	7
59	115
13	9
1	7
57	69
12	15
66	3
13	33
68	8
70	1
64	3
72	1
3	39
72	4
88	5
2	12
62	1
90	44
58	23
52	2
37	1
8	1
19	4
3	16
72	11
20	25
87	1
9	1
45	18
77	53
80	12
53	5
42	3
19	4
87	18
65	2
86	12
28	3
44	78
41	3
55	4
3	2
3	5
34	7
94	21
79	5
40	25
18	3
28	114
81	2
58	6
89	5
21	22
50	6
98	27
84	14
2	218
45	93
100	1
3	2
39	6
18	25
15	23
12	11
22	6
7	64
40	44
26	19
63	1
29	16
17	10
12	2
49	3
26	23
85	4
44	3
12	49
53	14
99	5
71	16
7	48
4	13
24	14
11	15
56	6
45	7
2	14
94	16
63	54
1	11
50	79
70	17
61	11
90	22
38	9
83	2
37	21
94	46
67	9
97	76
94	26
50	3
49	2
96	4
14	23
10	8
44	2
28	7
4	4
14	22
77	1
37	16
34	11
76	2
86	2
78	20
65	13
26	2
22	33
75	3
21	4
3	28
66	1
71	1
99	16
62	4
84	73
44	16
80	16
21	48
91	29
47	10
29	38
19	4
97	6
89	1
33	23
84	6
25	19
72	29
89	3
2	5
83	8
42	26
65	3
82	2
64	15
14	9
4	12
93	4
29	10
68	10
24	18
12	63
56	2
23	6
67	21
20	9
69	1
14	4
27	5
92	5
27	5
85	13
88	34
81	22
10	4
30	8
50	1
85	37
75	13
52	15
35	15
42	12
84	5
40	1
54	12
51	33
39	14
13	61
64	1
46	1
40	15
10	5
67	5
97	12
57	1
34	20
19	23
46	7
33	5
64	5
19	12
21	15
1	4
34	12
25	8
41	1
6	5
56	8
48	1
17	12
52	5
47	32
76	10
76	12
80	11
50	16
6	2
58	21
3	103
74	1
23	7
95	22
15	10
4	1
54	15
71	21
22	1
31	8
13	11
62	2
97	2
94	11
33	18
64	3
94	8
67	20
2	4
48	3
63	6
34	3
23	17
25	2
73	1
98	23
13	2
80	9
69	15
15	9
24	2
89	1
66	5
37	1
67	2
86	8
38	2
98	1
75	6
9	8
81	5
35	6
16	4
5	18
87	6
89	13
100	32
31	9
35	17
83	127
2	26
83	39
40	3
3	1
5	4
13	1
68	1
81	35
13	10
19	14
8	44
13	11
88	2
24	4
9	8
23	3
79	9
1	5
88	32
83	11
66	3
81	26
46	13
20	2
51	18
9	10
48	33
69	12
16	5
57	5
3	1
86	11
88	1
50	6
93	5
19	12
31	10
94	12
65	8
85	5
54	21
76	20
19	8
36	15
41	2
10	6
75	7
27	3
85	2
88	8
11	13
90	7
58	20
68	8
48	8
88	9
50	1
55	1
59	19
1	4
34	12
93	10
10	2
21	1
46	2
75	22
66	4
49	14
99	1
96	7
21	3
52	3
46	10
37	6
47	8
55	12
51	14
39	23
70	4
6	11
23	7
23	4
95	8
63	7
88	9
44	2
93	24
29	8
52	2
45	1
5	8
78	3
50	4
15	8
31	35
85	13
51	3
92	8
31	3
43	7
16	28
29	2
80	8
49	1
73	4
80	15
96	17
32	7
77	13
67	5
70	23
63	7
10	5
70	12
12	1
9	2
97	7
86	13
45	18
10	11
30	17
94	5
98	13
73	5
27	1
84	7
42	7
21	8
51	10
43	8
53	10
40	3
92	35
80	13
62	6
5	14
29	8
20	38
26	6
55	5
83	13
1	12
87	34
75	26
62	3
51	1
71	14
66	10
19	2
50	9
33	3
76	12
3	8
43	17
39	2
84	10
87	10
97	8
56	10
62	1
91	24
82	21
55	22
75	7
91	1
5	4
29	19
40	3
27	3
63	39
78	1
38	1
82	2
89	1
57	9
6	14
14	4
61	4
38	4
93	5
59	4
55	1
29	2
70	6
75	3
71	5
29	6
68	5
95	1
51	7
57	3
50	8
46	3
42	6
97	1
63	6
83	1
45	1
62	5
65	2
97	2
91	3
95	5
91	5
17	1
44	1
48	2
48	1
55	4
80	69
75	37
9	8
62	3
19	11
19	13
14	25
21	1
96	2
66	11
8	47
79	11
60	11
96	11
24	2
47	1
4	3
49	17
81	16
68	27
89	135
85	116
5	1
58	1
25	13
38	66
58	22
83	1
95	32
75	71
31	19
24	73
46	6
49	4
38	50
77	11
2	51
31	13
70	24
57	3
16	8
26	1
63	5
41	6
89	17
26	35
91	44
4	9
25	24
66	4
67	62
39	109
6	4
77	7
61	6
69	6
32	76
48	92
5	14
50	10
58	5
63	2
27	13
36	32
69	36
64	6
46	13
7	32
75	2
79	12
21	90
11	35
93	12
97	30
2	14
94	6
24	19
59	12
26	10
53	35
47	22
81	10
22	13
96	10
75	96
34	41
72	7
50	40
58	20
65	2
43	7
21	4
17	3
67	35
26	1
88	4
87	20
68	18
11	8
59	63
36	1
83	4
40	7
75	9
77	9
7	17
100	3
36	12
58	57
10	3
73	97
7	1
21	7
70	53
89	7
68	4
72	24
35	6
34	67
59	6
100	5
85	56
43	9
20	14
74	53
35	30
30	3
9	5
19	27
84	3
10	47
34	2
5	45
43	36
82	1
3	1
17	44
84	5
59	3
64	5
84	20
82	29
91	5
18	3
73	50
67	25
4	2
15	4
72	4
49	1
62	3
86	56
90	100
41	57
24	7
83	8
54	10
23	1
7	6
56	10
92	61
64	4
25	5
6	65
39	36
53	4
57	6
33	20
59	18
45	2
81	62
92	51
43	34
81	4
57	29
31	3
61	8
95	7
76	31
86	40
6	126
17	8
28	159
59	11
75	6
71	3
81	44
41	94
27	9
76	47
9	25
34	5
5	5
58	2
32	2
46	3
33	37
50	9
63	6
97	24
62	1
96	31
80	1
17	52
60	30
92	8
3	10
89	1
57	80
86	2
41	4
24	18
45	36
84	25
32	69
100	1
98	45
86	44
34	23
86	35
99	14
13	59
53	26
7	1
50	36
48	8
27	35
66	28
95	51
81	109
80	2
70	20
26	79
5	36
62	45
52	18
18	86
60	2
68	6
83	2
61	15
11	5
5	1
9	4
77	4
29	4
21	4
85	5
6	10
57	1
31	98
78	3
75	63
22	19
6	6
63	5
87	12
57	91
52	3
42	2
58	36
36	1
21	53
29	46
60	42
96	14
45	6
90	73
61	10
65	3
67	43
87	27
3	1
48	12
12	14
34	17
11	28
3	9
40	1
60	7
20	1
41	5
27	12
86	37
44	9
8	16
80	63
67	1
41	106
40	46
55	12
25	13
93	21
100	35
62	22
34	79
14	13
48	2
7	4
83	49
35	25
65	5
36	35
100	125
49	1
80	21
63	4
19	8
87	34
90	36
29	1
32	31
49	2
85	63
63	7
9	127
9	11
15	13
56	32
72	7
52	4
10	12
11	11
20	54
98	4
96	50
35	78
71	5
57	1
42	5
74	7
20	50
23	7
77	13
47	105
37	49
4	4
63	2
25	4
63	9
94	38
51	10
89	77
63	3
76	4
20	4
54	74
82	16
25	8
9	18
58	14
73	5
90	1
27	13
73	30
88	1
2	3
47	2
11	4
39	97
65	28
86	35
49	24
97	31
76	28
1	61
1	2
98	3
12	5
55	16
68	2
3	94
84	6
11	7
61	2
31	13
11	13
94	28
38	9
36	49
98	1
50	72
61	10
91	16
75	24
60	8
91	39
12	18
14	34
19	32
23	11
51	27
68	89
43	47
90	82
22	51
18	18
89	11
70	12
54	5
77	22
91	5
79	47
41	22
27	23
70	5
12	84
33	1
69	37
88	68
10	26
97	22
31	7
5	2
65	5
49	22
74	1
59	21
44	20
96	35
10	6
71	14
37	1
51	11
34	53
67	13
98	43
70	48
100	29
81	2
35	2
8	42
71	8
60	67
17	68
35	25
23	38
98	27
12	60
68	17
90	12
40	22
97	32
68	9
34	29
64	30
32	8
75	24
89	59
19	75
92	1
83	31
62	20
26	11
85	27
21	10
79	170
13	2
20	2
74	3
31	13
20	5
12	38
15	47
32	13
57	42
90	1
90	1
24	11
79	11
11	28
33	99
63	9
15	51
77	90
87	31
77	3
21	4
4	18
40	24
72	164
63	26
87	21
67	44
70	47
21	17
100	33
21	2
99	2
95	10
75	1
86	1
43	68
43	9
46	2
85	7
30	3
34	24
2	2
82	2
49	35
55	10
55	40
13	95
61	1
32	7
92	2
91	7
27	34
31	35
19	10
45	2
14	18
67	44
81	14
90	8
50	5
80	36
70	4
61	12
51	60
70	4
12	18
27	16
96	119
14	13
76	6
61	25
87	1
9	18
27	36
100	40
46	3
84	2
23	1
49	196
39	5
18	19
81	5
40	56
5	27
90	26
63	18
73	12
82	22
21	5
83	5
40	4
51	20
94	8
70	30
50	69
12	4
57	20
15	21
21	5
2	5
3	26
12	36
65	5
8	125
57	55
57	31
17	44
70	21
84	2
56	7
46	6
5	6
12	6
2	1
42	68
93	25
67	12
70	69
53	78
20	37
66	25
56	4
86	58
48	2
67	8
55	15
22	32
18	26
81	17
68	20
22	46
17	9
21	45
74	2
63	16
82	33
20	21
66	2
66	31
27	13
68	24
48	21
43	6
78	33
83	14
97	5
9	4
47	3
99	15
2	61
65	10
94	13
75	5
90	3
24	4
76	5
100	72
31	3
87	22
16	6
57	29
29	27
77	21
46	50
47	19
88	11
85	5
96	14
92	1
3	125
4	61
57	20
52	51
96	5
99	2
10	51
75	7
71	80
17	21
77	32
66	3
26	33
49	46
13	3
9	13
6	19
44	5
18	62
53	6
84	48
76	19
57	15
35	28
4	3
47	33
17	8
48	31
66	33
15	103
40	1
44	8
39	118
11	2
33	7
21	88
17	2
12	36
97	1
52	23
100	2
84	50
13	13
59	43
31	10
59	32
100	5
20	2
40	111
95	22
97	36
39	71
63	42
38	3
100	29
63	61
90	12
68	1
80	78
84	1
54	10
33	10
44	106
92	4
85	3
59	15
4	3
46	14
51	82
77	20
75	3
54	15
88	12
69	27
2	48
29	52
94	55
8	5
16	94
23	3
88	9
85	93
82	92
9	72
68	17
38	2
27	72
9	7
15	70
33	18
81	146
23	79
26	50
14	2
33	41
45	74
21	8
63	64
15	46
90	93
8	17
76	27
70	27
52	10
14	10
100	2
49	4
20	18
3	22
66	8
73	13
7	5
44	12
51	11
92	41
40	14
19	22
38	70
4	8
71	3
77	9
62	22
95	4
50	37
18	12
36	17
29	17
39	27
63	9
82	2
29	4
5	57
40	2
86	50
35	19
11	4
82	1
91	47
57	1
78	40
58	128
68	60
7	3
10	93
95	9
74	13
16	102
74	55
24	11
50	16
20	10
72	20
84	3
81	65
53	9
66	22
75	13
1	16
91	36
53	12
5	37
64	23
8	32
78	15
1	4
93	37
87	37
24	25
30	2
62	37
66	35
97	1
64	26
72	29
10	10
43	4
54	6
37	40
47	8
96	2
93	19
70	9
57	6
53	8
2	12
72	106
45	7
7	58
68	14
14	5
6	90
47	4
66	14
71	56
2	24
63	126
7	74
77	9
29	40
100	64
94	42
49	46
91	29
99	35
88	2
40	12
24	29
3	6
21	149
4	6
92	46
68	20
2	30
12	106
24	86
64	51
82	21
59	4
22	21
35	73
73	18
54	4
11	10
36	8
81	188
5	9
9	11
21	1
67	72
91	32
43	80
11	34
69	29
100	1
78	14
51	106
59	18
49	2
59	2
5	121
78	4
63	13
85	11
47	28
15	31
93	34
95	52
85	3
71	26
5	16
22	47
53	4
10	20
53	5
40	1
12	2
18	16
3	20
9	2
4	12
91	23
84	113
98	13
100	18
4	87
72	11
63	5
56	23
29	21
97	14
17	5
38	50
85	51
87	81
93	51
69	1
38	13
68	16
72	183
60	19
23	3
51	6
59	103
62	4
18	4
8	14
69	13
20	84
36	1
98	51
49	33
63	70
70	8
25	18
49	111
67	9
67	13
12	57
74	63
64	11
34	4
78	49
19	36
55	1
7	101
87	162
70	19
45	9
31	3
31	13
5	17
53	119
13	1
47	93
89	13
81	33
85	1
24	73
7	4
10	4
34	47
72	16
44	33
93	33
36	2
4	19
19	16
62	58
73	12
20	29
23	13
35	9
62	1
10	1
40	4
33	27
14	29
75	8
71	17
83	51
41	30
46	16
95	67
93	3
19	22
79	62
17	42
48	9
24	17
98	45
28	13
36	33
37	5
2	22
81	7
12	49
27	23
84	9
20	13
91	37
92	38
79	1
34	28
38	2
86	14
72	7
16	71
58	4
72	2
10	41
99	12
77	3
82	54
49	34
39	3
90	3
60	89
90	6
97	7
2	9
13	3
99	5
35	10
83	7
71	2
10	2
17	1
98	35
49	25
50	11
85	172
17	7
11	5
88	1
85	39
41	161
65	113
29	50
47	90
57	32
55	14
90	34
55	1
20	62
32	69
41	24
60	14
11	24
68	13
28	8
91	54
53	8
60	8
58	32
93	20
27	2
83	107
70	58
2	69
43	79
58	29
1	108
97	9
90	49
61	117
19	17
37	52
11	8
53	12
6	8
34	11
95	27
99	28
5	44
53	4
84	24
34	28
30	96
99	31
45	6
39	180
14	2
87	16
23	16
96	19
87	2
63	9
96	1
45	37
12	176
51	57
58	23
83	1
66	23
61	5
44	7
77	9
26	37
85	9
53	39
80	2
60	163
20	135
3	87
59	75
64	3
14	5
96	9
11	8
81	31
27	6
69	121
84	31
66	13
47	4
99	128
9	6
68	28
17	13
95	11
89	37
39	14
30	2
49	36
51	52
62	152
4	3
79	2
28	4
7	36
14	9
100	8
19	4
53	4
41	7
65	4
56	49
30	12
41	149
76	28
59	43
19	14
22	48
54	29
45	90
75	40
69	16
83	2
97	24
26	10
33	32
66	156
45	4
72	17
77	2
27	71
39	10
2	81
46	16
61	7
66	46
99	100
13	12
26	157
67	106
98	86
41	12
86	35
61	2
22	1
59	38
77	21
97	39
56	26
84	9
35	1
4	41
87	24
17	58
29	32
15	43
33	4
92	143
92	18
78	9
93	31
18	75
32	137
50	12
60	56
8	22
86	99
79	49
82	40
36	5
30	92
39	146
56	1
32	6
38	96
17	5
97	81
3	81
99	30
71	24
89	10
4	130
40	15
45	118
80	2
35	6
33	76
23	4
7	115
40	18
66	2
26	101
41	6
46	2
83	39
1	44
46	151
44	155
37	2
58	1
24	24
77	109
18	132
97	22
56	52
20	148
47	3
39	15
76	43
29	19
51	120
81	69
84	1
33	8
16	78
88	94
34	141
48	96
66	109
27	22
35	77
45	78
42	3
19	4
18	89
26	87
28	34
16	6
82	51
83	60
90	49
88	52
37	43
26	121
82	2
26	191
97	76
48	22
5	39
6	22
65	37
94	41
37	64
6	114
57	2
14	2
13	105
21	74
40	26
2	7
49	31
89	7
49	29
34	9
54	9
78	14
69	12
65	8
33	29
74	8
62	4
39	2
93	5
75	11
56	12
5	84
7	4
100	106
82	7
11	41
71	4
57	3
12	91
96	39
43	6
84	5
60	23
31	22
32	12
36	1
37	147
42	50
37	26
2	17
25	54
5	15
53	13
38	3
33	1
11	95
5	22
80	36
68	65
68	155
18	31
90	28
47	55
50	3
24	3
53	91
15	20
95	21
21	7
86	30
16	7
28	56
42	41
36	22
72	21
63	28
58	11
96	102
35	4
39	117
47	41
57	15
51	58
32	9
34	27
75	24
65	1
73	19
13	8
18	5
63	29
26	34
84	31
28	27
69	18
75	1
8	31
80	2
34	6
28	34
33	87
20	15
9	39
7	192
52	2
57	49
56	96
90	18
6	17
9	3
83	7
93	4
67	151
100	14
87	2
71	1
34	149
68	44
34	42
62	14
49	1
55	5
4	5
48	19
61	11
87	190
39	70
38	49
3	1
61	7
16	121
12	15
73	83
90	1
56	12
43	18
74	12
60	89
93	54
90	10
15	5
100	57
55	19
62	53
26	49
2	10
4	13
42	13
43	69
35	67
34	2
53	57
78	9
88	65
23	19
74	21
53	31
42	13
14	135
20	1
28	9
32	110
33	22
59	19
55	11
24	8
26	16
99	129
93	51
24	8
15	12
52	13
26	49
30	6
99	26
30	10
70	6
8	25
37	59
81	11
63	3
32	37
85	56
42	6
20	53
95	57
66	11
56	26
42	27
82	14
87	170
65	18
76	96
62	55
91	31
56	45
51	25
45	14
72	15
67	74
3	7
28	21
59	14
62	108
21	4
44	16
59	134
14	140
84	2
98	4
70	106
31	25
95	68
10	68
12	17
9	24
88	3
85	5
24	146
50	11
42	41
54	18
52	48
85	17
94	11
61	3
91	15
38	10
17	23
52	121
74	9
46	42
100	10
59	51
29	5
70	107
52	70
21	23
42	4
91	3
43	163
2	1
46	10
71	3
38	19
94	50
85	11
72	6
74	13
59	13
42	22
23	89
3	22
49	60
3	70
31	53
93	8
31	68
22	29
52	11
26	5
70	2
88	13
94	113
27	1
14	1
85	61
62	75
82	41
83	149
52	25
34	7
96	13
82	165
68	31
28	29
81	13
2	43
93	41
81	77
52	8
88	5
34	21
74	10
62	36
4	18
20	13
56	170
4	85
36	27
73	3
15	27
63	60
74	65
67	15
26	36
52	5
57	57
17	6
53	13
38	2
42	3
44	22
76	10
38	29
21	74
25	6
16	23
54	39
46	5
46	50
42	3
40	2
35	7
33	16
86	7
94	1
79	38
76	31
87	26
65	74
76	71
93	10
80	159
83	58
22	3
100	100
29	85
66	49
94	1
1	2
19	61
58	5
34	26
4	69
50	28
30	49
61	1
19	40
72	19
17	3
33	53
8	3
6	119
76	96
22	2
82	8
74	28
90	107
24	14
31	21
64	81
50	6
34	30
17	25
21	11
1	10
53	41
65	23
85	130
61	56
68	4
51	15
81	89
51	2
36	36
81	134
45	15
75	62
49	118
86	23
80	11
25	8
98	9
41	3
33	27
93	4
96	48
92	23
34	8
84	54
27	7
19	6
45	7
100	11
40	6
18	1
75	5
2	22
35	1
58	15
48	32
19	41
96	1
22	2
57	3
1	15
20	35
6	112
69	4
61	1
46	24
79	10
23	2
95	9
26	130
77	43
6	5
19	145
9	96
34	153
97	37
100	136
6	49
84	127
65	90
33	14
25	16
81	11
43	106
5	43
32	8
45	53
27	77
42	3
55	22
4	84
62	4
20	1
11	5
92	23
51	7
85	60
87	87
22	89
45	16
100	18
10	76
68	24
11	5
76	18
37	1
16	33
34	15
68	35
90	74
71	9
34	52
66	7
25	40
4	12
69	71
100	34
51	81
19	1
28	1
26	59
24	144
17	3
28	85
5	154
94	105
60	11
34	92
51	7
68	60
82	80
10	19
67	15
100	13
21	38
30	19
47	27
38	2
14	98
47	17
37	22
44	4
19	40
25	33
39	4
76	2
80	101
1	137
96	2
30	34
31	25
65	23
64	23
91	8
23	25
46	7
29	25
7	4
18	19
20	35
27	27
77	105
35	2
4	9
81	6
50	71
96	63
91	11
21	1
87	118
22	11
54	36
72	102
52	9
95	3
98	17
70	33
79	127
54	13
87	2
18	6
100	24
54	45
23	32
75	74
21	28
44	24
49	55
86	18
9	12
75	1
53	26
31	25
1	3
68	6
22	35
78	11
50	11
63	8
9	50
37	2
36	7
7	62
52	51
35	12
24	8
17	4
6	17
63	7
82	2
48	16
68	8
76	37
60	27
93	2
26	4
1	8
14	15
96	7
99	6
76	10
43	28
2	1
90	8
57	13
47	19
78	8
33	2
82	10
42	25
12	5
56	13
31	9
19	9
37	14
59	29
95	1
55	3
49	20
64	89
66	54
13	17
75	95
99	36
89	1
83	1
10	4
64	40
10	4
17	4
55	11
9	30
77	9
97	21
58	29
86	4
70	15
70	3
47	13
52	3
60	8
39	13
23	10
61	2
88	35
81	97
4	40
43	12
55	26
61	9
99	4
87	71
96	9
63	73
75	15
81	4
48	42
7	39
25	6
6	12
95	57
58	37
79	1
34	8
91	2
45	8
92	63
8	8
42	31
33	5
37	5
54	6
36	8
10	31
78	4
76	22
54	38
75	1
85	1
65	4
54	29
64	92
96	5
83	37
46	32
6	62
81	2
21	27
71	32
28	47
46	26
24	1
87	12
82	5
10	8
99	3
12	1
7	1
37	3
96	41
56	16
67	2
64	8
56	48
18	6
85	5
89	5
65	4
58	3
98	48
96	19
81	1
62	14
66	27
80	7
32	11
66	11
27	2
85	34
14	8
68	4
68	14
10	8
82	7
82	13
38	10
27	1
88	1
9	8
38	5
65	40
27	23
18	2
10	1
38	7
8	15
77	23
60	4
59	6
57	4
72	12
69	3
65	73
90	27
12	7
65	1
95	18
10	16
95	9
19	26
46	12
88	4
1	79
59	28
39	18
51	8
62	57
13	23
78	2
50	8
81	1
17	2
56	7
91	2
96	5
85	47
35	85
14	24
22	31
98	45
92	13
75	8
71	43
30	19
92	41
89	35
45	61
99	17
82	4
6	11
98	58
70	6
14	12
70	18
12	45
47	8
68	8
7	3
11	2
38	6
66	3
74	12
83	15
14	24
61	11
94	26
60	2
93	38
50	8
60	12
81	35
15	2
31	2
38	10
8	10
47	6
53	2
35	1
44	72
52	44
18	4
17	5
59	5
2	7
23	1
73	45
23	5
3	26
12	48
97	54
70	2
45	4
16	45
62	19
31	11
19	3
9	12
77	35
44	22
31	1
95	30
72	66
95	9
21	2
69	29
29	38
13	7
13	5
56	4
42	14
38	18
85	20
95	10
16	14
44	7
7	7
2	4
55	82
8	16
5	37
44	13
14	21
10	8
39	34
51	45
50	3
40	18
37	10
100	22
75	61
51	11
80	41
63	4
51	78
13	6
97	11
92	4
16	1
40	2
70	77
86	17
82	3
58	24
11	43
75	1
99	10
18	60
28	24
16	2
53	29
36	17
87	25
12	12
85	2
8	18
93	9
25	10
70	19
97	2
90	81
18	13
47	61
70	9
19	6
7	9
16	19
20	46
73	52
56	6
34	26
63	9
59	2
4	9
73	45
61	17
74	22
2	2
64	27
97	41
7	2
53	7
49	6
75	5
7	5
82	34
48	1
17	12
86	7
87	3
24	6
72	67
76	30
21	13
95	14
73	20
24	61
74	17
100	4
45	28
34	54
97	38
73	1
87	42
38	6
68	1
71	11
62	47
11	32
37	13
4	29
57	2
37	39
3	2
33	20
94	10
76	6
47	6
55	6
57	1
10	12
5	26
14	2
78	10
100	12
32	26
26	5
34	8
21	77
97	2
34	16
19	7
32	1
60	2
54	48
82	10
92	15
94	2
3	13
33	3
88	11
57	1
4	9
74	10
77	24
77	1
64	22
22	28
64	1
37	18
49	23
31	3
3	47
48	37
99	13
59	7
96	59
51	8
9	63
74	17
99	28
51	13
98	4
61	25
5	73
82	1
66	1
48	4
88	6
24	13
79	27
25	1
2	26
76	5
3	14
99	74
52	13
67	2
74	70
65	3
75	46
87	19
58	57
11	14
81	13
83	6
20	8
37	31
34	19
35	28
14	17
89	13
86	13
17	61
33	34
41	1
79	4
50	2
12	6
32	2
45	5
52	3
73	5
37	20
52	12
94	3
56	69
33	2
36	1
4	1
82	44
26	22
74	9
47	2
86	26
77	11
96	38
46	4
20	9
26	23
5	22
40	1
52	12
5	60
73	36
58	10
55	1
17	7
61	39
64	11
44	10
80	11
72	32
12	2
59	11
14	1
60	43
27	9
76	3
2	3
42	34
57	5
98	8
75	15
39	8
8	14
31	59
78	9
63	58
45	3
77	7
89	35
62	13
51	51
50	5
89	8
14	39
39	1
22	32
21	5
55	5
98	2
66	24
39	12
63	4
53	23
92	4
79	17
60	10
41	33
84	21
51	1
78	16
60	19
58	1
62	36
11	4
1	25
86	21
60	11
25	33
92	24
57	6
20	10
3	6
76	12
93	31
35	14
71	54
72	22
30	6
43	3
44	5
20	15
85	18
30	1
43	1
76	21
46	39
66	19
59	39
86	3
22	3
24	14
18	1
23	3
31	18
40	63
12	23
56	7
42	2
9	13
61	25
34	33
83	56
6	3
43	13
95	26
62	14
8	8
16	14
79	64
47	10
73	8
32	31
59	1
16	49
8	50
55	4
33	17
95	19
82	24
80	19
5	29
98	2
73	20
93	6
64	5
72	17
2	44
67	7
76	20
78	2
61	3
80	5
26	5
35	10
63	9
87	21
7	12
30	17
54	42
81	15
13	17
56	80
55	10
25	2
7	6
68	5
39	16
63	18
21	4
74	29
15	15
53	1
49	43
4	2
55	34
70	18
88	24
85	26
98	50
75	10
64	44
22	18
41	14
17	11
85	17
47	22
2	1
75	5
84	9
55	4
66	10
9	1
52	5
98	10
3	1
4	12
17	4
71	29
61	5
69	19
80	3
47	19
69	3
35	5
3	1
42	72
17	4
72	10
43	19
69	15
92	4
14	16
49	4
17	18
22	7
9	6
4	9
87	5
80	8
76	9
14	4
49	1
66	4
51	36
40	13
57	35
95	51
90	1
6	20
8	54
43	4
33	45
23	42
21	8
43	34
35	2
64	7
39	15
6	10
90	11
63	7
27	10
20	4
57	19
74	11
57	42
32	4
17	33
11	1
60	6
37	18
61	1
81	1
30	2
43	10
35	7
20	1
67	6
82	13
17	15
90	7
75	14
65	14
80	6
32	8
31	3
85	18
69	32
94	42
4	10
72	4
46	13
51	33
82	4
38	13
39	11
74	19
100	69
7	48
64	7
70	17
59	5
38	2
71	12
28	11
71	2
64	7
41	16
31	2
98	1
24	12
47	4
4	40
35	41
77	2
52	1
45	28
51	48
88	37
64	2
47	38
65	7
54	2
28	18
32	1
52	4
64	7
4	102
96	9
28	7
41	4
21	5
41	7
18	3
96	24
95	16
19	42
4	1
21	102
57	19
7	9
10	24
58	4
88	36
56	17
80	3
99	3
80	5
74	5
19	39
29	25
64	2
29	1
20	3
50	1
4	4
87	18
30	41
82	2
100	9
36	12
84	3
30	6
25	15
11	16
25	18
60	8
91	16
6	2
88	27
89	11
15	15
60	25
71	14
12	17
30	6
1	24
85	8
28	2
85	8
52	5
81	9
48	13
51	7
84	8
60	8
33	2
51	24
69	2
32	25
94	3
32	11
26	15
76	3
77	5
42	4
73	56
90	17
97	12
25	2
82	5
56	5
10	14
5	2
30	4
63	8
1	24
69	26
13	2
78	4
60	21
68	11
45	16
3	7
1	2
26	27
64	9
95	3
91	4
55	11
91	8
95	7
62	37
16	8
11	1
15	9
15	34
53	3
44	11
5	8
35	19
26	2
14	7
74	2
75	4
76	16
97	12
55	6
37	3
37	2
66	8
69	11
85	4
43	20
29	10
24	4
80	38
64	9
24	4
49	1
21	3
62	8
98	8
80	1
89	33
33	21
70	6
90	11
23	9
86	22
83	22
65	3
61	10
55	15
20	6
82	1
31	1
10	8
63	12
14	6
8	10
9	1
47	6
35	6
82	5
71	8
33	2
77	13
18	18
30	20
39	2
30	4
58	5
49	1
31	1
24	3
7	2
66	36
82	16
74	1
25	1
30	10
31	7
2	13
89	10
38	7
94	5
48	37
57	3
23	3
57	17
76	2
82	16
68	4
45	7
81	66
38	14
78	5
15	4
20	11
62	25
34	7
75	24
57	14
80	8
21	10
29	16
51	8
41	7
28	10
63	1
58	8
17	7
72	7
17	17
39	9
48	26
32	4
57	18
57	1
20	10
24	9
77	8
10	2
95	9
57	15
97	9
9	14
52	3
96	11
71	5
46	18
10	10
43	14
18	18
53	12
80	11
36	3
1	4
28	10
86	13
57	1
50	10
46	7
97	1
21	10
79	14
40	9
96	8
5	2
85	3
49	4
85	6
23	2
33	12
85	10
85	2
99	5
57	7
87	9
37	2
23	11
25	8
55	43
96	4
84	32
21	12
95	4
20	5
42	4
70	2
69	7
18	6
92	1
10	13
31	35
36	14
14	2
19	1
32	2
31	3
45	16
99	1
60	5
11	21
21	1
31	15
86	9
55	8
74	1
6	1
15	1
62	8
5	28
51	5
46	1
56	34
36	15
33	18
76	15
48	1
75	8
85	21
77	8
40	7
7	3
59	7
89	2
4	2
51	22
34	8
88	6
38	11
46	6
18	6
64	5
69	5
94	5
1	5
95	26
24	1
36	14
78	22
5	1
22	2
36	36
3	3
47	7
97	23
13	4
17	6
34	2
18	13
89	4
1	7
58	3
88	2
58	2
22	16
99	1
69	5
49	25
60	4
63	7
90	8
26	8
4	2
42	43
38	14
39	2
17	10
13	10
94	6
73	6
84	7
9	23
56	4
23	7
55	7
75	13
13	13
2	2
10	6
36	3
25	7
88	3
27	7
48	16
22	10
86	6
43	16
9	10
2	3
69	23
20	3
51	11
46	12
99	19
47	3
58	3
65	3
15	16
98	19
62	4
86	39
28	2
92	1
83	5
70	11
52	1
98	8
25	17
6	3
50	4
62	18
74	26
5	1
16	6
53	2
76	1
75	7
23	30
42	3
62	1
7	4
5	1
66	14
99	1
4	3
74	14
59	8
42	1
38	11
20	17
85	11
81	46
50	14
28	15
59	8
59	9
5	34
73	47
95	23
45	3
70	11
15	1
69	23
95	9
17	15
49	35
62	2
12	5
83	29
6	2
32	5
9	1
30	17
11	1
51	11
75	5
77	3
53	1
49	15
4	9
13	1
19	2
32	9
37	1
73	3
58	22
10	3
45	37
99	3
67	1
13	1
25	6
86	2
87	12
28	24
3	12
45	4
14	25
55	4
93	6
95	23
87	2
19	2
47	2
37	19
22	5
58	2
91	8
27	1
28	1
70	9
93	33
55	2
93	19
11	4
40	5
86	6
13	1
57	20
77	8
76	5
94	5
95	5
27	5
12	1
26	14
88	5
98	5
80	3
3	22
26	13
48	1
20	7
19	28
71	12
72	1
44	12
30	2
1	2
63	6
61	13
97	4
10	13
43	7
36	10
32	15
91	2
24	7
90	20
37	2
40	1
57	37
73	3
25	21
93	18
90	3
78	1
6	7
36	4
81	8
96	10
37	2
42	1
95	6
6	9
43	50
39	1
80	8
37	1
40	2
94	4
34	9
71	1
62	3
90	26
29	39
5	2
23	9
77	1
29	2
52	2
78	3
21	3
5	21
64	9
90	5
77	1
32	5
66	3
52	11
87	1
44	13
97	3
89	31
88	5
6	5
91	14
81	4
44	12
72	15
32	4
16	1
87	3
6	12
92	2
11	2
90	10
72	50
72	6
63	10
80	1
50	1
3	4
33	6
70	1
6	1
68	1
61	1
20	2
10	3
75	1
40	10
77	7
54	3
23	9
63	12
35	2
72	6
45	2
36	6
59	4
67	1
13	1
31	1
96	4
42	1
15	3
38	1
44	4
96	1
58	2
19	6
22	1
82	2
45	5
84	5
9	3
80	2
32	11
5	1
54	5
1	1
31	1
16	8
81	1
43	1
20	1
83	1
51	5
11	2
32	2
50	2
95	1
64	1
43	2
4	7
