314 392 410 451 621 631 738 966 1171 1327 1857 2015 2196 2385 2461 2500 2568 2651 2686 2790 2954 2959 3527 3560 4246 4277 4432 4669 4983 5124 5277 5588 5885 5980 6154 6221 6242 6335 6465 6663 6876 6894 6941 6944 7264 7404 7458 7681 7816 7894 7909 8094 8498 8564 8570 8638 8652 8720 8776 8797 8864 9114 9121 9152 9183 9355 9422 9456 9471 9515 9752 9875 9930 9969 9993 9996 10068 10241 
97 328 392 410 451 464 621 738 886 966 1171 1225 1327 1400 1857 1902 2015 2196 2360 2385 2500 2568 2651 2686 2790 2959 3140 3326 3560 3782 4096 4246 4269 4277 4373 4432 4456 4605 4669 4938 4980 4985 5124 5277 5588 5788 5885 5980 6154 6221 6253 6396 6465 6663 6894 6944 7168 7264 7404 7458 7681 7816 7823 7870 7909 8057 8238 8498 8564 8570 8638 8720 8776 8797 8864 8865 9121 9152 9416 9422 9471 9722 9752 9790 9822 9875 9930 9969 9993 10068 10084 10241 
88 314 392 410 451 464 621 631 738 886 966 1171 1225 1327 1373 1857 2015 2385 2461 2500 2568 2651 2686 2790 2959 3560 3782 4246 4269 4277 4373 4432 4605 4669 5124 5277 5588 5679 5788 5885 5980 6154 6221 6396 6465 6663 6876 6894 6944 7264 7404 7458 7681 7816 7823 7894 7909 8057 8094 8498 8564 8570 8720 8776 8797 8846 8864 8865 9114 9121 9152 9263 9355 9416 9422 9471 9722 9752 9875 9969 9993 10241 
97 328 392 451 621 631 738 864 886 1171 1294 1327 1400 1658 1855 2385 2568 2651 2686 2790 2954 2966 3560 3782 4049 4142 4186 4373 4432 4605 4938 4980 4983 5124 5277 5465 5568 5588 5679 5788 5885 5911 5980 6154 6221 6242 6396 6663 6876 6894 6944 7264 7404 7458 7681 7816 7823 7909 8238 8498 8502 8564 8570 8720 8776 8864 9114 9121 9152 9183 9416 9422 9471 9515 9642 9722 9752 9790 9875 9969 9993 10241 
97 314 392 451 621 631 738 966 1171 1327 1373 1400 1658 1704 1855 2015 2385 2461 2500 2568 2686 2790 3560 3782 4246 4277 4432 4938 4980 4983 5124 5277 5588 5783 5885 5911 5980 6154 6221 6396 6465 6557 6663 6894 6941 6944 7264 7404 7458 7681 7816 7823 8238 8498 8502 8564 8570 8638 8720 8776 8864 9121 9122 9152 9416 9422 9471 9642 9752 9790 9875 9930 9969 9993 9996 10241 
314 392 451 543 738 1171 1327 1373 1471 1855 1857 1902 2015 2360 2385 2461 2500 2521 2568 2651 2686 2790 3518 3560 3782 4246 4277 4432 4605 4669 4983 4985 5124 5277 5588 5885 6154 6221 6396 6465 6663 6800 6894 7264 7404 7458 7681 7790 7816 7894 7909 8094 8238 8498 8564 8570 8638 8720 8776 8797 8846 8864 9121 9122 9152 9416 9422 9456 9471 9722 9752 9812 9875 9930 9969 9993 9996 10068 10241 
88 392 631 738 864 966 1171 1225 1294 1327 1373 1400 1857 2196 2385 2500 2521 2568 2651 2686 2790 3359 3560 3782 3875 4142 4246 4432 4605 4669 4854 4983 5124 5148 5277 5568 5588 5679 5788 5885 5980 5987 6154 6221 6242 6465 6557 6663 6894 6941 6944 7264 7404 7458 7816 7823 8057 8094 8238 8498 8564 8638 8720 8776 8797 8846 8864 9121 9152 9183 9416 9422 9471 9486 9515 9590 9752 9790 9875 9930 9969 9984 9993 10241 
97 314 392 410 451 621 631 738 966 1171 1225 1327 1360 1373 1400 1471 1857 2015 2224 2360 2385 2461 2500 2568 2686 2790 2959 3326 3560 3782 4246 4277 4432 4605 4669 4938 4980 4983 5124 5277 5465 5588 5885 5980 6154 6221 6396 6663 6894 6941 6944 7202 7250 7264 7359 7404 7458 7681 7816 7909 8057 8238 8498 8564 8638 8720 8776 8864 9121 9152 9416 9422 9456 9471 9642 9790 9875 9930 9969 9984 9993 9996 10038 10241 
88 328 392 543 738 864 886 1171 1225 1294 1327 1391 1400 1658 1902 2015 2196 2385 2461 2568 2651 2686 2790 3021 3359 3560 3782 3992 4142 4432 4983 5124 5148 5277 5588 5679 5783 5885 5980 5987 6154 6221 6242 6396 6465 6663 6894 6944 7264 7404 7458 7816 7909 8057 8094 8238 8498 8502 8564 8570 8638 8652 8720 8776 8864 9121 9152 9416 9422 9456 9471 9473 9642 9722 9752 9875 9969 9993 10241 
88 282 392 410 451 621 631 738 1171 1306 1327 1373 1400 1505 1704 1857 2360 2385 2500 2568 2651 2686 2790 3560 3782 3992 4186 4246 4277 4669 4938 4980 4983 5148 5277 5465 5568 5588 5679 5885 5931 5980 6221 6335 6396 6663 6876 6894 6944 7264 7404 7458 7816 7909 8564 8570 8652 8720 8776 8797 8864 9121 9152 9263 9355 9422 9456 9471 9515 9722 9752 9790 9875 9969 9993 10084 10241 
