***********CONSTRUÇÃO**************
ANTES | DEPOIS
1.67165   1.10395
1.66713   1.10451
1.67391   1.09559
1.67343   1.10671
1.67457   1.11067
1.67479   1.11603
1.67614   1.11215
1.67422   1.10364
1.67633   1.09895
1.67409   1.09018
1.67311   1.09748
1.67695   1.10035
1.67461   1.09717
1.67366   1.10676
1.67314   1.10915
1.68043   1.11937
1.67442   1.10879
1.67523   1.10467
1.67797   1.09814
1.67629   1.08948
1.67295   1.09949
1.67182   1.1024
1.67755   1.09602
1.67644   1.10665
1.67426   1.10971
1.67299   1.11533
1.67028   1.10969
1.67305   1.10128
1.67284   1.09809
1.6778   1.08807
1.68085   1.09905
1.67337   1.10265
1.67469   1.09534
1.67218   1.10601
1.67611   1.10807
1.67817   1.11212
1.67344   1.11
1.67269   1.10524
1.67311   1.09834
1.67719   1.08937
1.67114   1.10176
1.67316   1.104
1.67699   1.09391
1.67446   1.10486
1.67155   1.10882
1.66901   1.11664
1.676   1.1072
1.67794   1.1048
1.67509   1.09713
1.67347   1.0865
***********BUSCA LOCAL**************
ANTES | DEPOIS
2.64577   0.897031
2.65078   0.899619
1.76526   0.886772
1.76364   0.889277
3.11022   0.896746
3.99027   0.907348
2.19107   0.904445
4.00274   0.900037
6.21885   0.896304
3.55567   0.887749
3.54949   0.895118
1.77017   0.902891
2.64244   0.905218
3.95114   0.89913
4.01589   0.892498
3.5531   0.887014
3.09209   0.894701
3.52118   0.889168
3.552   0.893084
6.21839   0.899864
3.08282   0.89182
3.53112   0.900781
2.65079   0.914451
1.32673   0.901314
2.21952   0.915481
2.64963   0.901177
3.08857   0.892746
4.00489   0.90772
1.7506   0.898271
1.76719   0.906105
3.08796   0.896171
3.11565   0.894299
2.21798   0.904703
1.75465   0.911216
3.0881   0.907856
3.55292   0.8877
3.10261   0.903547
1.75964   0.897671
2.21954   0.888561
3.11795   0.878198
3.54058   0.887976
2.64946   0.898515
2.664   0.901866
3.55815   0.903019
1.76674   0.879775
3.95448   0.884504
3.53684   0.900066
2.65149   0.885173
2.65565   0.896876
1.32519   0.890044
