***********CONSTRUÇÃO**************
ANTES | DEPOIS
0.219135   0.13485
0.221472   0.126333
0.221083   0.134257
0.219872   0.134237
0.225471   0.110432
0.219041   0.11132
0.224754   0.106885
0.220775   0.112852
0.21937   0.111482
0.220801   0.108982
0.224346   0.12951
0.218722   0.126482
0.223696   0.134239
0.222447   0.13404
0.21927   0.110233
0.21888   0.110952
0.220898   0.106654
0.218405   0.112711
0.219533   0.110846
0.221967   0.108884
0.219051   0.130683
0.220383   0.126343
0.220287   0.133934
0.225077   0.133555
0.225059   0.110682
0.218846   0.111281
0.219939   0.106456
0.222014   0.113483
0.218324   0.111487
0.219567   0.109008
0.222619   0.130586
0.22117   0.127286
0.219571   0.134557
0.217433   0.134219
0.225265   0.110293
0.217044   0.11109
0.224314   0.106391
0.225766   0.112883
0.225001   0.111261
0.2179   0.108881
0.223233   0.13062
0.219087   0.126709
0.223102   0.133742
0.218754   0.133313
0.222999   0.110425
0.218669   0.111509
0.223051   0.106759
0.221841   0.113346
0.219511   0.111253
0.218985   0.109048
***********BUSCA LOCAL**************
ANTES | DEPOIS
0.095907   0.12615
0.121464   0.110452
0.122638   0.123037
0.112733   0.122151
0.166026   0.118011
0.112053   0.103874
0.100061   0.126463
0.095529   0.118895
0.102524   0.121327
0.185638   0.124594
0.117765   0.128905
0.109031   0.120167
0.105121   0.124891
0.174835   0.114572
0.111766   0.123703
0.117891   0.130062
0.100049   0.122872
0.118817   0.121822
0.105301   0.109876
0.116912   0.113977
0.111826   0.129201
0.114066   0.133409
0.112123   0.126017
0.100896   0.126251
0.121036   0.111953
0.105711   0.127213
0.105445   0.112787
0.123587   0.126118
0.120158   0.111229
0.169198   0.115295
0.104168   0.127797
0.112326   0.123305
0.105527   0.131473
0.114178   0.12838
0.106445   0.126813
0.110158   0.109523
0.104229   0.125627
0.164283   0.114793
0.176377   0.11352
0.111447   0.118032
0.112816   0.137739
0.104075   0.123079
0.108672   0.132205
0.111871   0.119842
0.100489   0.115321
0.096438   0.118851
0.108665   0.108384
0.110555   0.114443
0.106362   0.111674
0.117929   0.115821
