Tamanho    Peso
239  7817
236  7884
240  8093
241  7908
260  7981
254  7826
256  7903
259  7956
261  8007
255  7733
237  7831
238  7870
242  8192
238  7817
257  7895
254  7851
256  7912
261  8050
259  7949
256  7787
240  7843
236  7785
241  8107
235  7862
259  7955
254  7810
253  7816
261  7943
260  7922
258  7864
243  7915
241  7938
243  8097
238  7824
258  7878
257  7908
255  7877
261  8062
257  7857
259  7902
240  7894
240  8040
237  8062
233  7752
258  7947
257  7996
257  7932
259  7954
257  7871
256  7778

Time taken: 12
